A1,A2,A3,label
1.0,1.0,1.0,0
1.0,1.0,1.0,0
1.0,1.0,1.0,0
1.0,1.0,1.0,0
1.0,1.0,1.0,0
1.0,1.0,1.0,0
1.0,1.0,1.0,0
1.0,1.0,1.0,0
1.0,1.0,1.0,0
1.0,1.0,1.0,0
1.0,1.0,1.0,0
1.0,1.0,1.0,0
1.0,1.0,1.0,0
1.0,1.0,1.0,0
1.0,1.0,1.0,0
1.0,1.0,1.0,0
1.0,1.0,1.0,0
1.0,1.0,1.0,0
1.0,1.0,1.0,0
1.0,1.0,1.0,0
1.0,1.0,1.0,0
1.0,1.0,1.0,0
1.0,1.0,1.0,0
1.0,1.0,1.0,0
1.0,1.0,1.0,0
1.0,1.0,1.0,0
1.0,1.0,1.0,0
1.0,1.0,1.0,0
1.0,1.0,1.0,0
1.0,1.0,1.0,0
1.0,1.0,1.0,0
1.0,1.0,1.0,0
1.0,1.0,1.0,0
0.9686600000000001,0.97,0.9696600000000001,0
0.96899,0.9698399999999999,0.96916,0
0.97344,0.9709200000000001,0.9644299999999999,0
0.97925,0.9741799999999999,0.9608399999999999,0
0.98435,0.9798399999999999,0.9610700000000001,0
0.9877,0.98754,0.96535,0
0.9885200000000001,0.99635,0.97316,0
0.9865,1.0049,0.98331,0
0.9817100000000001,1.0113,0.9940899999999999,0
0.97462,1.0137,1.0036,0
0.9660299999999999,1.0106,1.0098,0
0.95696,1.0009,1.011,0
0.94857,0.98446,1.006,0
0.94201,0.96191,0.99419,0
0.9383,0.9350700000000001,0.9758100000000001,0
0.9381,0.90676,0.9521299999999999,0
0.94163,0.8806299999999999,0.9253899999999999,0
0.9485399999999999,0.8606600000000001,0.8987,0
0.9579700000000001,0.85041,0.8756,0
0.9686,0.8519899999999999,0.8595200000000001,0
0.97893,0.86531,0.8529399999999999,0
0.9875200000000001,0.8879100000000001,0.85682,0
0.9931700000000001,0.9155399999999999,0.87029,0
0.99515,0.9431799999999999,0.8909299999999999,0
0.99326,0.96595,0.91528,0
0.9878100000000001,0.9797299999999999,0.9395399999999999,0
0.97959,0.9815799999999999,0.9600299999999999,0
0.96973,0.9699,0.9736100000000001,0
0.9595899999999999,0.9446399999999999,0.97793,0
0.9506,0.90756,0.9716299999999999,0
0.9440799999999999,0.86239,0.9545399999999999,0
0.94111,0.81505,0.92769,0
0.94232,0.77347,0.89338,0
0.94785,0.74659,0.85509,0
0.9572200000000001,0.74187,0.81735,0
0.9658700000000001,0.75718,0.7864800000000001,0
0.9718200000000001,0.78725,0.7675,0
0.9769399999999999,0.8285600000000001,0.76273,0
0.9807,0.87341,0.77271,0
0.9828100000000001,0.9152,0.79528,0
0.98325,0.9490799999999999,0.82624,0
0.9822299999999999,0.9719899999999999,0.8604799999999999,0
0.98011,0.9823799999999999,0.89299,0
0.97736,0.9800399999999999,0.91951,0
0.9744700000000001,0.9660200000000001,0.9368799999999999,0
0.97188,0.9426200000000001,0.94324,0
0.96993,0.91333,0.9380299999999999,0
0.9688100000000001,0.8826700000000001,0.9219700000000001,0
0.96851,0.8557600000000001,0.89694,0
0.9688399999999999,0.83746,0.86587,0
0.9695299999999999,0.83114,0.8325600000000001,0
0.97024,0.8376299999999999,0.8014,0
0.97075,0.8549899999999999,0.77699,0
0.97098,0.8794299999999999,0.76346,0
0.97096,0.90661,0.76356,0
0.9708399999999999,0.93271,0.77791,0
0.9707399999999999,0.95485,0.8046399999999999,0
0.97072,0.9711799999999999,0.83988,0
0.97075,0.98085,0.87871,0
0.97078,0.9839,0.9161600000000001,0
0.97073,0.98114,0.9480700000000001,0
0.9706,0.9740000000000001,0.9714799999999999,0
0.9704200000000001,0.9642799999999999,0.9848399999999999,0
0.9702799999999999,0.95391,0.988,0
0.9702200000000001,0.9445899999999999,0.9820200000000001,0
0.97024,0.93755,0.96898,0
0.97026,0.9334,0.9516600000000001,0
0.97019,0.93214,0.93322,0
0.96996,0.93345,0.9168200000000001,0
0.96957,0.9369299999999999,0.9052100000000001,0
0.9691,0.94211,0.9003399999999999,0
0.9686600000000001,0.94829,0.9029299999999999,0
0.96835,0.9545299999999999,0.91238,0
0.9682200000000001,0.9598399999999999,0.9269299999999999,0
0.9682799999999999,0.96354,0.9440799999999999,0
0.9684799999999999,0.9654200000000001,0.9612,0
0.96875,0.96572,0.97606,0
0.96903,0.9650299999999999,0.98715,0
0.9693,0.96405,0.99384,0
0.96952,0.96336,0.99625,0
0.96967,0.9632799999999999,0.9950399999999999,0
0.96975,0.96375,0.99115,0
0.9697100000000001,0.96446,0.9856600000000001,0
0.96955,0.9650200000000001,0.9796299999999999,0
0.96924,0.96521,0.97406,0
0.96883,0.9650799999999999,0.96977,0
0.9683700000000001,0.96491,0.9673200000000001,0
0.9679200000000001,0.96498,0.9668100000000001,0
0.96755,0.96535,0.9678,0
0.96734,0.9658700000000001,0.9695,0
0.9673299999999999,0.96634,0.97104,0
0.96752,0.9666,0.9718399999999999,0
0.9679,0.9666799999999999,0.97177,0
0.9684200000000001,0.96672,0.97115,0
0.9690000000000001,0.96696,0.97046,0
0.96955,0.96755,0.9700799999999999,0
0.96999,0.96855,0.9701700000000001,0
0.97025,0.96983,0.9706100000000001,0
0.9702799999999999,0.97116,0.97116,0
0.9700799999999999,0.97225,0.9716,0
0.96967,0.9728600000000001,0.97183,0
0.96909,0.97288,0.9719,0
0.9684299999999999,0.9723200000000001,0.9719399999999999,0
0.9677899999999999,0.9712700000000001,0.972,0
0.96725,0.96991,0.97203,0
0.9668899999999999,0.9684299999999999,0.9718200000000001,0
0.9667600000000001,0.9670200000000001,0.97115,0
0.9668700000000001,0.96586,0.9698899999999999,0
0.96719,0.9651,0.96814,0
0.9676600000000001,0.9649,0.9661799999999999,0
0.96821,0.9653299999999999,0.96444,0
0.96875,0.9664299999999999,0.96329,0
0.9692,0.9680799999999999,0.96295,0
0.9695,0.97009,0.96345,0
0.96962,0.97219,0.9646299999999999,0
0.96954,0.97404,0.9662700000000001,0
0.96929,0.97535,0.96809,0
0.96893,0.9759,0.96985,0
0.9685,0.97556,0.97135,0
0.96809,0.97434,0.9724,0
0.9677399999999999,0.9723700000000001,0.9728600000000001,0
0.96751,0.9699200000000001,0.9726,0
0.9674,0.9673299999999999,0.97157,0
0.9674200000000001,0.96495,0.96985,0
0.9675299999999999,0.9631299999999999,0.9676,0
0.9677,0.9621200000000001,0.9651200000000001,0
0.96788,0.96209,0.9627700000000001,0
0.96805,0.96306,0.9609200000000001,0
0.9681700000000001,0.96493,0.95988,0
0.9682299999999999,0.96745,0.95986,0
0.9682200000000001,0.97026,0.9608899999999999,0
0.96816,0.97295,0.96288,0
0.96809,0.97514,0.96555,0
0.9680200000000001,0.97651,0.96852,0
0.96799,0.9768700000000001,0.97136,0
0.9680200000000001,0.9761700000000001,0.9736600000000001,0
0.96811,0.97452,0.97509,0
0.96824,0.97215,0.9754200000000001,0
0.9683700000000001,0.9694,0.97456,0
0.96846,0.9666600000000001,0.9726,0
0.96849,0.9643,0.9697600000000001,0
0.9684299999999999,0.9626399999999999,0.9664,0
0.9683,0.96191,0.96301,0
0.9681,0.9621799999999999,0.96006,0
0.96785,0.96342,0.95799,0
0.96759,0.9654200000000001,0.9571299999999999,0
0.96735,0.9678899999999999,0.9575899999999999,0
0.9671700000000001,0.97047,0.9593200000000001,0
0.9670799999999999,0.97278,0.96205,0
0.9671200000000001,0.97452,0.9653700000000001,0
0.96729,0.97545,0.9688100000000001,0
0.96759,0.9754799999999999,0.9718600000000001,0
0.9679700000000001,0.97462,0.97411,0
0.9683799999999999,0.9730200000000001,0.97526,0
0.9687399999999999,0.97093,0.97515,0
0.96899,0.96864,0.9738100000000001,0
0.96909,0.96647,0.97141,0
0.9690200000000001,0.96472,0.96829,0
0.9687899999999999,0.9636299999999999,0.9648899999999999,0
0.96844,0.9633,0.9616899999999999,0
0.9680200000000001,0.9637700000000001,0.95915,0
0.9675799999999999,0.96491,0.9576,0
0.9671799999999999,0.96652,0.9572700000000001,0
0.9668700000000001,0.96836,0.95816,0
0.9666899999999999,0.97015,0.96011,0
0.9666799999999999,0.97164,0.9628,0
0.9668399999999999,0.97265,0.9658399999999999,0
0.96714,0.9730700000000001,0.96877,0
0.9675600000000001,0.9728700000000001,0.97121,0
0.96803,0.97209,0.9728100000000001,0
0.96847,0.9708700000000001,0.97339,0
0.9688200000000001,0.96939,0.97291,0
0.9690200000000001,0.96786,0.9714700000000001,0
0.96905,0.9665,0.96929,0
0.9689,0.9655,0.96672,0
0.96859,0.9649700000000001,0.96411,0
0.9681799999999999,0.96495,0.96183,0
0.9677100000000001,0.96541,0.9601799999999999,0
0.96725,0.96621,0.9593700000000001,0
0.96686,0.9672200000000001,0.9594799999999999,0
0.96659,0.96825,0.9604600000000001,0
0.9664799999999999,0.96916,0.9621299999999999,0
0.9665299999999999,0.9698399999999999,0.96425,0
0.96675,0.97021,0.9665,0
0.9671,0.9702700000000001,0.96854,0
0.9675299999999999,0.9700200000000001,0.9701,0
0.9679700000000001,0.96952,0.9709899999999999,0
0.96836,0.96886,0.97111,0
0.9686299999999999,0.96814,0.97049,0
0.9687600000000001,0.96746,0.9692799999999999,0
0.96872,0.96693,0.9676799999999999,0
0.96852,0.9666100000000001,0.9659399999999999,0
0.96819,0.96652,0.96431,0
0.96778,0.9666299999999999,0.96301,0
0.96734,0.9668700000000001,0.96219,0
0.96693,0.96716,0.9619200000000001,0
0.9666,0.9674200000000001,0.9622200000000001,0
0.9664,0.96759,0.963,0
0.96635,0.96764,0.96415,0
0.96646,0.9676,0.9654799999999999,0
0.9667,0.96749,0.9668,0
0.96704,0.9673700000000001,0.9679,0
0.9674299999999999,0.9672799999999999,0.9686600000000001,0
0.9678100000000001,0.96725,0.9689700000000001,0
0.9681200000000001,0.96729,0.96885,0
0.9683200000000001,0.96741,0.96835,0
0.9683799999999999,0.9676,0.9676100000000001,0
0.96829,0.9678399999999999,0.96677,0
0.9680799999999999,0.9680700000000001,0.96596,0
0.9677600000000001,0.96824,0.9653,0
0.9673799999999999,0.96826,0.96486,0
0.9670000000000001,0.9681,0.96465,0
0.9666600000000001,0.96772,0.96467,0
0.96641,0.96715,0.9648899999999999,0
0.9662700000000001,0.96645,0.96526,0
0.9662700000000001,0.96575,0.9657,0
0.96641,0.96516,0.9661299999999999,0
0.96665,0.9648,0.9665,0
0.9669700000000001,0.9647399999999999,0.9667399999999999,0
0.9673,0.965,0.96683,0
0.9676100000000001,0.96555,0.9667899999999999,0
0.9678399999999999,0.96631,0.9666799999999999,0
0.9679700000000001,0.9671799999999999,0.9665600000000001,0
0.9679700000000001,0.96803,0.9665,0
0.96785,0.96875,0.96654,0
0.96764,0.96921,0.9666899999999999,0
0.96735,0.96935,0.9669200000000001,0
0.96703,0.96911,0.96716,0
0.96672,0.9684799999999999,0.96734,0
0.96646,0.96754,0.9674,0
0.9662799999999999,0.9664,0.96731,0
0.96621,0.9652200000000001,0.96705,0
0.96625,0.9641799999999999,0.96665,0
0.96639,0.96344,0.96616,0
0.9666100000000001,0.9631299999999999,0.9656299999999999,0
0.96688,0.96329,0.96514,0
0.96714,0.9639,0.9647899999999999,0
0.96736,0.96485,0.9646600000000001,0
0.96752,0.96601,0.9648100000000001,0
0.9675799999999999,0.9672299999999999,0.9652799999999999,0
0.96755,0.96831,0.9660299999999999,0
0.9674299999999999,0.9691299999999999,0.96699,0
0.9672299999999999,0.9695600000000001,0.96801,0
0.9670000000000001,0.96952,0.96891,0
0.9667399999999999,0.9690200000000001,0.96955,0
0.9665,0.9681,0.9698100000000001,0
0.9663200000000001,0.9668899999999999,0.96962,0
0.9662,0.96555,0.9690200000000001,0
0.9661700000000001,0.9642799999999999,0.9680799999999999,0
0.9662299999999999,0.96325,0.9669399999999999,0
0.96636,0.9626299999999999,0.9657399999999999,0
0.96655,0.96249,0.9646600000000001,0
0.9667600000000001,0.96286,0.9638399999999999,0
0.96696,0.96368,0.96342,0
0.9671200000000001,0.9648200000000001,0.9634799999999999,0
0.96721,0.96611,0.9640299999999999,0
0.9672299999999999,0.96739,0.9650299999999999,0
0.9671799999999999,0.96846,0.96635,0
0.9670700000000001,0.9691799999999999,0.9678,0
0.9669,0.96945,0.96916,0
0.9667100000000001,0.9692299999999999,0.97024,0
0.9665100000000001,0.96855,0.9708600000000001,0
0.96634,0.96749,0.97093,0
0.96621,0.96621,0.97046,0
0.96614,0.96488,0.9695,0
0.96615,0.9636899999999999,0.96819,0
0.96621,0.96281,0.96673,0
0.9663299999999999,0.96236,0.96531,0
0.9664799999999999,0.96241,0.9641200000000001,0
0.9666299999999999,0.96294,0.9633299999999999,0
0.96677,0.96388,0.96305,0
0.96686,0.9650799999999999,0.96334,0
0.96691,0.9663700000000001,0.96416,0
0.9669,0.9675799999999999,0.96541,0
0.9668399999999999,0.9685299999999999,0.9669,0
0.96675,0.96909,0.9684299999999999,0
0.96662,0.96919,0.96977,0
0.9664799999999999,0.9688100000000001,0.97072,0
0.96634,0.96801,0.9711700000000001,0
0.9662299999999999,0.9669,0.97104,0
0.96615,0.9656399999999999,0.97036,0
0.9661200000000001,0.9644,0.9692299999999999,0
0.96614,0.96336,0.9678100000000001,0
0.9662,0.9626600000000001,0.96629,0
0.96629,0.96241,0.9648899999999999,0
0.96639,0.96262,0.9637899999999999,0
0.96649,0.9632700000000001,0.96315,0
0.96657,0.96425,0.9630700000000001,0
0.96662,0.9654299999999999,0.96355,0
0.9666399999999999,0.9666399999999999,0.96452,0
0.96662,0.9676899999999999,0.96585,0
0.96657,0.96846,0.96734,0
0.9665,0.9688399999999999,0.96878,0
0.96641,0.96877,0.96996,0
0.96631,0.9682700000000001,0.97073,0
0.9662200000000001,0.9674200000000001,0.9709700000000001,0
0.96614,0.96634,0.97067,0
0.9661,0.9651799999999999,0.96986,0
0.96609,0.9641,0.9686600000000001,0
0.96611,0.96326,0.96724,0
0.96616,0.9627700000000001,0.9658,0
0.9662200000000001,0.9627,0.9645299999999999,0
0.9663,0.9630299999999999,0.9636100000000001,0
0.96636,0.9637399999999999,0.9631700000000001,0
0.96641,0.9647,0.9632700000000001,0
0.96644,0.96577,0.9638899999999999,0
0.96644,0.9668200000000001,0.96493,0
0.9664200000000001,0.9676899999999999,0.96624,0
0.9663799999999999,0.96825,0.96764,0
0.9663200000000001,0.96845,0.9689200000000001,0
0.96625,0.96825,0.96991,0
0.9661799999999999,0.9676899999999999,0.97047,0
0.9661200000000001,0.96686,0.9705299999999999,0
0.9660700000000001,0.9658700000000001,0.9700799999999999,0
0.96605,0.9648700000000001,0.9692,0
0.96604,0.9640000000000001,0.96801,0
0.96606,0.9633700000000001,0.9666799999999999,0
0.9661,0.9630700000000001,0.9653799999999999,0
0.96616,0.96314,0.96431,0
0.96621,0.96355,0.9636,0
0.96625,0.96425,0.96336,0
0.96629,0.9651200000000001,0.9636,0
0.9663,0.96605,0.9643,0
0.9663,0.96691,0.96535,0
0.9662799999999999,0.96757,0.9665799999999999,0
0.96625,0.9679399999999999,0.9678200000000001,0
0.9662,0.96799,0.9688899999999999,0
0.96615,0.9677,0.9696600000000001,0
0.96609,0.96714,0.97001,0
0.96605,0.9663799999999999,0.96991,0
0.96601,0.9655299999999999,0.9693799999999999,0
0.966,0.96473,0.9685,0
0.966,0.9640700000000001,0.96739,0
0.9660200000000001,0.96365,0.9662,0
0.96606,0.9635100000000001,0.96511,0
0.9661,0.96368,0.96426,0
0.96614,0.96411,0.9637600000000001,0
0.9661700000000001,0.9647399999999999,0.9636899999999999,0
0.9662,0.96549,0.96404,0
0.96621,0.9662299999999999,0.9647600000000001,0
0.9662,0.96688,0.9657399999999999,0
0.9661799999999999,0.96734,0.9668200000000001,0
0.96615,0.96755,0.96786,0
0.96611,0.9674799999999999,0.9687100000000001,0
0.9660700000000001,0.9671700000000001,0.96926,0
0.9660299999999999,0.96665,0.96944,0
0.96599,0.96601,0.9692299999999999,0
0.9659700000000001,0.96535,0.96867,0
0.96596,0.96475,0.96783,0
0.9659700000000001,0.9643,0.96685,0
0.96599,0.96406,0.9658399999999999,0
0.9660200000000001,0.96404,0.9649700000000001,0
0.96606,0.96425,0.9643299999999999,0
0.96609,0.96465,0.9640299999999999,0
0.9661200000000001,0.9651799999999999,0.96409,0
0.96614,0.9657600000000001,0.9645,0
0.96614,0.96631,0.96519,0
0.9661299999999999,0.9667600000000001,0.96605,0
0.9661200000000001,0.96704,0.96695,0
0.96609,0.9671200000000001,0.96778,0
0.96605,0.9670000000000001,0.9684200000000001,0
0.9660200000000001,0.9667,0.96877,0
0.96598,0.9662700000000001,0.9688100000000001,0
0.96596,0.9657899999999999,0.96854,0
0.9659399999999999,0.96531,0.96799,0
0.9659399999999999,0.9649200000000001,0.96725,0
0.96595,0.96465,0.9664200000000001,0
0.9659700000000001,0.96454,0.9656100000000001,0
0.966,0.96459,0.96495,0
0.9660299999999999,0.9648,0.9645100000000001,0
0.96606,0.9651299999999999,0.96436,0
0.9660799999999999,0.96552,0.9645100000000001,0
0.96609,0.96593,0.96493,0
0.96609,0.9663,0.96554,0
0.96609,0.96657,0.96626,0
0.9660700000000001,0.9667100000000001,0.96698,0
0.96605,0.96672,0.9676,0
0.9660200000000001,0.9665799999999999,0.96804,0
0.96599,0.96634,0.96824,0
0.96596,0.9660299999999999,0.9681799999999999,0
0.9659399999999999,0.9657,0.96788,0
0.96593,0.9654,0.96739,0
0.96593,0.9651700000000001,0.96677,0
0.9659399999999999,0.96504,0.9661200000000001,0
0.96596,0.9650200000000001,0.9655299999999999,0
0.96598,0.96509,0.9650700000000001,0
0.96601,0.96526,0.9648100000000001,0
0.9660299999999999,0.96549,0.9647700000000001,0
0.96605,0.96575,0.96496,0
0.96606,0.96601,0.96534,0
0.96606,0.9662200000000001,0.96583,0
0.96606,0.9663700000000001,0.9663799999999999,0
0.96604,0.9664200000000001,0.9668899999999999,0
0.9660200000000001,0.96639,0.96729,0
0.966,0.9662799999999999,0.96755,0
0.9659700000000001,0.96611,0.96762,0
0.96595,0.96591,0.96752,0
0.96593,0.96572,0.96725,0
0.96593,0.9655600000000001,0.96686,0
0.96593,0.96546,0.9664200000000001,0
0.9659399999999999,0.96541,0.9659700000000001,0
0.96596,0.9654299999999999,0.9655799999999999,0
0.96598,0.9655,0.96531,0
0.96601,0.9656100000000001,0.9651799999999999,0
0.9660299999999999,0.96575,0.96521,0
0.96604,0.9658899999999999,0.96539,0
0.96605,0.9660299999999999,0.9656799999999999,0
0.96605,0.9661299999999999,0.9660200000000001,0
0.96604,0.9661799999999999,0.9663799999999999,0
0.9660299999999999,0.96619,0.9666899999999999,0
0.96601,0.96615,0.96693,0
0.96599,0.9660799999999999,0.96705,0
0.9659700000000001,0.96598,0.96705,0
0.96595,0.9658899999999999,0.96695,0
0.9659399999999999,0.9658100000000001,0.96675,0
0.9659399999999999,0.96575,0.9664799999999999,0
0.9659399999999999,0.96573,0.96619,0
0.96596,0.96572,0.9659200000000001,0
0.9659700000000001,0.96575,0.9656899999999999,0
0.96599,0.9657899999999999,0.96555,0
0.96601,0.9658399999999999,0.9655,0
0.9660299999999999,0.96591,0.96555,0
0.96604,0.9659700000000001,0.9656899999999999,0
0.96605,0.9660200000000001,0.96588,0
0.96605,0.96606,0.9661,0
0.96604,0.9660700000000001,0.96631,0
0.9660299999999999,0.9660700000000001,0.9664799999999999,0
0.9660200000000001,0.96604,0.96659,0
0.966,0.966,0.9666399999999999,0
0.96598,0.96596,0.9666100000000001,0
0.9659700000000001,0.96593,0.9665299999999999,0
0.96596,0.9659,0.9664,0
0.96596,0.9658899999999999,0.96625,0
0.96596,0.9658899999999999,0.9660799999999999,0
0.96598,0.9658899999999999,0.9659399999999999,0
0.96599,0.96591,0.96583,0
0.96601,0.96593,0.9657600000000001,0
0.9660299999999999,0.96596,0.9657600000000001,0
0.96605,0.96599,0.9658100000000001,0
0.96606,0.9660200000000001,0.9658899999999999,0
0.96606,0.96604,0.966,0
0.96606,0.96605,0.96611,0
0.96606,0.96606,0.96621,0
0.96605,0.96605,0.9662799999999999,0
0.9660299999999999,0.9660299999999999,0.9663299999999999,0
0.9660200000000001,0.96601,0.96634,0
0.966,0.96599,0.9663200000000001,0
0.96599,0.96598,0.9662799999999999,0
0.96599,0.9659700000000001,0.96621,0
0.96599,0.96596,0.9661299999999999,0
0.96599,0.96596,0.96606,0
0.96601,0.9659700000000001,0.96599,0
0.9660200000000001,0.96599,0.9659399999999999,0
0.96604,0.966,0.96591,0
0.96606,0.9660200000000001,0.9659200000000001,0
0.9660700000000001,0.96604,0.96595,0
0.9660799999999999,0.96606,0.96599,0
0.96609,0.9660700000000001,0.96605,0
0.96609,0.9660799999999999,0.9661,0
0.9660799999999999,0.9660799999999999,0.96615,0
0.9660700000000001,0.9660700000000001,0.96619,0
0.96606,0.96606,0.96621,0
0.96605,0.96604,0.96621,0
0.9660299999999999,0.9660299999999999,0.9662,0
0.9660200000000001,0.9660200000000001,0.9661799999999999,0
0.9660200000000001,0.96601,0.96615,0
0.9660200000000001,0.96601,0.9661,0
0.9660299999999999,0.96601,0.96606,0
0.96604,0.9660200000000001,0.9660299999999999,0
0.96606,0.96604,0.966,0
0.9660799999999999,0.96605,0.96599,0
0.96609,0.9660700000000001,0.96599,0
0.96611,0.9660799999999999,0.96601,0
0.96611,0.9661,0.96604,0
0.9661200000000001,0.9661,0.9660799999999999,0
0.9661200000000001,0.96611,0.9661200000000001,0
0.96611,0.9661,0.96615,0
0.9661,0.96609,0.9661700000000001,0
0.96609,0.9660799999999999,0.96619,0
0.9660799999999999,0.9660700000000001,0.96619,0
0.9660700000000001,0.96606,0.96619,0
0.96606,0.96605,0.9661700000000001,0
0.96606,0.96605,0.96615,0
0.96606,0.96606,0.9661200000000001,0
0.9660700000000001,0.96606,0.96609,0
0.96609,0.9660700000000001,0.96606,0
0.9661,0.96609,0.96604,0
0.9661200000000001,0.9661,0.9660299999999999,0
0.9661299999999999,0.9661200000000001,0.96604,0
0.96615,0.9661299999999999,0.96606,0
0.96615,0.96614,0.96609,0
0.96616,0.96614,0.9661200000000001,0
0.96616,0.96614,0.96615,0
0.96615,0.9661299999999999,0.9661799999999999,0
0.96614,0.9661299999999999,0.9662,0
0.9661299999999999,0.9661200000000001,0.9662200000000001,0
0.9661200000000001,0.96611,0.9662200000000001,0
0.96611,0.9661,0.96621,0
0.9661,0.9661,0.9662,0
0.9661,0.9661,0.9661700000000001,0
0.96611,0.96611,0.96615,0
0.9661200000000001,0.9661200000000001,0.9661200000000001,0
0.9661299999999999,0.9661299999999999,0.9661,0
0.96615,0.96614,0.9660799999999999,0
0.96616,0.96616,0.9660799999999999,0
0.9661799999999999,0.9661700000000001,0.96609,0
0.96619,0.9661700000000001,0.96611,0
0.9662,0.9661799999999999,0.96614,0
0.9662,0.9661799999999999,0.9661700000000001,0
0.9662,0.9661700000000001,0.9662,0
0.96619,0.9661700000000001,0.9662299999999999,0
0.9661799999999999,0.96616,0.96625,0
0.9661700000000001,0.96616,0.96626,0
0.96616,0.96615,0.96626,0
0.96616,0.96615,0.96625,0
0.96615,0.96616,0.9662299999999999,0
0.96615,0.96616,0.96621,0
0.96616,0.9661700000000001,0.96619,0
0.9661700000000001,0.9661799999999999,0.96616,0
0.9661799999999999,0.96619,0.96615,0
0.9662,0.9662,0.96614,0
0.9662200000000001,0.96621,0.96614,0
0.9662299999999999,0.9662200000000001,0.96615,0
0.96624,0.9662200000000001,0.9661700000000001,0
0.96625,0.9662200000000001,0.9662,0
0.96625,0.9662200000000001,0.9662299999999999,0
0.96624,0.96621,0.96625,0
0.96624,0.96621,0.9662799999999999,0
0.9662299999999999,0.9662,0.96629,0
0.9662200000000001,0.9662,0.9663,0
0.96621,0.9662,0.9663,0
0.9662,0.96621,0.96629,0
0.9662,0.96621,0.9662700000000001,0
0.9662,0.9662200000000001,0.96625,0
0.96621,0.9662299999999999,0.9662299999999999,0
0.9662200000000001,0.96624,0.96621,0
0.96624,0.96625,0.9662,0
0.96625,0.96626,0.96619,0
0.9662700000000001,0.96626,0.9662,0
0.9662799999999999,0.9662700000000001,0.96621,0
0.96629,0.9662700000000001,0.9662299999999999,0
0.9663,0.96626,0.96625,0
0.9663,0.96626,0.9662799999999999,0
0.96629,0.96626,0.9663,0
0.96629,0.96625,0.9663200000000001,0
0.9662799999999999,0.96625,0.96634,0
0.9662700000000001,0.96625,0.96634,0
0.96626,0.96626,0.96634,0
0.96625,0.9662700000000001,0.9663299999999999,0
0.96625,0.9662799999999999,0.9663200000000001,0
0.96626,0.96629,0.9663,0
0.9662700000000001,0.9663,0.9662799999999999,0
0.9662799999999999,0.9663,0.96626,0
0.96629,0.96631,0.96625,0
0.96631,0.9663200000000001,0.96625,0
0.9663200000000001,0.9663200000000001,0.96626,0
0.9663299999999999,0.9663200000000001,0.9662700000000001,0
0.96634,0.96631,0.96629,0
0.96635,0.96631,0.96631,0
0.96635,0.96631,0.9663299999999999,0
0.96634,0.9663,0.96635,0
0.96634,0.9663,0.9663700000000001,0
0.9663299999999999,0.9663,0.9663799999999999,0
0.9663200000000001,0.96631,0.9663799999999999,0
0.96631,0.96631,0.9663799999999999,0
0.96631,0.9663200000000001,0.9663700000000001,0
0.96631,0.96634,0.96636,0
0.96631,0.96635,0.96635,0
0.9663200000000001,0.96636,0.9663299999999999,0
0.9663299999999999,0.96636,0.9663200000000001,0
0.96635,0.9663700000000001,0.96631,0
0.96636,0.9663700000000001,0.96631,0
0.9663799999999999,0.9663700000000001,0.9663200000000001,0
0.96639,0.9663700000000001,0.9663299999999999,0
0.9664,0.96636,0.96635,0
0.9664,0.96636,0.9663700000000001,0
0.9664,0.96635,0.96639,0
0.96639,0.96635,0.96641,0
0.9663799999999999,0.96635,0.9664200000000001,0
0.9663799999999999,0.96636,0.9664299999999999,0
0.9663700000000001,0.96636,0.9664299999999999,0
0.96636,0.9663700000000001,0.9664299999999999,0
0.96636,0.9663799999999999,0.9664200000000001,0
0.96636,0.96639,0.96641,0
0.9663700000000001,0.96641,0.96639,0
0.9663799999999999,0.96641,0.9663799999999999,0
0.96639,0.9664200000000001,0.9663700000000001,0
0.96641,0.9664200000000001,0.96636,0
0.9664200000000001,0.9664200000000001,0.9663700000000001,0
0.9664299999999999,0.9664200000000001,0.9663700000000001,0
0.96644,0.9664200000000001,0.96639,0
0.96645,0.96641,0.9664,0
0.96645,0.96641,0.9664200000000001,0
0.96645,0.9664,0.96644,0
0.96644,0.9664,0.96646,0
0.9664299999999999,0.9664,0.96647,0
0.9664200000000001,0.96641,0.9664799999999999,0
0.9664200000000001,0.9664200000000001,0.9664799999999999,0
0.96641,0.9664299999999999,0.96647,0
0.96641,0.96644,0.96647,0
0.96641,0.96645,0.96645,0
0.9664200000000001,0.96646,0.96644,0
0.9664299999999999,0.96647,0.9664299999999999,0
0.96645,0.96647,0.9664200000000001,0
0.96646,0.9664799999999999,0.9664200000000001,0
0.9664799999999999,0.96647,0.9664200000000001,0
0.96649,0.96647,0.9664299999999999,0
0.9665,0.96646,0.96644,0
0.9665,0.96646,0.96646,0
0.9665,0.96645,0.9664799999999999,0
0.9665,0.96645,0.96649,0
0.96649,0.96645,0.9665100000000001,0
0.9664799999999999,0.96645,0.96652,0
0.96647,0.96646,0.96652,0
0.96646,0.96647,0.96652,0
0.96646,0.96649,0.96652,0
0.96646,0.9665,0.9665100000000001,0
0.96647,0.9665100000000001,0.9665,0
0.96647,0.96652,0.96649,0
0.96649,0.96652,0.9664799999999999,0
0.9665,0.9665299999999999,0.96647,0
0.96652,0.9665299999999999,0.96647,0
0.9665299999999999,0.96652,0.96647,0
0.96654,0.96652,0.9664799999999999,0
0.96655,0.9665100000000001,0.9665,0
0.96655,0.9665,0.9665100000000001,0
0.96655,0.9665,0.9665299999999999,0
0.96654,0.9665,0.96655,0
0.96654,0.9665,0.9665600000000001,0
0.9665299999999999,0.9665100000000001,0.96657,0
0.96652,0.96652,0.96657,0
0.9665100000000001,0.9665299999999999,0.96657,0
0.9665100000000001,0.96654,0.9665600000000001,0
0.9665100000000001,0.96655,0.9665600000000001,0
0.96652,0.9665600000000001,0.96655,0
0.9665299999999999,0.96657,0.9665299999999999,0
0.96654,0.96657,0.9665299999999999,0
0.96655,0.9665799999999999,0.96652,0
0.96657,0.96657,0.96652,0
0.9665799999999999,0.96657,0.9665299999999999,0
0.96659,0.9665600000000001,0.96654,0
0.96659,0.96655,0.96655,0
0.9666,0.96655,0.96657,0
0.96659,0.96654,0.9665799999999999,0
0.96659,0.96654,0.9666,0
0.9665799999999999,0.96655,0.9666100000000001,0
0.96657,0.9665600000000001,0.9666100000000001,0
0.9665600000000001,0.96657,0.96662,0
0.9665600000000001,0.9665799999999999,0.9666100000000001,0
0.9665600000000001,0.96659,0.9666100000000001,0
0.9665600000000001,0.9666,0.9666,0
0.96657,0.9666100000000001,0.96659,0
0.9665799999999999,0.96662,0.9665799999999999,0
0.96659,0.96662,0.96657,0
0.9666100000000001,0.96662,0.96657,0
0.96662,0.96662,0.96657,0
0.9666299999999999,0.9666100000000001,0.96657,0
0.9666399999999999,0.9666,0.96659,0
0.9666399999999999,0.9666,0.9666,0
0.9666399999999999,0.96659,0.96662,0
0.9666399999999999,0.96659,0.9666299999999999,0
0.9666299999999999,0.96659,0.9666399999999999,0
0.96662,0.9666,0.96665,0
0.9666100000000001,0.9666,0.9666600000000001,0
0.9666,0.96662,0.9666600000000001,0
0.9666,0.9666299999999999,0.9666600000000001,0
0.9666,0.9666399999999999,0.96665,0
0.9666,0.96665,0.9666399999999999,0
0.9666100000000001,0.9666600000000001,0.9666299999999999,0
0.9666299999999999,0.96667,0.96662,0
0.9666399999999999,0.96667,0.9666100000000001,0
0.96665,0.9666600000000001,0.9666100000000001,0
0.96667,0.9666600000000001,0.9666100000000001,0
0.96667,0.96665,0.96662,0
0.9666799999999999,0.9666399999999999,0.9666299999999999,0
0.9666799999999999,0.9666399999999999,0.96665,0
0.9666799999999999,0.9666299999999999,0.9666600000000001,0
0.9666799999999999,0.9666299999999999,0.9666799999999999,0
0.96667,0.9666299999999999,0.9666899999999999,0
0.9666600000000001,0.9666399999999999,0.9667,0
0.96665,0.96665,0.9667,0
0.9666399999999999,0.9666600000000001,0.9667,0
0.9666399999999999,0.9666799999999999,0.9666899999999999,0
0.9666399999999999,0.9666899999999999,0.9666899999999999,0
0.96665,0.9667,0.9666799999999999,0
0.9666600000000001,0.9667,0.96667,0
0.96667,0.9667100000000001,0.9666600000000001,0
0.9666899999999999,0.9667100000000001,0.96665,0
0.9667,0.9667,0.96665,0
0.9667100000000001,0.9667,0.9666600000000001,0
0.96672,0.9666899999999999,0.96667,0
0.96672,0.9666799999999999,0.9666799999999999,0
0.96672,0.96667,0.9666899999999999,0
0.96672,0.96667,0.9667100000000001,0
0.9667100000000001,0.96667,0.96672,0
0.9667,0.96667,0.96673,0
0.9667,0.9666799999999999,0.9667399999999999,0
0.9666899999999999,0.9666899999999999,0.9667399999999999,0
0.9666799999999999,0.9667100000000001,0.9667399999999999,0
0.9666799999999999,0.96672,0.96673,0
0.9666799999999999,0.96673,0.96672,0
0.9666899999999999,0.9667399999999999,0.9667100000000001,0
0.9667,0.9667399999999999,0.9667,0
0.9667100000000001,0.96675,0.9666899999999999,0
0.96673,0.9667399999999999,0.9666899999999999,0
0.9667399999999999,0.9667399999999999,0.9666899999999999,0
0.96675,0.96673,0.9667,0
0.9667600000000001,0.96672,0.9667100000000001,0
0.9667600000000001,0.9667100000000001,0.96672,0
0.9667600000000001,0.9667100000000001,0.96673,0
0.96675,0.9667100000000001,0.96675,0
0.96675,0.9667100000000001,0.9667600000000001,0
0.9667399999999999,0.9667100000000001,0.96677,0
0.96673,0.96672,0.96677,0
0.96672,0.9667399999999999,0.96677,0
0.96672,0.96675,0.96677,0
0.96672,0.9667600000000001,0.9667600000000001,0
0.96672,0.96677,0.96675,0
0.96673,0.96678,0.9667399999999999,0
0.9667399999999999,0.96678,0.96673,0
0.96675,0.96678,0.96673,0
0.96677,0.96678,0.96673,0
0.96678,0.96677,0.96673,0
0.9667899999999999,0.9667600000000001,0.9667399999999999,0
0.9667899999999999,0.96675,0.96675,0
0.9667899999999999,0.9667399999999999,0.9667600000000001,0
0.9667899999999999,0.9667399999999999,0.96677,0
0.96678,0.9667399999999999,0.96678,0
0.96678,0.9667399999999999,0.9667899999999999,0
0.96677,0.96675,0.9668,0
0.9667600000000001,0.9667600000000001,0.9668,0
0.96675,0.96677,0.9668,0
0.96675,0.9667899999999999,0.9668,0
0.96675,0.9668,0.9667899999999999,0
0.9667600000000001,0.9668100000000001,0.96678,0
0.96677,0.9668100000000001,0.96677,0
0.96678,0.9668100000000001,0.9667600000000001,0
0.9667899999999999,0.9668100000000001,0.9667600000000001,0
0.9668,0.9668100000000001,0.9667600000000001,0
0.9668100000000001,0.9668,0.9667600000000001,0
0.9668200000000001,0.9667899999999999,0.96677,0
0.9668200000000001,0.96678,0.96678,0
0.9668200000000001,0.96677,0.9667899999999999,0
0.9668200000000001,0.96677,0.9668100000000001,0
0.9668100000000001,0.96677,0.9668200000000001,0
0.9668,0.96678,0.96683,0
0.9667899999999999,0.96678,0.96683,0
0.9667899999999999,0.9668,0.96683,0
0.96678,0.9668100000000001,0.96683,0
0.96678,0.9668200000000001,0.96683,0
0.96678,0.96683,0.9668200000000001,0
0.9667899999999999,0.9668399999999999,0.9668100000000001,0
0.9668,0.9668399999999999,0.9668,0
0.9668100000000001,0.9668399999999999,0.9667899999999999,0
0.9668200000000001,0.9668399999999999,0.9667899999999999,0
0.96683,0.96683,0.9667899999999999,0
0.9668399999999999,0.9668200000000001,0.9667899999999999,0
0.96685,0.9668100000000001,0.9668,0
0.96685,0.9668100000000001,0.9668100000000001,0
0.96685,0.9668,0.96683,0
0.9668399999999999,0.9668,0.9668399999999999,0
0.9668399999999999,0.9668,0.96685,0
0.96683,0.9668100000000001,0.96686,0
0.9668200000000001,0.9668200000000001,0.96686,0
0.9668100000000001,0.96683,0.96686,0
0.9668100000000001,0.9668399999999999,0.96686,0
0.9668100000000001,0.96685,0.96685,0
0.9668100000000001,0.96686,0.9668399999999999,0
0.9668200000000001,0.96686,0.96683,0
0.96683,0.9668700000000001,0.9668200000000001,0
0.9668399999999999,0.9668700000000001,0.9668200000000001,0
0.96685,0.96686,0.9668100000000001,0
0.96686,0.96685,0.9668100000000001,0
0.9668700000000001,0.9668399999999999,0.9668200000000001,0
0.9668700000000001,0.9668399999999999,0.96683,0
0.96688,0.96683,0.9668399999999999,0
0.9668700000000001,0.9668200000000001,0.96686,0
0.9668700000000001,0.9668200000000001,0.9668700000000001,0
0.96686,0.96683,0.96688,0
0.96685,0.96683,0.96688,0
0.9668399999999999,0.9668399999999999,0.96688,0
0.96683,0.96686,0.96688,0
0.96683,0.9668700000000001,0.96688,0
0.96683,0.96688,0.9668700000000001,0
0.9668399999999999,0.96688,0.96686,0
0.96685,0.9668899999999999,0.96685,0
0.96686,0.9668899999999999,0.9668399999999999,0
0.9668700000000001,0.9668899999999999,0.9668399999999999,0
0.96688,0.96688,0.9668399999999999,0
0.9668899999999999,0.9668700000000001,0.9668399999999999,0
0.9668899999999999,0.96686,0.96685,0
0.9669,0.96685,0.96686,0
0.9669,0.96685,0.9668700000000001,0
0.9668899999999999,0.9668399999999999,0.96688,0
0.96688,0.9668399999999999,0.9668899999999999,0
0.9668700000000001,0.96685,0.9669,0
0.9668700000000001,0.96686,0.9669,0
0.96686,0.9668700000000001,0.9669,0
0.96685,0.96688,0.9669,0
0.96685,0.9668899999999999,0.9668899999999999,0
0.96685,0.9669,0.9668899999999999,0
0.96686,0.96691,0.96688,0
0.9668700000000001,0.96691,0.9668700000000001,0
0.96688,0.96691,0.96686,0
0.9668899999999999,0.9669,0.96686,0
0.9669,0.9669,0.96686,0
0.96691,0.9668899999999999,0.96686,0
0.9669200000000001,0.96688,0.9668700000000001,0
0.9669200000000001,0.9668700000000001,0.96688,0
0.96691,0.96686,0.9668899999999999,0
0.96691,0.96686,0.9669,0
0.9669,0.96686,0.96691,0
0.9668899999999999,0.9668700000000001,0.9669200000000001,0
0.96688,0.96688,0.9669200000000001,0
0.9668700000000001,0.9668899999999999,0.9669200000000001,0
0.9668700000000001,0.9669,0.9669200000000001,0
0.9668700000000001,0.96691,0.96691,0
0.9668700000000001,0.9669200000000001,0.9669,0
0.96688,0.96693,0.9668899999999999,0
0.9668899999999999,0.96693,0.96688,0
0.9669,0.9669200000000001,0.96688,0
0.96691,0.9669200000000001,0.9668700000000001,0
0.9669200000000001,0.96691,0.9668700000000001,0
0.96693,0.9669,0.96688,0
0.96693,0.9668899999999999,0.9668899999999999,0
0.96693,0.96688,0.9669,0
0.96693,0.96688,0.96691,0
0.9669200000000001,0.96688,0.9669200000000001,0
0.96691,0.96688,0.96693,0
0.9669,0.9668899999999999,0.9669399999999999,0
0.9668899999999999,0.9669,0.9669399999999999,0
0.9668899999999999,0.96691,0.9669399999999999,0
0.96688,0.9669200000000001,0.96693,0
0.96688,0.96693,0.9669200000000001,0
0.9668899999999999,0.9669399999999999,0.96691,0
0.9669,0.9669399999999999,0.9669,0
0.96691,0.9669399999999999,0.9668899999999999,0
0.9669200000000001,0.9669399999999999,0.9668899999999999,0
0.96693,0.96693,0.9668899999999999,0
0.9669399999999999,0.9669200000000001,0.9668899999999999,0
0.9669399999999999,0.96691,0.9669,0
0.96695,0.9669,0.96691,0
0.9669399999999999,0.9669,0.9669200000000001,0
0.9669399999999999,0.9668899999999999,0.96693,0
0.96693,0.9668899999999999,0.9669399999999999,0
0.9669200000000001,0.9669,0.96695,0
0.96691,0.96691,0.96695,0
0.9669,0.9669200000000001,0.96695,0
0.9669,0.96693,0.96695,0
0.9669,0.9669399999999999,0.9669399999999999,0
0.9669,0.96695,0.96693,0
0.96691,0.96695,0.9669200000000001,0
0.96691,0.96695,0.96691,0
0.96693,0.96695,0.9669,0
0.9669399999999999,0.96695,0.9669,0
0.96695,0.9669399999999999,0.9669,0
0.96695,0.96693,0.9669,0
0.96696,0.9669200000000001,0.96691,0
0.96696,0.96691,0.9669200000000001,0
0.96695,0.96691,0.96693,0
0.96695,0.9669,0.96695,0
0.9669399999999999,0.96691,0.96695,0
0.96693,0.96691,0.96696,0
0.9669200000000001,0.9669200000000001,0.96696,0
0.96691,0.96693,0.96696,0
0.96691,0.9669399999999999,0.96695,0
0.96691,0.96695,0.96695,0
0.96691,0.96696,0.9669399999999999,0
0.9669200000000001,0.96696,0.96693,0
0.96693,0.96696,0.9669200000000001,0
0.9669399999999999,0.96696,0.96691,0
0.96695,0.96695,0.96691,0
0.96696,0.96695,0.96691,0
0.96696,0.9669399999999999,0.9669200000000001,0
0.9669700000000001,0.96693,0.96693,0
0.9669700000000001,0.9669200000000001,0.9669399999999999,0
0.96696,0.96691,0.96695,0
0.96695,0.96691,0.96696,0
0.9669399999999999,0.9669200000000001,0.96696,0
0.96693,0.9669200000000001,0.9669700000000001,0
0.9669200000000001,0.96693,0.9669700000000001,0
0.9669200000000001,0.9669399999999999,0.9669700000000001,0
0.96691,0.96695,0.96696,0
0.9669200000000001,0.96696,0.96695,0
0.9669200000000001,0.9669700000000001,0.9669399999999999,0
0.96693,0.9669700000000001,0.96693,0
0.9669399999999999,0.9669700000000001,0.9669200000000001,0
0.96695,0.9669700000000001,0.9669200000000001,0
0.96696,0.96696,0.9669200000000001,0
0.9669700000000001,0.96695,0.9669200000000001,0
0.9669700000000001,0.9669399999999999,0.96693,0
0.9669700000000001,0.96693,0.9669399999999999,0
0.9669700000000001,0.9669200000000001,0.96695,0
0.96696,0.9669200000000001,0.96696,0
0.96696,0.9669200000000001,0.9669700000000001,0
0.96695,0.96693,0.9669700000000001,0
0.9669399999999999,0.96693,0.96698,0
0.96693,0.9669399999999999,0.9669700000000001,0
0.9669200000000001,0.96695,0.9669700000000001,0
0.9669200000000001,0.96696,0.96696,0
0.9669200000000001,0.9669700000000001,0.96695,0
0.96693,0.96698,0.9669399999999999,0
0.9669399999999999,0.96698,0.96693,0
0.96695,0.9669700000000001,0.96693,0
0.96696,0.9669700000000001,0.9669200000000001,0
0.9669700000000001,0.96696,0.9669200000000001,0
0.96698,0.96695,0.96693,0
0.96698,0.9669399999999999,0.9669399999999999,0
0.96698,0.96693,0.96695,0
0.9669700000000001,0.96693,0.96696,0
0.9669700000000001,0.9669200000000001,0.9669700000000001,0
0.96696,0.96693,0.9669700000000001,0
0.96695,0.96693,0.96698,0
0.9669399999999999,0.9669399999999999,0.96698,0
0.96693,0.96695,0.96698,0
0.96693,0.96696,0.9669700000000001,0
0.96693,0.9669700000000001,0.96696,0
0.96693,0.96698,0.96695,0
0.9669399999999999,0.96698,0.9669399999999999,0
0.96695,0.96698,0.9669399999999999,0
0.96696,0.96698,0.96693,0
0.9669700000000001,0.9669700000000001,0.96693,0
0.96698,0.96696,0.96693,0
0.96698,0.96695,0.96693,0
0.96698,0.9669399999999999,0.9669399999999999,0
0.96698,0.96693,0.96695,0
0.96698,0.96693,0.96696,0
0.9669700000000001,0.96693,0.9669700000000001,0
0.96696,0.96693,0.96698,0
0.96695,0.9669399999999999,0.96698,0
0.9669399999999999,0.96695,0.96698,0
0.96693,0.96696,0.96698,0
0.96693,0.9669700000000001,0.9669700000000001,0
0.96693,0.96698,0.96696,0
0.9669399999999999,0.96698,0.96695,0
0.9669399999999999,0.96698,0.9669399999999999,0
0.96695,0.96698,0.9669399999999999,0
0.96696,0.96698,0.96693,0
0.9669700000000001,0.9669700000000001,0.96693,0
0.96698,0.96696,0.96693,0
0.96698,0.96695,0.9669399999999999,0
0.96698,0.9669399999999999,0.96695,0
0.96698,0.96693,0.96696,0
0.9669700000000001,0.96693,0.9669700000000001,0
0.9669700000000001,0.96693,0.96698,0
0.96696,0.9669399999999999,0.96698,0
0.96695,0.9669399999999999,0.96698,0
0.9669399999999999,0.96695,0.96698,0
0.96693,0.96696,0.96698,0
0.96693,0.9669700000000001,0.9669700000000001,0
0.96693,0.96698,0.96696,0
0.9669399999999999,0.96698,0.96695,0
0.96695,0.96698,0.9669399999999999,0
0.96696,0.96698,0.96693,0
0.9669700000000001,0.96698,0.96693,0
0.96698,0.9669700000000001,0.96693,0
0.96698,0.96696,0.9669399999999999,0
0.96699,0.96695,0.9669399999999999,0
0.96698,0.9669399999999999,0.96695,0
0.96698,0.96693,0.96696,0
0.9669700000000001,0.96693,0.9669700000000001,0
0.96696,0.96693,0.96698,0
0.96695,0.9669399999999999,0.96698,0
0.9669399999999999,0.96695,0.96698,0
0.96693,0.96696,0.96698,0
0.96693,0.9669700000000001,0.96698,0
0.96693,0.96698,0.9669700000000001,0
0.96693,0.96698,0.96696,0
0.9669399999999999,0.96698,0.96695,0
0.96695,0.96698,0.9669399999999999,0
0.96696,0.96698,0.96693,0
0.9669700000000001,0.9669700000000001,0.96693,0
0.96698,0.96696,0.96693,0
0.96698,0.96695,0.9669399999999999,0
0.96698,0.9669399999999999,0.96695,0
0.96698,0.9669399999999999,0.96696,0
0.96698,0.96693,0.9669700000000001,0
0.9669700000000001,0.96693,0.9669700000000001,0
0.96696,0.96693,0.96698,0
0.96695,0.9669399999999999,0.96698,0
0.9669399999999999,0.96695,0.96698,0
0.96693,0.96696,0.96698,0
0.96693,0.9669700000000001,0.9669700000000001,0
0.96693,0.96698,0.96696,0
0.9669399999999999,0.96698,0.96695,0
0.9669399999999999,0.96698,0.9669399999999999,0
0.96695,0.96698,0.96693,0
0.96696,0.96698,0.96693,0
0.9669700000000001,0.9669700000000001,0.96693,0
0.96698,0.96696,0.96693,0
0.96698,0.96695,0.9669399999999999,0
0.96698,0.9669399999999999,0.96695,0
0.96698,0.96693,0.96696,0
0.9669700000000001,0.96693,0.9669700000000001,0
0.96696,0.96693,0.96698,0
0.96695,0.96693,0.96698,0
0.9669399999999999,0.9669399999999999,0.96698,0
0.96693,0.96695,0.96698,0
0.96693,0.96696,0.96698,0
0.96693,0.9669700000000001,0.9669700000000001,0
0.96693,0.96698,0.96696,0
0.9669399999999999,0.96698,0.96695,0
0.96695,0.96698,0.9669399999999999,0
0.96696,0.96698,0.96693,0
0.96696,0.9669700000000001,0.96693,0
0.9669700000000001,0.96696,0.96693,0
0.96698,0.96695,0.96693,0
0.96698,0.9669399999999999,0.9669399999999999,0
0.96698,0.96693,0.96695,0
0.9669700000000001,0.96693,0.96696,0
0.9669700000000001,0.96693,0.9669700000000001,0
0.96696,0.96693,0.9669700000000001,0
0.96695,0.96693,0.96698,0
0.9669399999999999,0.9669399999999999,0.96698,0
0.96693,0.96695,0.96698,0
0.9669200000000001,0.96696,0.9669700000000001,0
0.9669200000000001,0.9669700000000001,0.96696,0
0.96693,0.96698,0.96695,0
0.9669399999999999,0.96698,0.9669399999999999,0
0.96695,0.96698,0.96693,0
0.96696,0.9669700000000001,0.96693,0
0.96696,0.9669700000000001,0.9669200000000001,0
0.9669700000000001,0.96696,0.9669200000000001,0
0.96698,0.96695,0.96693,0
0.96698,0.9669399999999999,0.9669399999999999,0
0.9669700000000001,0.96693,0.96695,0
0.9669700000000001,0.9669200000000001,0.96696,0
0.96696,0.9669200000000001,0.9669700000000001,0
0.96695,0.96693,0.9669700000000001,0
0.9669399999999999,0.96693,0.96698,0
0.96693,0.9669399999999999,0.96698,0
0.9669200000000001,0.96695,0.9669700000000001,0
0.9669200000000001,0.96696,0.96696,0
0.9669200000000001,0.9669700000000001,0.96695,0
0.96693,0.9669700000000001,0.9669399999999999,0
0.9669399999999999,0.9669700000000001,0.96693,0
0.96695,0.9669700000000001,0.96693,0
0.96696,0.9669700000000001,0.9669200000000001,0
0.96696,0.96696,0.9669200000000001,0
0.9669700000000001,0.96695,0.9669200000000001,0
0.9669700000000001,0.9669399999999999,0.96693,0
0.9669700000000001,0.96693,0.9669399999999999,0
0.9669700000000001,0.9669200000000001,0.96695,0
0.96696,0.9669200000000001,0.96696,0
0.96695,0.9669200000000001,0.9669700000000001,0
0.9669399999999999,0.9669200000000001,0.9669700000000001,0
0.96693,0.96693,0.9669700000000001,0
0.9669200000000001,0.9669399999999999,0.9669700000000001,0
0.9669200000000001,0.96695,0.96696,0
0.9669200000000001,0.96696,0.96696,0
0.9669200000000001,0.9669700000000001,0.96695,0
0.96693,0.9669700000000001,0.9669399999999999,0
0.96693,0.9669700000000001,0.96693,0
0.9669399999999999,0.9669700000000001,0.9669200000000001,0
0.96695,0.96696,0.9669200000000001,0
0.96696,0.96695,0.9669200000000001,0
0.9669700000000001,0.9669399999999999,0.9669200000000001,0
0.9669700000000001,0.96693,0.96693,0
0.9669700000000001,0.9669200000000001,0.9669399999999999,0
0.96696,0.9669200000000001,0.96695,0
0.96695,0.96691,0.96696,0
0.9669399999999999,0.9669200000000001,0.96696,0
0.96693,0.9669200000000001,0.9669700000000001,0
0.9669200000000001,0.96693,0.9669700000000001,0
0.9669200000000001,0.9669399999999999,0.96696,0
0.96691,0.96695,0.96696,0
0.96691,0.96696,0.96695,0
0.9669200000000001,0.96696,0.9669399999999999,0
0.9669200000000001,0.9669700000000001,0.96693,0
0.96693,0.96696,0.9669200000000001,0
0.9669399999999999,0.96696,0.96691,0
0.96695,0.96695,0.96691,0
0.96696,0.9669399999999999,0.96691,0
0.96696,0.96693,0.9669200000000001,0
0.96696,0.9669200000000001,0.96693,0
0.96696,0.96691,0.9669399999999999,0
0.96696,0.96691,0.96695,0
0.96695,0.96691,0.96695,0
0.9669399999999999,0.96691,0.96696,0
0.96693,0.9669200000000001,0.96696,0
0.9669200000000001,0.96693,0.96696,0
0.96691,0.9669399999999999,0.96696,0
0.96691,0.96695,0.96695,0
0.96691,0.96696,0.9669399999999999,0
0.96691,0.96696,0.96693,0
0.9669200000000001,0.96696,0.9669200000000001,0
0.96693,0.96696,0.96691,0
0.9669399999999999,0.96695,0.96691,0
0.96695,0.9669399999999999,0.96691,0
0.96696,0.96693,0.96691,0
0.96696,0.9669200000000001,0.9669200000000001,0
0.96696,0.96691,0.9669200000000001,0
0.96695,0.96691,0.96693,0
0.96695,0.9669,0.9669399999999999,0
0.9669399999999999,0.96691,0.96695,0
0.96693,0.96691,0.96696,0
0.9669200000000001,0.9669200000000001,0.96696,0
0.96691,0.96693,0.96696,0
0.9669,0.9669399999999999,0.96695,0
0.9669,0.96695,0.9669399999999999,0
0.9669,0.96695,0.96693,0
0.96691,0.96696,0.9669200000000001,0
0.9669200000000001,0.96696,0.96691,0
0.96693,0.96695,0.9669,0
0.9669399999999999,0.96695,0.9669,0
0.96695,0.9669399999999999,0.9669,0
0.96695,0.96693,0.96691,0
0.96695,0.9669200000000001,0.96691,0
0.96695,0.96691,0.9669200000000001,0
0.96695,0.9669,0.96693,0
0.9669399999999999,0.9669,0.9669399999999999,0
0.96693,0.9669,0.96695,0
0.9669200000000001,0.96691,0.96695,0
0.96691,0.9669200000000001,0.96695,0
0.9669,0.96693,0.96695,0
0.9669,0.9669399999999999,0.9669399999999999,0
0.9669,0.9669399999999999,0.96693,0
0.9669,0.96695,0.9669200000000001,0
0.96691,0.96695,0.96691,0
0.9669200000000001,0.96695,0.9669,0
0.96693,0.9669399999999999,0.9669,0
0.9669399999999999,0.9669399999999999,0.9669,0
0.9669399999999999,0.96693,0.9669,0
0.96695,0.9669200000000001,0.9669,0
0.96695,0.96691,0.96691,0
0.96695,0.9669,0.9669200000000001,0
0.9669399999999999,0.9668899999999999,0.96693,0
0.96693,0.9668899999999999,0.9669399999999999,0
0.9669200000000001,0.9669,0.9669399999999999,0
0.96691,0.9669,0.96695,0
0.9669,0.96691,0.96695,0
0.9668899999999999,0.9669200000000001,0.9669399999999999,0
0.9668899999999999,0.96693,0.96693,0
0.9668899999999999,0.9669399999999999,0.9669200000000001,0
0.9669,0.9669399999999999,0.96691,0
0.96691,0.96695,0.9669,0
0.9669200000000001,0.9669399999999999,0.9669,0
0.96693,0.9669399999999999,0.9668899999999999,0
0.96693,0.96693,0.9668899999999999,0
0.9669399999999999,0.9669200000000001,0.9668899999999999,0
0.9669399999999999,0.96691,0.9669,0
0.9669399999999999,0.9669,0.96691,0
0.9669399999999999,0.9668899999999999,0.9669200000000001,0
0.96693,0.9668899999999999,0.96693,0
0.9669200000000001,0.9668899999999999,0.9669399999999999,0
0.96691,0.9668899999999999,0.9669399999999999,0
0.9669,0.9669,0.9669399999999999,0
0.9668899999999999,0.96691,0.9669399999999999,0
0.9668899999999999,0.9669200000000001,0.96693,0
0.9668899999999999,0.96693,0.96693,0
0.9668899999999999,0.9669399999999999,0.9669200000000001,0
0.9669,0.9669399999999999,0.96691,0
0.9669,0.9669399999999999,0.9669,0
0.96691,0.9669399999999999,0.9668899999999999,0
0.9669200000000001,0.96693,0.96688,0
0.96693,0.9669200000000001,0.9668899999999999,0
0.9669399999999999,0.96691,0.9668899999999999,0
0.9669399999999999,0.9669,0.9669,0
0.9669399999999999,0.9668899999999999,0.96691,0
0.96693,0.96688,0.9669200000000001,0
0.9669200000000001,0.96688,0.96693,0
0.96691,0.96688,0.96693,0
0.9669,0.9668899999999999,0.9669399999999999,0
0.9668899999999999,0.9669,0.9669399999999999,0
0.9668899999999999,0.96691,0.96693,0
0.96688,0.9669200000000001,0.96693,0
0.96688,0.96693,0.9669200000000001,0
0.9668899999999999,0.96693,0.96691,0
0.9668899999999999,0.96693,0.9669,0
0.9669,0.96693,0.9668899999999999,0
0.96691,0.96693,0.96688,0
0.9669200000000001,0.9669200000000001,0.96688,0
0.96693,0.96691,0.96688,0
0.96693,0.9669,0.9668899999999999,0
0.96693,0.9668899999999999,0.9668899999999999,0
0.96693,0.96688,0.9669,0
0.9669200000000001,0.96688,0.96691,0
0.9669200000000001,0.96688,0.9669200000000001,0
0.9669,0.96688,0.96693,0
0.9668899999999999,0.9668899999999999,0.96693,0
0.9668899999999999,0.9669,0.96693,0
0.96688,0.96691,0.96693,0
0.96688,0.9669200000000001,0.9669200000000001,0
0.96688,0.9669200000000001,0.96691,0
0.96688,0.96693,0.9669,0
0.9668899999999999,0.96693,0.9668899999999999,0
0.9669,0.96693,0.96688,0
0.96691,0.9669200000000001,0.96688,0
0.9669200000000001,0.96691,0.9668700000000001,0
0.9669200000000001,0.9669,0.96688,0
0.96693,0.9668899999999999,0.96688,0
0.96693,0.96688,0.9668899999999999,0
0.9669200000000001,0.96688,0.9669,0
0.9669200000000001,0.9668700000000001,0.96691,0
0.96691,0.9668700000000001,0.9669200000000001,0
0.9669,0.96688,0.9669200000000001,0
0.9668899999999999,0.9668899999999999,0.96693,0
0.96688,0.9669,0.9669200000000001,0
0.9668700000000001,0.96691,0.9669200000000001,0
0.9668700000000001,0.96691,0.96691,0
0.9668700000000001,0.9669200000000001,0.9669,0
0.96688,0.9669200000000001,0.9668899999999999,0
0.9668899999999999,0.9669200000000001,0.96688,0
0.9669,0.9669200000000001,0.9668700000000001,0
0.96691,0.96691,0.9668700000000001,0
0.9669200000000001,0.9669,0.9668700000000001,0
0.9669200000000001,0.9668899999999999,0.9668700000000001,0
0.9669200000000001,0.96688,0.96688,0
0.9669200000000001,0.9668700000000001,0.9668899999999999,0
0.9669200000000001,0.9668700000000001,0.9669,0
0.96691,0.9668700000000001,0.96691,0
0.9669,0.9668700000000001,0.9669200000000001,0
0.9668899999999999,0.96688,0.9669200000000001,0
0.96688,0.96688,0.9669200000000001,0
0.9668700000000001,0.9668899999999999,0.9669200000000001,0
0.9668700000000001,0.9669,0.96691,0
0.9668700000000001,0.96691,0.9669,0
0.9668700000000001,0.9669200000000001,0.9668899999999999,0
0.96688,0.9669200000000001,0.96688,0
0.9668899999999999,0.9669200000000001,0.9668700000000001,0
0.9669,0.96691,0.9668700000000001,0
0.96691,0.96691,0.96686,0
0.96691,0.9669,0.9668700000000001,0
0.9669200000000001,0.9668899999999999,0.9668700000000001,0
0.9669200000000001,0.96688,0.96688,0
0.96691,0.9668700000000001,0.9668899999999999,0
0.96691,0.96686,0.9669,0
0.9669,0.96686,0.96691,0
0.9668899999999999,0.9668700000000001,0.96691,0
0.96688,0.9668700000000001,0.9669200000000001,0
0.9668700000000001,0.96688,0.96691,0
0.96686,0.9668899999999999,0.96691,0
0.96686,0.9669,0.9669,0
0.96686,0.96691,0.9668899999999999,0
0.9668700000000001,0.96691,0.96688,0
0.96688,0.96691,0.9668700000000001,0
0.96688,0.96691,0.9668700000000001,0
0.9668899999999999,0.96691,0.96686,0
0.9669,0.9669,0.96686,0
0.96691,0.9668899999999999,0.96686,0
0.96691,0.96688,0.9668700000000001,0
0.96691,0.9668700000000001,0.96688,0
0.96691,0.96686,0.9668899999999999,0
0.9669,0.96686,0.9669,0
0.9668899999999999,0.96686,0.9669,0
0.96688,0.96686,0.96691,0
0.9668700000000001,0.9668700000000001,0.96691,0
0.96686,0.96688,0.96691,0
0.96686,0.9668899999999999,0.9669,0
0.96686,0.9669,0.9669,0
0.96686,0.96691,0.9668899999999999,0
0.96686,0.96691,0.96688,0
0.9668700000000001,0.96691,0.9668700000000001,0
0.96688,0.96691,0.96686,0
0.9668899999999999,0.9669,0.96685,0
0.9669,0.9668899999999999,0.96685,0
0.96691,0.96688,0.96686,0
0.96691,0.9668700000000001,0.9668700000000001,0
0.96691,0.96686,0.96688,0
0.9669,0.96685,0.9668899999999999,0
0.9668899999999999,0.96685,0.9669,0
0.96688,0.96685,0.9669,0
0.9668700000000001,0.96686,0.96691,0
0.96686,0.9668700000000001,0.96691,0
0.96686,0.96688,0.9669,0
0.96685,0.9668899999999999,0.9669,0
0.96685,0.9669,0.9668899999999999,0
0.96686,0.9669,0.96688,0
0.96686,0.9669,0.9668700000000001,0
0.9668700000000001,0.9669,0.96686,0
0.96688,0.9669,0.96685,0
0.9668899999999999,0.9668899999999999,0.96685,0
0.9669,0.96688,0.96685,0
0.9669,0.9668700000000001,0.96686,0
0.9669,0.96686,0.9668700000000001,0
0.9669,0.96685,0.96688,0
0.9668899999999999,0.96685,0.9668899999999999,0
0.9668899999999999,0.96685,0.9668899999999999,0
0.96688,0.96685,0.9669,0
0.9668700000000001,0.96686,0.9669,0
0.96686,0.9668700000000001,0.9669,0
0.96685,0.96688,0.9669,0
0.96685,0.9668899999999999,0.9668899999999999,0
0.96685,0.9668899999999999,0.96688,0
0.96685,0.9669,0.9668700000000001,0
0.96686,0.9669,0.96686,0
0.9668700000000001,0.9669,0.96685,0
0.96688,0.9668899999999999,0.96685,0
0.9668899999999999,0.96688,0.96685,0
0.9669,0.9668700000000001,0.96685,0
0.9669,0.96686,0.96686,0
0.9669,0.96685,0.96686,0
0.9668899999999999,0.96685,0.9668700000000001,0
0.9668899999999999,0.9668399999999999,0.96688,0
0.96688,0.9668399999999999,0.9668899999999999,0
0.9668700000000001,0.96685,0.9669,0
0.96686,0.96686,0.9669,0
0.96685,0.9668700000000001,0.9669,0
0.9668399999999999,0.96688,0.9668899999999999,0
0.9668399999999999,0.9668899999999999,0.96688,0
0.96685,0.9668899999999999,0.9668700000000001,0
0.96685,0.9669,0.96686,0
0.96686,0.9669,0.96685,0
0.9668700000000001,0.9668899999999999,0.96685,0
0.96688,0.9668899999999999,0.9668399999999999,0
0.9668899999999999,0.96688,0.9668399999999999,0
0.9668899999999999,0.9668700000000001,0.96685,0
0.9669,0.96686,0.96685,0
0.9668899999999999,0.96685,0.96686,0
0.9668899999999999,0.9668399999999999,0.9668700000000001,0
0.96688,0.9668399999999999,0.96688,0
0.9668700000000001,0.9668399999999999,0.9668899999999999,0
0.96686,0.96685,0.9668899999999999,0
0.96685,0.96686,0.9668899999999999,0
0.9668399999999999,0.9668700000000001,0.9668899999999999,0
0.9668399999999999,0.96688,0.96688,0
0.9668399999999999,0.96688,0.96688,0
0.9668399999999999,0.9668899999999999,0.9668700000000001,0
0.96685,0.9668899999999999,0.96686,0
0.96686,0.9668899999999999,0.96685,0
0.9668700000000001,0.9668899999999999,0.9668399999999999,0
0.96688,0.96688,0.9668399999999999,0
0.9668899999999999,0.9668700000000001,0.9668399999999999,0
0.9668899999999999,0.96686,0.9668399999999999,0
0.9668899999999999,0.96685,0.96685,0
0.9668899999999999,0.9668399999999999,0.96686,0
0.96688,0.9668399999999999,0.9668700000000001,0
0.9668700000000001,0.9668399999999999,0.96688,0
0.96686,0.9668399999999999,0.9668899999999999,0
0.96685,0.96685,0.9668899999999999,0
0.9668399999999999,0.96686,0.9668899999999999,0
0.9668399999999999,0.9668700000000001,0.9668899999999999,0
0.96683,0.96688,0.96688,0
0.9668399999999999,0.96688,0.9668700000000001,0
0.9668399999999999,0.9668899999999999,0.96686,0
0.96685,0.9668899999999999,0.96685,0
0.96686,0.9668899999999999,0.9668399999999999,0
0.9668700000000001,0.96688,0.96683,0
0.96688,0.9668700000000001,0.96683,0
0.96688,0.96686,0.9668399999999999,0
0.9668899999999999,0.96685,0.9668399999999999,0
0.9668899999999999,0.9668399999999999,0.96685,0
0.96688,0.9668399999999999,0.96686,0
0.96688,0.96683,0.9668700000000001,0
0.9668700000000001,0.96683,0.96688,0
0.96686,0.9668399999999999,0.96688,0
0.96685,0.96685,0.9668899999999999,0
0.9668399999999999,0.96686,0.96688,0
0.96683,0.9668700000000001,0.96688,0
0.96683,0.9668700000000001,0.9668700000000001,0
0.96683,0.96688,0.96686,0
0.9668399999999999,0.96688,0.96685,0
0.96685,0.96688,0.9668399999999999,0
0.96686,0.96688,0.96683,0
0.9668700000000001,0.96688,0.96683,0
0.96688,0.9668700000000001,0.96683,0
0.96688,0.96686,0.9668399999999999,0
0.96688,0.96685,0.9668399999999999,0
0.96688,0.9668399999999999,0.96685,0
0.96688,0.96683,0.96686,0
0.9668700000000001,0.96683,0.9668700000000001,0
0.96686,0.96683,0.96688,0
0.96685,0.9668399999999999,0.96688,0
0.9668399999999999,0.96685,0.96688,0
0.96683,0.96686,0.96688,0
0.96683,0.9651799999999999,0.96555,0
0.96685,0.9408200000000001,0.9469200000000001,0
0.96726,0.9009,0.92224,0
0.9694,0.861,0.90449,0
0.9737,0.82904,0.8975,0
0.9786799999999999,0.8064,0.8995200000000001,0
0.9827100000000001,0.79199,0.90656,0
0.98487,0.7843,0.91443,0
0.98506,0.78179,0.9192600000000001,0
0.9840200000000001,0.78259,0.9179200000000001,0
0.98261,0.78433,0.90835,0
0.98119,0.78445,0.8896,0
0.9797600000000001,0.78077,0.86187,0
0.9782200000000001,0.77174,0.82649,0
0.97664,0.75654,0.78585,0
0.9753200000000001,0.7349899999999999,0.74337,0
0.97477,0.7075,0.70334,0
0.97546,0.67509,0.67042,0
0.9775799999999999,0.63935,0.6487,0
0.9809899999999999,0.60249,0.64047,0
0.98518,0.56722,0.6453,3
0.98944,0.5365,0.65996,3
0.9930899999999999,0.5131100000000001,0.67945,3
0.9956799999999999,0.49888000000000005,0.6983699999999999,3
0.99702,0.49416000000000004,0.71206,3
0.99718,0.49754,0.71711,3
0.99636,0.50642,0.71155,3
0.9948100000000001,0.51771,0.69472,3
0.9927299999999999,0.5284800000000001,0.66728,3
0.9903299999999999,0.5363100000000001,0.63108,3
0.98787,0.53928,0.58924,3
0.98572,0.53604,0.54619,3
0.9843799999999999,0.52573,0.50756,3
0.98439,0.5079600000000001,0.47953,3
0.98614,0.49138000000000004,0.46981000000000006,3
0.98949,0.48162,0.47397,3
0.99295,0.47395,0.48263999999999996,3
0.9948299999999999,0.46448999999999996,0.49281,3
0.99526,0.45353999999999994,0.5032399999999999,3
0.9952700000000001,0.44404,0.51273,3
0.9954700000000001,0.43893999999999994,0.51988,3
0.99605,0.43961000000000006,0.5237,3
0.9965799999999999,0.44558000000000003,0.52379,3
0.99644,0.45524,0.5202100000000001,3
0.9953799999999999,0.46673000000000003,0.51339,3
0.99367,0.47825,0.50412,3
0.99177,0.48816000000000004,0.49355,3
0.99013,0.4951,0.4831,3
0.98906,0.49822,0.47436000000000006,3
0.9887,0.49726000000000004,0.46875,3
0.9890399999999999,0.49253,0.46733,3
0.9900100000000001,0.4849,0.47042,3
0.99144,0.47561000000000003,0.47753999999999996,3
0.9931200000000001,0.46611,0.48743000000000003,3
0.9948299999999999,0.45788,0.49843999999999994,3
0.9963799999999999,0.45216999999999996,0.50897,3
0.99761,0.44988,0.51777,3
0.9984200000000001,0.4514,0.5240600000000001,3
0.9988,0.45655,0.52751,3
0.99876,0.46456000000000003,0.52812,3
0.99839,0.47418000000000005,0.52617,3
0.9977799999999999,0.48398,0.5221600000000001,3
0.9970700000000001,0.49259,0.51678,3
0.9963799999999999,0.49901,0.51089,3
0.99584,0.50276,0.50543,3
0.9955299999999999,0.50388,0.5013,3
0.9954799999999999,0.50288,0.49916000000000005,3
0.99569,0.50055,0.49918999999999997,3
0.9960700000000001,0.4978,0.5009899999999999,3
0.99654,0.49531000000000003,0.50378,3
0.997,0.49341,0.50689,3
0.99744,0.49218999999999996,0.5099,3
0.9979,0.49168,0.51251,3
0.9984,0.49178,0.51451,3
0.99892,0.49233000000000005,0.51581,3
0.9994299999999999,0.49318999999999996,0.51641,3
0.9999,0.49422,0.5163800000000001,3
1.0003,0.49528999999999995,0.51584,3
1.0006,0.49627,0.5149199999999999,3
1.0009,0.49701999999999996,0.51379,3
1.001,0.49746999999999997,0.51264,3
1.0011,0.49767,0.51167,3
1.0011,0.49775,0.5110399999999999,3
1.0012,0.49791,0.5108199999999999,3
1.0012,0.49835,0.5109600000000001,3
1.0012,0.49914,0.51132,3
1.0013,0.50025,0.51171,3
1.0015,0.50151,0.5120100000000001,3
1.0018,0.50268,0.51217,3
1.0022,0.50353,0.51227,3
1.0027,0.50397,0.5123800000000001,3
1.0034,0.50397,0.51257,3
1.004,0.50366,0.5128699999999999,3
1.0046,0.50317,0.51322,3
1.0051,0.50264,0.51354,3
1.0056,0.5021399999999999,0.51377,3
1.0059,0.50171,0.51388,3
1.0061,0.50141,0.51388,3
1.0062,0.5013,0.51383,3
1.0062,0.50146,0.51379,3
1.0062,0.50193,0.5138,3
1.0062,0.50274,0.51385,3
1.0063,0.50379,0.5139199999999999,3
1.0065,0.50495,0.5139699999999999,3
1.0068,0.50605,0.5140100000000001,3
1.0073,0.50697,0.51405,3
1.0078,0.50758,0.5141399999999999,3
1.0085,0.50785,0.51431,3
1.0091,0.5077699999999999,0.51458,3
1.0098,0.50739,0.51494,3
1.0104,0.5067699999999999,0.5153800000000001,3
1.011,0.50603,0.51586,3
1.0114,0.50527,0.5163300000000001,3
1.0117,0.50464,0.51675,3
1.0119,0.50426,0.51708,3
1.012,0.5042300000000001,0.5173,3
1.012,0.50459,0.5174,3
1.012,0.5053300000000001,0.51737,3
1.012,0.50637,0.5172399999999999,3
1.0122,0.50759,0.5170399999999999,3
1.0124,0.5088199999999999,0.51682,3
1.0129,0.50993,0.51664,3
1.0135,0.51079,0.51655,3
1.0141,0.51131,0.51659,3
1.0149,0.51143,0.51678,3
1.0156,0.51115,0.51715,3
1.0163,0.51051,0.51767,3
1.0169,0.5096,0.51831,3
1.0174,0.50857,0.51902,3
1.0178,0.50761,0.51973,3
1.018,0.50688,0.52036,3
1.0181,0.50653,0.52083,3
1.0181,0.50667,0.5211,3
1.0181,0.50729,0.52115,3
1.0181,0.50835,0.521,3
1.0183,0.50971,0.5207,3
1.0185,0.5111899999999999,0.5203300000000001,3
1.0189,0.51259,0.5199699999999999,3
1.0195,0.51377,0.5197,3
1.0201,0.51458,0.51958,3
1.0209,0.5149699999999999,0.51965,3
1.0217,0.5149100000000001,0.51994,3
1.0224,0.51444,0.52041,3
1.0231,0.51364,0.52103,3
1.0236,0.51265,0.52173,3
1.024,0.51162,0.5224300000000001,3
1.0243,0.51074,0.5230600000000001,3
1.0244,0.5101600000000001,0.52354,3
1.0244,0.51,0.52384,3
1.0244,0.51032,0.52395,3
1.0245,0.51108,0.5239,3
1.0246,0.5121899999999999,0.52374,3
1.0248,0.51352,0.52354,3
1.0253,0.51488,0.52337,3
1.0259,0.51613,0.5232899999999999,3
1.0266,0.51713,0.52335,3
1.0274,0.51778,0.52355,3
1.0282,0.51805,0.52389,3
1.0290000000000001,0.51794,0.52433,3
1.0297,0.51749,0.52484,3
1.0303,0.5168,0.52535,3
1.0307,0.51599,0.52581,3
1.031,0.5152,0.52617,3
1.0311,0.51457,0.52642,3
1.0312,0.51423,0.52654,3
1.0312,0.5143800000000001,0.52662,3
1.0312,0.51789,0.52753,3
1.0312,0.5314800000000001,0.5263899999999999,3
1.0305,0.55907,0.52055,3
1.0283,0.59688,0.51031,3
1.0243,0.6358600000000001,0.49745,3
1.0193,0.66747,0.48368999999999995,3
1.0152,0.68748,0.47055,3
1.0131,0.69611,0.4599,3
1.0137,0.69568,0.45398999999999995,3
1.016,0.68872,0.455,3
1.0190000000000001,0.67755,0.46471,3
1.0216,0.66478,0.48413,3
1.0238,0.65398,0.5131899999999999,3
1.0255,0.64973,0.55043,3
1.0270000000000001,0.65649,0.59318,3
1.0282,0.67677,0.63812,0
1.0289,0.7097600000000001,0.68189,0
1.0284,0.75162,0.72153,0
1.0266,0.79701,0.75458,0
1.0235,0.84078,0.77925,0
1.0196,0.8788299999999999,0.79438,0
1.0157,0.9083600000000001,0.79956,0
1.0125,0.9277700000000001,0.79518,0
1.0105,0.9366399999999999,0.78258,0
1.01,0.9356700000000001,0.7642100000000001,0
1.0107,0.9268,0.74369,0
1.0126,0.91317,0.7257600000000001,0
1.0151,0.8990100000000001,0.71578,0
1.0182,0.8892700000000001,0.7185600000000001,0
1.0214,0.8887200000000001,0.73685,0
1.0245,0.9008799999999999,0.7702600000000001,0
1.0271,0.9268,0.8153,0
1.0290000000000001,0.9646399999999999,0.86666,0
1.0295,1.0052,0.9152299999999999,0
1.0285,1.0352,0.9544600000000001,0
1.0262,1.0486,0.9857299999999999,0
1.0239,1.0475,1.0112,0
1.0228,1.0373,1.0303,0
1.0232,1.024,1.0411,0
1.0245,1.0107,1.0415,0
1.0257,0.998,1.0318,0
1.0263,0.98549,1.0137,0
1.0265,0.9735,0.9908600000000001,0
1.0271,0.9638700000000001,0.96716,0
1.0285,0.95914,0.94652,0
1.0308,0.9613,0.9320799999999999,0
1.0333,0.97072,0.9259799999999999,0
1.0356,0.98598,0.92917,0
1.0371,1.0044,0.9410700000000001,0
1.0379,1.023,0.95957,0
1.0379,1.0393,0.98146,0
1.0375,1.0517,1.0033,0
1.0369,1.0594,1.0222,0
1.0363,1.0624,1.0364,0
1.0358,1.061,1.0449,0
1.0356,1.0559,1.0481,0
1.0358,1.0483,1.0467,0
1.0365,1.0395,1.042,0
1.0375,1.0309,1.0355,0
1.0388,1.024,1.0287,0
1.0402,1.0197,1.0226,0
1.0416,1.0189,1.018,0
1.0427,1.0214,1.0155,0
1.0436,1.0267,1.0153,0
1.0441,1.0336,1.0173,0
1.0444,1.0407,1.0212,0
1.0445,1.0468,1.0265,0
1.0445,1.0514,1.032,0
1.0446,1.0543,1.0368,0
1.0449,1.0559,1.0404,0
1.0454,1.0566,1.0427,0
1.0463,1.0565,1.0439,0
1.0472,1.0559,1.0442,0
1.0482,1.0548,1.044,0
1.0491,1.0536,1.0439,0
1.0498,1.0525,1.0443,0
1.0502,1.0518,1.0454,0
1.0505,1.0515,1.0471,0
1.0506,1.0515,1.0489,0
1.0506,1.0518,1.0505,0
1.0506,1.0519,1.0515,0
1.0505,1.0517,1.0517,0
1.0504,1.0511,1.0514,0
1.0504,1.0503,1.0508,0
1.0505,1.0497,1.0502,0
1.0508,1.0495,1.0497,0
1.0512,1.0498,1.0492,0
1.0518,1.0506,1.0489,0
1.0525,1.0517,1.0487,0
1.0531,1.0529,1.0488,0
1.0536,1.054,1.0494,0
1.054,1.055,1.0505,0
1.0542,1.0557,1.0522,0
1.0544,1.0562,1.0542,0
1.0544,1.0564,1.0563,0
1.0543,1.0562,1.0579,0
1.0542,1.0557,1.0590000000000002,0
1.0541,1.0547,1.0594,0
1.054,1.0535,1.0590000000000002,0
1.054,1.0521,1.058,0
1.054,1.0508,1.0566,0
1.0541,1.0499,1.055,0
1.0542,1.0495,1.0536,0
1.0544,1.0498,1.0523,0
1.0546,1.0506,1.0516,0
1.0548,1.052,1.0513,0
1.055,1.0536,1.0517,0
1.0551,1.0552,1.0527,0
1.0552,1.0568,1.0542,0
1.0553,1.0579,1.0561,0
1.0553,1.0586,1.058,0
1.0553,1.0587,1.0597,0
1.0553,1.0581,1.0609,0
1.0552,1.057,1.0615,0
1.0552,1.0554,1.0613,0
1.0552,1.0536,1.0604,0
1.0552,1.0518,1.0588,0
1.0552,1.0503,1.0569,0
1.0552,1.0493,1.0547,0
1.0553,1.0490000000000002,1.0527,0
1.0553,1.0494,1.0512,0
1.0553,1.0506,1.0504,0
1.0553,1.0524,1.0504,0
1.0553,1.0544,1.0512,0
1.0553,1.0565,1.0527,0
1.0553,1.0582,1.0548,0
1.0553,1.0595,1.0571,0
1.0553,1.06,1.0593,0
1.0553,1.0598,1.061,0
1.0553,1.0588,1.0621,0
1.0553,1.0572,1.0624,0
1.0553,1.0552,1.0618,0
1.0554,1.0531,1.0605,0
1.0554,1.0511,1.0586,0
1.0554,1.0496,1.0563,0
1.0553,1.0488,1.0541,0
1.0553,1.0488,1.0522,0
1.0552,1.0495,1.0509,0
1.0551,1.0509,1.0504,0
1.0551,1.0527,1.0506,0
1.055,1.0547,1.0517,0
1.0549,1.0566,1.0533,0
1.0549,1.0581,1.0553,0
1.0549,1.0590000000000002,1.0573,0
1.0549,1.0592,1.0592,0
1.055,1.0587,1.0605,0
1.055,1.0576,1.0612,0
1.0551,1.056,1.0611,0
1.0551,1.0542,1.0603,0
1.0551,1.0524,1.0590000000000002,0
1.0551,1.051,1.0573,0
1.0551,1.0499,1.0555,0
1.055,1.0495,1.0538,0
1.0549,1.0497,1.0525,0
1.0548,1.0505,1.0517,0
1.0547,1.0517,1.0515,0
1.0546,1.0531,1.0519,0
1.0545,1.0546,1.0528,0
1.0544,1.0559,1.0541,0
1.0544,1.0568,1.0555,0
1.0544,1.0573,1.0567,0
1.0544,1.0572,1.0578,0
1.0544,1.0566,1.0584,0
1.0545,1.0557,1.0586,0
1.0545,1.0545,1.0583,0
1.0545,1.0533,1.0576,0
1.0545,1.0523,1.0567,0
1.0545,1.0514,1.0556,0
1.0544,1.0509,1.0545,0
1.0544,1.0508,1.0535,0
1.0543,1.051,1.0529,0
1.0541,1.0516,1.0525,0
1.054,1.0523,1.0526,0
1.0539,1.0532,1.053,0
1.0538,1.054,1.0535,0
1.0537,1.0546,1.0541,0
1.0537,1.055,1.0547,0
1.0536,1.0551,1.0552,0
1.0536,1.0549,1.0555,0
1.0536,1.0545,1.0555,0
1.0536,1.0539,1.0554,0
1.0536,1.0534,1.0551,0
1.0536,1.0528,1.0547,0
1.0536,1.0524,1.0543,0
1.0536,1.0521,1.0538,0
1.0536,1.052,1.0535,0
1.0535,1.052,1.0533,0
1.0534,1.0521,1.0532,0
1.0532,1.0522,1.0532,0
1.0531,1.0524,1.0533,0
1.053,1.0526,1.0534,0
1.0529,1.0527,1.0535,0
1.0528,1.0527,1.0534,0
1.0527,1.0527,1.0532,0
1.0526,1.0526,1.0529,0
1.0526,1.0525,1.0526,0
1.0526,1.0525,1.0523,0
1.0526,1.0524,1.0521,0
1.0526,1.0525,1.052,0
1.0526,1.0526,1.052,0
1.0526,1.0528,1.0522,0
1.0525,1.0528,1.0524,0
1.0525,1.0528,1.0527,0
1.0524,1.0527,1.0531,0
1.0523,1.0525,1.0533,0
1.0521,1.0522,1.0534,0
1.052,1.0518,1.0534,0
1.0518,1.0514,1.0531,0
1.0517,1.051,1.0526,0
1.0516,1.0506,1.0519,0
1.0515,1.0505,1.0512,0
1.0514,1.0504,1.0505,0
1.0514,1.0506,1.0499,0
1.0513,1.0509,1.0495,0
1.0513,1.0513,1.0494,0
1.0513,1.0518,1.0496,0
1.0513,1.0523,1.05,0
1.0513,1.0526,1.0505,0
1.0513,1.0528,1.0512,0
1.0512,1.0527,1.0517,0
1.0511,1.0524,1.0522,0
1.051,1.0518,1.0525,0
1.0508,1.0512,1.0525,0
1.0507,1.0505,1.0523,0
1.0505,1.0499,1.0517,0
1.0503,1.0493,1.051,0
1.0502,1.0490000000000002,1.0501,0
1.0501,1.0488,1.0492,0
1.05,1.0489,1.0484,0
1.05,1.0492,1.0479,0
1.0499,1.0497,1.0476,0
1.0499,1.0503,1.0476,0
1.0499,1.0509,1.0479,0
1.0499,1.0513,1.0485,0
1.0499,1.0516,1.0491,0
1.0498,1.0516,1.0498,0
1.0497,1.0514,1.0505,0
1.0496,1.051,1.0509,0
1.0495,1.0503,1.0511,0
1.0493,1.0496,1.051,0
1.0492,1.0489,1.0506,0
1.0490000000000002,1.0483,1.0499,0
1.0488,1.0478,1.0491,0
1.0487,1.0475,1.0482,0
1.0486,1.0475,1.0474,0
1.0485,1.0477,1.0467,0
1.0484,1.0481,1.0462,0
1.0484,1.0485,1.046,0
1.0483,1.0491,1.0462,0
1.0483,1.0495,1.0465,0
1.0483,1.0498,1.0471,0
1.0483,1.0499,1.0478,0
1.0482,1.0498,1.0484,0
1.0481,1.0495,1.0489,0
1.048,1.0490000000000002,1.0493,0
1.0479,1.0484,1.0494,0
1.0477,1.0478,1.0491,0
1.0475,1.0471,1.0487,0
1.0473,1.0466,1.048,0
1.0472,1.0463,1.0472,0
1.047,1.0461,1.0464,0
1.0469,1.0462,1.0456,0
1.0468,1.0464,1.045,0
1.0467,1.0467,1.0447,0
1.0467,1.0471,1.0446,0
1.0466,1.0475,1.0448,0
1.0466,1.0478,1.0451,0
1.0466,1.0479,1.0457,0
1.0466,1.0479,1.0463,0
1.0465,1.0477,1.0468,0
1.0464,1.0473,1.0472,0
1.0463,1.0469,1.0474,0
1.0461,1.0463,1.0474,0
1.0459,1.0458,1.0471,0
1.0457,1.0453,1.0466,0
1.0455,1.0449,1.046,0
1.0454,1.0446,1.0452,0
1.0452,1.0446,1.0445,0
1.0451,1.0447,1.0439,0
1.045,1.0449,1.0434,0
1.0449,1.0451,1.0432,0
1.0449,1.0454,1.0431,0
1.0448,1.0457,1.0433,0
1.0448,1.0458,1.0437,0
1.0448,1.0459,1.0441,0
1.0448,1.0457,1.0446,0
1.0447,1.0455,1.045,0
1.0446,1.0451,1.0453,0
1.0444,1.0447,1.0454,0
1.0443,1.0442,1.0453,0
1.0441,1.0438,1.045,0
1.0438,1.0434,1.0445,0
1.0436,1.0431,1.0439,0
1.0434,1.043,1.0433,0
1.0433,1.043,1.0427,0
1.0432,1.0431,1.0422,0
1.0431,1.0432,1.0418,0
1.043,1.0434,1.0416,0
1.043,1.0436,1.0416,0
1.043,1.0437,1.0418,0
1.0429,1.0437,1.042,0
1.0429,1.0436,1.0424,0
1.0429,1.0435,1.0427,0
1.0428,1.0432,1.043,0
1.0427,1.0428,1.0432,0
1.0425,1.0424,1.0432,0
1.0423,1.0421,1.043,0
1.0421,1.0417,1.0427,0
1.0419,1.0415,1.0423,0
1.0416,1.0413,1.0418,0
1.0414,1.0412,1.0413,0
1.0413,1.0412,1.0408,0
1.0412,1.0413,1.0404,0
1.0411,1.0414,1.0401,0
1.041,1.0415,1.04,0
1.041,1.0416,1.04,0
1.041,1.0416,1.0401,0
1.041,1.0415,1.0403,0
1.0409,1.0414,1.0405,0
1.0409,1.0411,1.0407,0
1.0408,1.0408,1.0409,0
1.0406,1.0405,1.041,0
1.0404,1.0402,1.0409,0
1.0402,1.0399,1.0408,0
1.04,1.0396,1.0405,0
1.0398,1.0395,1.0402,0
1.0396,1.0394,1.0397,0
1.0394,1.0393,1.0393,0
1.0392,1.0393,1.0389,0
1.0391,1.0394,1.0386,0
1.0390000000000001,1.0395,1.0384,0
1.0390000000000001,1.0395,1.0382,0
1.0390000000000001,1.0395,1.0382,0
1.0389,1.0394,1.0382,0
1.0389,1.0393,1.0383,0
1.0389,1.0391,1.0385,0
1.0388,1.0388,1.0386,0
1.0387,1.0385,1.0387,0
1.0385,1.0382,1.0387,0
1.0383,1.038,1.0386,0
1.0381,1.0377,1.0385,0
1.0379,1.0375,1.0383,0
1.0376,1.0374,1.038,0
1.0374,1.0373,1.0377,0
1.0372,1.0373,1.0373,0
1.0371,1.0374,1.037,0
1.037,1.0374,1.0367,0
1.0369,1.0374,1.0365,0
1.0369,1.0374,1.0364,0
1.0368,1.0373,1.0363,0
1.0368,1.0372,1.0362,0
1.0368,1.037,1.0363,0
1.0368,1.0368,1.0363,0
1.0367,1.0365,1.0364,0
1.0365,1.0362,1.0364,0
1.0363,1.036,1.0364,0
1.0361,1.0357,1.0363,0
1.0359,1.0355,1.0362,0
1.0357,1.0354,1.036,0
1.0354,1.0353,1.0358,0
1.0352,1.0353,1.0355,0
1.035,1.0353,1.0353,0
1.0349,1.0353,1.035,0
1.0348,1.0353,1.0348,0
1.0347,1.0353,1.0345,0
1.0347,1.0352,1.0344,0
1.0347,1.0351,1.0342,0
1.0347,1.0349,1.0341,0
1.0346,1.0347,1.0341,0
1.0346,1.0344,1.0341,0
1.0345,1.0342,1.0341,0
1.0343,1.0339,1.0341,0
1.0341,1.0337,1.0341,0
1.0339,1.0335,1.034,0
1.0336,1.0333,1.0339,0
1.0334,1.0332,1.0338,0
1.0332,1.0331,1.0336,0
1.0329,1.0331,1.0334,0
1.0328,1.0331,1.0331,0
1.0326,1.0331,1.0329,0
1.0326,1.0331,1.0326,0
1.0325,1.0331,1.0324,0
1.0325,1.0329,1.0322,0
1.0325,1.0328,1.032,0
1.0325,1.0326,1.0319,0
1.0324,1.0323,1.0319,0
1.0323,1.0321,1.0318,0
1.0322,1.0318,1.0318,0
1.032,1.0316,1.0318,0
1.0318,1.0313,1.0318,0
1.0316,1.0312,1.0318,0
1.0313,1.031,1.0317,0
1.0311,1.031,1.0315,0
1.0309,1.0309,1.0313,0
1.0306,1.0309,1.0311,0
1.0305,1.0309,1.0309,0
1.0304,1.0309,1.0306,0
1.0303,1.0309,1.0304,0
1.0303,1.0308,1.0301,0
1.0302,1.0306,1.0299,0
1.0302,1.0305,1.0298,0
1.0302,1.0302,1.0297,0
1.0302,1.03,1.0296,0
1.0301,1.0297,1.0296,0
1.0299,1.0294,1.0296,0
1.0297,1.0292,1.0295,0
1.0295,1.0290000000000001,1.0295,0
1.0292,1.0289,1.0295,0
1.0290000000000001,1.0287,1.0294,0
1.0287,1.0287,1.0292,0
1.0285,1.0287,1.0290000000000001,0
1.0283,1.0287,1.0288,0
1.0282,1.0287,1.0285,0
1.0281,1.0286,1.0283,0
1.028,1.0286,1.028,0
1.028,1.0285,1.0278,0
1.028,1.0283,1.0276,0
1.0279,1.0281,1.0275,0
1.0279,1.0278,1.0274,0
1.0279,1.0276,1.0273,0
1.0277,1.0273,1.0273,0
1.0276,1.0271,1.0272,0
1.0274,1.0268,1.0272,0
1.0271,1.0266,1.0272,0
1.0269,1.0265,1.0271,0
1.0266,1.0264,1.0270000000000001,0
1.0264,1.0264,1.0269,0
1.0261,1.0264,1.0267,0
1.026,1.0264,1.0264,0
1.0258,1.0264,1.0262,0
1.0257,1.0263,1.0259,0
1.0257,1.0262,1.0257,0
1.0257,1.0261,1.0254,0
1.0256,1.0259,1.0252,0
1.0256,1.0257,1.0251,0
1.0256,1.0254,1.025,0
1.0255,1.0251,1.0249,0
1.0254,1.0249,1.0249,0
1.0252,1.0246,1.0249,0
1.025,1.0244,1.0249,0
1.0247,1.0243,1.0249,0
1.0245,1.0242,1.0248,0
1.0242,1.0241,1.0247,0
1.0239,1.0241,1.0245,0
1.0237,1.024,1.0243,0
1.0236,1.024,1.024,0
1.0234,1.024,1.0238,0
1.0234,1.024,1.0235,0
1.0233,1.0239,1.0232,0
1.0233,1.0237,1.023,0
1.0233,1.0235,1.0229,0
1.0233,1.0232,1.0227,0
1.0232,1.023,1.0226,0
1.0231,1.0227,1.0226,0
1.023,1.0224,1.0226,0
1.0228,1.0222,1.0226,0
1.0225,1.022,1.0225,0
1.0223,1.0219,1.0225,0
1.022,1.0218,1.0224,0
1.0218,1.0217,1.0223,0
1.0215,1.0217,1.0221,0
1.0213,1.0217,1.0219,0
1.0212,1.0217,1.0216,0
1.021,1.0217,1.0213,0
1.021,1.0216,1.0211,0
1.021,1.0214,1.0208,0
1.0209,1.0213,1.0206,0
1.0209,1.021,1.0204,0
1.0209,1.0208,1.0203,0
1.0208,1.0205,1.0202,0
1.0207,1.0202,1.0202,0
1.0206,1.02,1.0202,0
1.0203,1.0198,1.0202,0
1.0201,1.0196,1.0202,0
1.0198,1.0195,1.0201,0
1.0196,1.0194,1.02,0
1.0193,1.0193,1.0198,0
1.0191,1.0193,1.0196,0
1.0189,1.0193,1.0194,0
1.0187,1.0193,1.0191,0
1.0186,1.0193,1.0189,0
1.0186,1.0192,1.0186,0
1.0186,1.0190000000000001,1.0184,0
1.0186,1.0188,1.0182,0
1.0185,1.0186,1.018,0
1.0185,1.0183,1.0179,0
1.0184,1.018,1.0178,0
1.0183,1.0178,1.0178,0
1.0181,1.0175,1.0178,0
1.0179,1.0173,1.0178,0
1.0176,1.0172,1.0177,0
1.0173,1.0170000000000001,1.0177,0
1.0171,1.0170000000000001,1.0176,0
1.0168,1.0169,1.0174,0
1.0166,1.0169,1.0172,0
1.0164,1.0169,1.0169,0
1.0163,1.0169,1.0167,0
1.0162,1.0168,1.0164,0
1.0162,1.0167,1.0161,0
1.0162,1.0165,1.0159,0
1.0162,1.0163,1.0157,0
1.0161,1.0161,1.0156,0
1.0161,1.0158,1.0155,0
1.016,1.0155,1.0154,0
1.0158,1.0153,1.0154,0
1.0156,1.015,1.0154,0
1.0154,1.0148,1.0154,0
1.0151,1.0147,1.0153,0
1.0148,1.0146,1.0152,0
1.0146,1.0146,1.0151,0
1.0143,1.0145,1.0149,0
1.0141,1.0145,1.0147,0
1.014,1.0145,1.0144,0
1.0139,1.0145,1.0142,0
1.0138,1.0144,1.0139,0
1.0138,1.0143,1.0136,0
1.0137,1.0141,1.0134,0
1.0137,1.0138,1.0132,0
1.0137,1.0136,1.0131,0
1.0136,1.0133,1.013,0
1.0135,1.013,1.013,0
1.0134,1.0128,1.013,0
1.0131,1.0125,1.0129,0
1.0129,1.0124,1.0129,0
1.0126,1.0122,1.0129,0
1.0123,1.0122,1.0128,0
1.0121,1.0121,1.0126,0
1.0118,1.0121,1.0124,0
1.0116,1.0121,1.0122,0
1.0115,1.0121,1.0119,0
1.0114,1.012,1.0117,0
1.0113,1.0119,1.0114,0
1.0113,1.0118,1.0111,0
1.0113,1.0116,1.0109,0
1.0113,1.0113,1.0108,0
1.0113,1.011,1.0106,0
1.0112,1.0108,1.0106,0
1.0111,1.0105,1.0105,0
1.0109,1.0103,1.0105,0
1.0106,1.01,1.0105,0
1.0104,1.0099,1.0105,0
1.0101,1.0098,1.0104,0
1.0098,1.0097,1.0103,0
1.0096,1.0097,1.0102,0
1.0093,1.0097,1.0099,0
1.0092,1.0097,1.0097,0
1.0090000000000001,1.0097,1.0094,0
1.0089,1.0096,1.0091,0
1.0089,1.0095,1.0089,0
1.0089,1.0093,1.0086,0
1.0089,1.0090000000000001,1.0084,0
1.0089,1.0088,1.0083,0
1.0088,1.0085,1.0082,0
1.0087,1.0082,1.0081,0
1.0086,1.008,1.0081,0
1.0084,1.0077,1.0081,0
1.0081,1.0076,1.0081,0
1.0078,1.0074,1.008,0
1.0076,1.0073,1.008,0
1.0073,1.0073,1.0078,0
1.0070000000000001,1.0073,1.0077,0
1.0068,1.0072,1.0074,0
1.0067,1.0072,1.0072,0
1.0066,1.0072,1.0069,0
1.0065,1.0071,1.0066,0
1.0065,1.0070000000000001,1.0064,0
1.0064,1.0068,1.0061,0
1.0064,1.0065,1.0059,0
1.0064,1.0063,1.0058,0
1.0063,1.006,1.0057,0
1.0062,1.0057,1.0057,0
1.0061,1.0054,1.0056,0
1.0058,1.0052,1.0056,0
1.0056,1.0051,1.0056,0
1.0053,1.0049,1.0056,0
1.005,1.0049,1.0055,0
1.0048,1.0048,1.0053,0
1.0045,1.0048,1.0051,0
1.0043,1.0048,1.0049,0
1.0042,1.0048,1.0046,0
1.0041,1.0047,1.0044,0
1.004,1.0046,1.0041,0
1.004,1.0045,1.0038,0
1.004,1.0042,1.0036,0
1.004,1.004,1.0034,0
1.0039,1.0037,1.0033,0
1.0039,1.0034,1.0032,0
1.0037,1.0032,1.0032,0
1.0035,1.0029,1.0032,0
1.0033,1.0027,1.0032,0
1.003,1.0026,1.0032,0
1.0028,1.0024,1.0031,0
1.0025,1.0024,1.003,0
1.0022,1.0024,1.0028,0
1.002,1.0024,1.0026,0
1.0018,1.0023,1.0024,0
1.0017,1.0023,1.0021,0
1.0016,1.0022,1.0018,0
1.0016,1.0021,1.0015,0
1.0015,1.0019,1.0013,0
1.0015,1.0017,1.0011,0
1.0015,1.0014,1.0009,0
1.0015,1.0012,1.0008,0
1.0014,1.0009,1.0008,0
1.0012,1.0006,1.0007,0
1.001,1.0004,1.0007,0
1.0008,1.0002,1.0007,0
1.0005,1.0001,1.0007,0
1.0002,0.99997,1.0006,0
0.99995,0.99992,1.0005,0
0.9997,0.9999,1.0003,0
0.9994799999999999,0.9999,1.0001,0
0.99931,0.9998799999999999,0.9998299999999999,0
0.9991899999999999,0.99984,0.99956,0
0.9991200000000001,0.99975,0.9992700000000001,0
0.9990899999999999,0.99961,0.9990100000000001,0
0.99908,0.99941,0.99877,0
0.99908,0.9991700000000001,0.9985799999999999,0
0.99905,0.9989,0.9984299999999999,0
0.9989899999999999,0.9986200000000001,0.99834,0
0.9988799999999999,0.99834,0.99829,0
0.99871,0.9980899999999999,0.9982700000000001,0
0.99849,0.99787,0.99826,0
0.99823,0.99769,0.99825,0
0.99795,0.9975700000000001,0.99821,0
0.9976700000000001,0.99749,0.99813,0
0.9974,0.99745,0.9979899999999999,0
0.99716,0.99744,0.9978,0
0.9969600000000001,0.99744,0.99756,0
0.9968100000000001,0.9974200000000001,0.99729,0
0.99671,0.99736,0.9970100000000001,0
0.99665,0.99725,0.9967299999999999,0
0.9966299999999999,0.9970899999999999,0.9964700000000001,0
0.9966200000000001,0.9968799999999999,0.99625,0
0.99661,0.9966299999999999,0.9960700000000001,0
0.9965799999999999,0.99635,0.9959399999999999,0
0.9965,0.9960700000000001,0.9958600000000001,0
0.9963700000000001,0.9958,0.99582,0
0.9961899999999999,0.99555,0.9958100000000001,0
0.99595,0.99535,0.9958,0
0.99569,0.99519,0.9957799999999999,0
0.99541,0.99508,0.9957299999999999,0
0.99513,0.9950100000000001,0.9956299999999999,0
0.9948600000000001,0.9949899999999999,0.9954799999999999,0
0.9946299999999999,0.99498,0.9952700000000001,0
0.99445,0.99498,0.9950200000000001,0
0.99431,0.99495,0.99474,0
0.99423,0.99487,0.99446,0
0.99418,0.99475,0.99419,0
0.9941700000000001,0.9945700000000001,0.9939399999999999,0
0.99416,0.99435,0.9937299999999999,0
0.99415,0.99408,0.99356,0
0.9941,0.9938,0.99345,0
0.9940100000000001,0.9935200000000001,0.9933799999999999,0
0.9938600000000001,0.99326,0.99335,0
0.99366,0.9930200000000001,0.99335,0
0.99341,0.9928299999999999,0.99334,0
0.9931399999999999,0.99269,0.99331,0
0.9928600000000001,0.99259,0.99325,0
0.9925799999999999,0.99254,0.99313,0
0.9923299999999999,0.9925299999999999,0.9929600000000001,0
0.99211,0.9925200000000001,0.9927299999999999,0
0.9919399999999999,0.99251,0.9924700000000001,0
0.99182,0.9924700000000001,0.99219,0
0.99175,0.9923799999999999,0.9919100000000001,0
0.99172,0.99224,0.99165,0
0.9917100000000001,0.99205,0.99141,0
0.9917,0.9918100000000001,0.99121,0
0.9916799999999999,0.99154,0.99106,0
0.9916200000000001,0.99125,0.9909600000000001,0
0.99151,0.99098,0.9909100000000001,0
0.99134,0.99072,0.9908899999999999,0
0.99113,0.9905,0.9908899999999999,0
0.99087,0.9903200000000001,0.9908799999999999,0
0.99059,0.99019,0.9908399999999999,0
0.99031,0.9901200000000001,0.9907600000000001,0
0.9900399999999999,0.99008,0.9906200000000001,0
0.9898,0.9900700000000001,0.9904299999999999,0
0.98959,0.9900700000000001,0.9902,0
0.98944,0.99005,0.98993,0
0.98934,0.9899899999999999,0.98965,0
0.9892799999999999,0.9898899999999999,0.9893700000000001,0
0.98926,0.9897299999999999,0.98911,0
0.98925,0.9895200000000001,0.98888,0
0.98924,0.9892700000000001,0.9887,0
0.98921,0.9889899999999999,0.9885700000000001,0
0.9891399999999999,0.9887100000000001,0.98849,0
0.9890100000000001,0.98844,0.98845,0
0.98882,0.98819,0.9884299999999999,0
0.98859,0.98798,0.9884299999999999,0
0.9883299999999999,0.98782,0.9884200000000001,0
0.98805,0.9877100000000001,0.9883700000000001,0
0.98777,0.98765,0.9882700000000001,0
0.9875,0.98762,0.9881200000000001,0
0.9872700000000001,0.98761,0.9879100000000001,0
0.9870899999999999,0.98761,0.98766,0
0.98695,0.9875799999999999,0.98739,0
0.9868600000000001,0.98751,0.98711,0
0.9868100000000001,0.98739,0.9868299999999999,0
0.9868,0.98721,0.9865799999999999,0
0.9868,0.9869899999999999,0.9863700000000001,0
0.9867799999999999,0.9867299999999999,0.9862,0
0.98674,0.98645,0.9860899999999999,0
0.98665,0.9861700000000001,0.9860200000000001,0
0.9865,0.9859,0.9859899999999999,0
0.9863,0.98567,0.98598,0
0.98606,0.9854700000000001,0.98598,0
0.9857899999999999,0.9853299999999999,0.98595,0
0.98551,0.9852299999999999,0.9858899999999999,0
0.9852299999999999,0.98518,0.98577,0
0.98498,0.9851700000000001,0.9856,0
0.9847600000000001,0.98516,0.9853799999999999,0
0.98459,0.98515,0.98513,0
0.98446,0.98511,0.98485,0
0.98439,0.98503,0.9845700000000001,0
0.98436,0.9848899999999999,0.9843,0
0.98435,0.9847,0.98406,0
0.98435,0.98446,0.9838600000000001,0
0.9843200000000001,0.98419,0.9837100000000001,0
0.9842700000000001,0.9839100000000001,0.98361,0
0.98416,0.9836299999999999,0.98356,0
0.9840000000000001,0.9833700000000001,0.98354,0
0.9837799999999999,0.98315,0.9835299999999999,0
0.9835299999999999,0.9829700000000001,0.9835299999999999,0
0.98325,0.9828399999999999,0.98349,0
0.9829700000000001,0.98277,0.98341,0
0.9827,0.9827299999999999,0.9832799999999999,0
0.98246,0.98272,0.9830899999999999,0
0.98225,0.98272,0.9828600000000001,0
0.9821,0.9827,0.98259,0
0.9819899999999999,0.98265,0.98231,0
0.98193,0.98255,0.98203,0
0.9819100000000001,0.98239,0.98177,0
0.9819,0.9821799999999999,0.98155,0
0.9819,0.98193,0.98136,0
0.98187,0.9816600000000001,0.9812299999999999,0
0.9818,0.9813799999999999,0.98115,0
0.98167,0.9811,0.9811,0
0.98149,0.9808600000000001,0.98109,0
0.98126,0.98065,0.98109,0
0.981,0.98049,0.98108,0
0.98072,0.9803700000000001,0.98103,0
0.98044,0.98031,0.98093,0
0.9801799999999999,0.9802799999999999,0.9807799999999999,0
0.97995,0.9802799999999999,0.9805799999999999,0
0.9797600000000001,0.9802700000000001,0.98034,0
0.97962,0.98025,0.9800700000000001,0
0.9795299999999999,0.9801799999999999,0.9797799999999999,0
0.9794799999999999,0.98006,0.97951,0
0.9794700000000001,0.9798899999999999,0.97926,0
0.97946,0.97967,0.97905,0
0.97945,0.97941,0.97888,0
0.97941,0.97913,0.9787600000000001,0
0.9793200000000001,0.97885,0.97869,0
0.9791799999999999,0.9785799999999999,0.9786600000000001,0
0.9789899999999999,0.97835,0.97865,0
0.97875,0.97815,0.97865,0
0.9784799999999999,0.97801,0.9786299999999999,0
0.9782,0.9779100000000001,0.97857,0
0.9779200000000001,0.9778600000000001,0.97846,0
0.97767,0.9778399999999999,0.97829,0
0.97745,0.9778399999999999,0.9780700000000001,0
0.9772700000000001,0.97783,0.97782,0
0.97715,0.9778,0.97754,0
0.97708,0.97772,0.97726,0
0.9770399999999999,0.9775799999999999,0.9769899999999999,0
0.97703,0.97739,0.97675,0
0.97703,0.97716,0.97655,0
0.97701,0.9768899999999999,0.9764,0
0.97696,0.9766100000000001,0.9763,0
0.97685,0.9763299999999999,0.97625,0
0.97669,0.97608,0.9762299999999999,0
0.9764799999999999,0.97585,0.9762200000000001,0
0.9762299999999999,0.97567,0.9762200000000001,0
0.97596,0.97554,0.9761799999999999,0
0.9756799999999999,0.97546,0.97611,0
0.97541,0.9754299999999999,0.97598,0
0.97516,0.97541,0.9758,0
0.97496,0.97541,0.97557,0
0.9748,0.9754,0.97531,0
0.9747,0.97535,0.97503,0
0.97464,0.97525,0.97475,0
0.9746100000000001,0.9751,0.97449,0
0.9746100000000001,0.9749,0.97426,0
0.9746,0.97465,0.97408,0
0.9745799999999999,0.9743799999999999,0.97395,0
0.97451,0.9741,0.9738600000000001,0
0.97439,0.97383,0.97382,0
0.97421,0.9735799999999999,0.9738100000000001,0
0.9739899999999999,0.9733799999999999,0.9738100000000001,0
0.9737299999999999,0.9732200000000001,0.9737899999999999,0
0.97346,0.9731,0.97375,0
0.9731799999999999,0.97304,0.9736600000000001,0
0.9729200000000001,0.97301,0.97351,0
0.9726899999999999,0.97301,0.9733200000000001,0
0.97251,0.973,0.97308,0
0.9723700000000001,0.97298,0.97282,0
0.9722799999999999,0.9729200000000001,0.97254,0
0.9722299999999999,0.9728100000000001,0.9722700000000001,0
0.9722200000000001,0.97264,0.97203,0
0.9722200000000001,0.9724299999999999,0.9718200000000001,0
0.97221,0.9721799999999999,0.97165,0
0.9721700000000001,0.97191,0.97154,0
0.97209,0.97164,0.9714700000000001,0
0.97195,0.9713799999999999,0.97144,0
0.97177,0.97115,0.9714299999999999,0
0.97154,0.97096,0.9714299999999999,0
0.9712799999999999,0.9708200000000001,0.97141,0
0.97101,0.97073,0.97136,0
0.97075,0.9706799999999999,0.97125,0
0.97051,0.9706600000000001,0.9711,0
0.9703,0.9706600000000001,0.9709,0
0.97014,0.9706600000000001,0.9706600000000001,0
0.9700200000000001,0.97062,0.9704,0
0.96995,0.97055,0.97014,0
0.96991,0.9704299999999999,0.9698899999999999,0
0.9699,0.97025,0.9696600000000001,0
0.9699,0.97004,0.96947,0
0.9698899999999999,0.9697899999999999,0.9693299999999999,0
0.9698399999999999,0.96954,0.96924,0
0.96975,0.9692799999999999,0.9691799999999999,0
0.9696100000000001,0.96905,0.9691700000000001,0
0.9694200000000001,0.9688399999999999,0.96916,0
0.96919,0.9686799999999999,0.96916,0
0.96895,0.9685600000000001,0.9691299999999999,0
0.9687,0.9684799999999999,0.9690700000000001,0
0.96846,0.96845,0.96895,0
0.96824,0.96844,0.9688,0
0.96805,0.96844,0.9686,0
0.96791,0.9684299999999999,0.9683700000000001,0
0.9678100000000001,0.96839,0.9681200000000001,0
0.9677600000000001,0.9683,0.96788,0
0.9677399999999999,0.9681799999999999,0.9676600000000001,0
0.96773,0.968,0.96746,0
0.96773,0.9678,0.96729,0
0.9677100000000001,0.96757,0.9671799999999999,0
0.96765,0.9673299999999999,0.9671,0
0.9675600000000001,0.9671,0.96706,0
0.96741,0.9668899999999999,0.96705,0
0.9672299999999999,0.9667100000000001,0.96705,0
0.9670200000000001,0.96657,0.96704,0
0.9667899999999999,0.96647,0.96701,0
0.9665600000000001,0.9664200000000001,0.9669399999999999,0
0.96635,0.96639,0.9668200000000001,0
0.96616,0.96639,0.96667,0
0.966,0.96639,0.9664799999999999,0
0.96588,0.9663700000000001,0.9662700000000001,0
0.9658,0.9663200000000001,0.96605,0
0.9657600000000001,0.96624,0.96583,0
0.96575,0.96611,0.9656299999999999,0
0.96575,0.96595,0.96546,0
0.9657399999999999,0.96575,0.9653200000000001,0
0.96572,0.96554,0.9652200000000001,0
0.9656600000000001,0.9653299999999999,0.96516,0
0.9655600000000001,0.9651299999999999,0.96514,0
0.9654200000000001,0.9649399999999999,0.9651299999999999,0
0.96525,0.9647899999999999,0.9651299999999999,0
0.96505,0.96467,0.9651200000000001,0
0.96485,0.96459,0.9650799999999999,0
0.9646399999999999,0.96455,0.96501,0
0.96445,0.96454,0.9648899999999999,0
0.96429,0.9645299999999999,0.96475,0
0.96415,0.9645299999999999,0.96457,0
0.96406,0.9645100000000001,0.9643799999999999,0
0.9640000000000001,0.96446,0.9641799999999999,0
0.9639700000000001,0.9643799999999999,0.96399,0
0.96396,0.96425,0.9638100000000001,0
0.96396,0.9641,0.9636600000000001,0
0.96395,0.9639200000000001,0.96355,0
0.9639200000000001,0.96373,0.96347,0
0.96386,0.96354,0.9634299999999999,0
0.9637600000000001,0.96336,0.96341,0
0.9636299999999999,0.9632,0.96341,0
0.96347,0.9630700000000001,0.96341,0
0.96329,0.96298,0.96339,0
0.96311,0.9629200000000001,0.96335,0
0.96293,0.9628899999999999,0.9632799999999999,0
0.9627700000000001,0.96288,0.9631700000000001,0
0.9626299999999999,0.96288,0.9630299999999999,0
0.96252,0.96288,0.9628700000000001,0
0.96244,0.96285,0.9627,0
0.96239,0.9628,0.96252,0
0.9623799999999999,0.96272,0.96236,0
0.9623700000000001,0.9626,0.96221,0
0.9623700000000001,0.96246,0.96209,0
0.96236,0.9623,0.96199,0
0.9623299999999999,0.9621299999999999,0.96193,0
0.9622700000000001,0.9619700000000001,0.9619,0
0.9621700000000001,0.9618200000000001,0.9618899999999999,0
0.96205,0.96168,0.9618899999999999,0
0.96191,0.9615799999999999,0.9618899999999999,0
0.96175,0.9615,0.9618700000000001,0
0.9616,0.96146,0.96183,0
0.96144,0.96144,0.9617600000000001,0
0.96131,0.9614299999999999,0.9616600000000001,0
0.96119,0.9614299999999999,0.9615299999999999,0
0.9611,0.9614299999999999,0.96139,0
0.96104,0.9614,0.96124,0
0.96101,0.96135,0.9611,0
0.961,0.9612700000000001,0.96096,0
0.961,0.9611700000000001,0.9608399999999999,0
0.961,0.96104,0.9607399999999999,0
0.96099,0.96091,0.9606600000000001,0
0.96096,0.9607700000000001,0.96062,0
0.9609,0.9606299999999999,0.9606,0
0.96081,0.9605100000000001,0.9605899999999999,0
0.9607100000000001,0.9604,0.9605899999999999,0
0.9605799999999999,0.9603200000000001,0.9605899999999999,0
0.96045,0.96026,0.96057,0
0.9603200000000001,0.9602299999999999,0.9605299999999999,0
0.9602,0.96021,0.96047,0
0.96009,0.96021,0.9603799999999999,0
0.96,0.96021,0.9602799999999999,0
0.95993,0.96021,0.96016,0
0.95988,0.9601799999999999,0.9600299999999999,0
0.95986,0.9601299999999999,0.95991,0
0.95985,0.9600700000000001,0.9598,0
0.95986,0.9599799999999999,0.9597,0
0.95986,0.9598700000000001,0.9596299999999999,0
0.9598399999999999,0.9597600000000001,0.95957,0
0.95981,0.95965,0.95954,0
0.9597600000000001,0.95954,0.9595299999999999,0
0.9596899999999999,0.95944,0.95952,0
0.9596,0.95935,0.9595299999999999,0
0.9595,0.95929,0.95952,0
0.9594,0.95925,0.9595,0
0.95929,0.9592200000000001,0.95947,0
0.95919,0.9592200000000001,0.95941,0
0.95911,0.9592200000000001,0.95934,0
0.9590299999999999,0.9592200000000001,0.95926,0
0.9589799999999999,0.95921,0.95916,0
0.95895,0.95919,0.95906,0
0.95894,0.95915,0.9589700000000001,0
0.95893,0.95909,0.95888,0
0.95894,0.9590200000000001,0.9588,0
0.95894,0.95894,0.95875,0
0.9589200000000001,0.95885,0.9587100000000001,0
0.9589,0.9587600000000001,0.95868,0
0.95886,0.95867,0.95868,0
0.9588,0.9586,0.95868,0
0.95873,0.95854,0.95868,0
0.95865,0.95849,0.95867,0
0.95857,0.9584600000000001,0.9586600000000001,0
0.95849,0.95844,0.95863,0
0.95841,0.95844,0.9585899999999999,0
0.95835,0.95844,0.9585299999999999,0
0.95829,0.95844,0.9584600000000001,0
0.95826,0.95844,0.95839,0
0.95824,0.95842,0.9583200000000001,0
0.9582299999999999,0.95839,0.95824,0
0.9582299999999999,0.95834,0.9581799999999999,0
0.9582299999999999,0.95829,0.9581200000000001,0
0.9582299999999999,0.9582299999999999,0.9580799999999999,0
0.9582200000000001,0.95816,0.95805,0
0.9582,0.95809,0.95804,0
0.9581700000000001,0.9580299999999999,0.9580299999999999,0
0.9581299999999999,0.9579700000000001,0.95804,0
0.9580700000000001,0.95793,0.95804,0
0.9580200000000001,0.9579,0.95804,0
0.95796,0.9578700000000001,0.9580200000000001,0
0.9579,0.9578700000000001,0.958,0
0.9578399999999999,0.95786,0.9579700000000001,0
0.9578,0.9578700000000001,0.95793,0
0.9577600000000001,0.9578700000000001,0.95788,0
0.95773,0.95786,0.95783,0
0.9577200000000001,0.95785,0.95778,0
0.9577100000000001,0.95783,0.95773,0
0.9577100000000001,0.9578,0.95768,0
0.9577200000000001,0.9577600000000001,0.9576399999999999,0
0.9577200000000001,0.9577200000000001,0.9576100000000001,0
0.9577100000000001,0.95768,0.9576,0
0.9577,0.95763,0.9575899999999999,0
0.95768,0.9575899999999999,0.9575799999999999,0
0.95765,0.95755,0.9575899999999999,0
0.95762,0.95752,0.9575899999999999,0
0.9575799999999999,0.95749,0.9575899999999999,0
0.95754,0.9574799999999999,0.9575799999999999,0
0.9575,0.95747,0.95757,0
0.95747,0.95747,0.95755,0
0.95744,0.9574799999999999,0.9575299999999999,0
0.95741,0.9574799999999999,0.9575,0
0.95739,0.9574799999999999,0.95747,0
0.9573799999999999,0.9574799999999999,0.95744,0
0.9573799999999999,0.95747,0.9574,0
0.9573799999999999,0.95745,0.95737,0
0.95739,0.9574299999999999,0.95735,0
0.95739,0.95741,0.9573299999999999,0
0.95739,0.9573799999999999,0.95731,0
0.95739,0.95735,0.95731,0
0.9573799999999999,0.9573200000000001,0.95731,0
0.95737,0.9573,0.95731,0
0.95735,0.9572799999999999,0.9573200000000001,0
0.9573299999999999,0.95726,0.9573200000000001,0
0.95731,0.95725,0.9573200000000001,0
0.95729,0.95725,0.9573200000000001,0
0.9572700000000001,0.95725,0.9573200000000001,0
0.95725,0.95726,0.95731,0
0.9572299999999999,0.95726,0.9573,0
0.9572200000000001,0.9572700000000001,0.9572799999999999,0
0.95721,0.9572700000000001,0.95726,0
0.95721,0.9572799999999999,0.95725,0
0.95721,0.9572700000000001,0.9572299999999999,0
0.9572200000000001,0.9572700000000001,0.95721,0
0.9572299999999999,0.95726,0.9572,0
0.95724,0.95725,0.95719,0
0.95724,0.95724,0.95719,0
0.95725,0.9572200000000001,0.95719,0
0.95725,0.95721,0.95719,0
0.95725,0.9572,0.9572,0
0.95725,0.95719,0.95721,0
0.95724,0.9571799999999999,0.9572200000000001,0
0.9572299999999999,0.9571799999999999,0.9572299999999999,0
0.9572200000000001,0.9571799999999999,0.95724,0
0.95721,0.95719,0.95725,0
0.9572,0.9572,0.95725,0
0.95719,0.95721,0.95725,0
0.95719,0.9572299999999999,0.95725,0
0.95719,0.95724,0.95724,0
0.95719,0.95725,0.9572299999999999,0
0.9572,0.95726,0.9572200000000001,0
0.95721,0.9572700000000001,0.9572200000000001,0
0.9572299999999999,0.9572700000000001,0.95721,0
0.95725,0.9572700000000001,0.95721,0
0.9572700000000001,0.9572700000000001,0.95721,0
0.9572799999999999,0.95726,0.9572200000000001,0
0.9573,0.95725,0.9572299999999999,0
0.95731,0.95725,0.95725,0
0.95731,0.95724,0.9572700000000001,0
0.95731,0.95724,0.95729,0
0.95731,0.95725,0.95731,0
0.95731,0.95726,0.9573299999999999,0
0.9573,0.9572700000000001,0.95735,0
0.95729,0.95729,0.95736,0
0.95729,0.9573200000000001,0.95737,0
0.95729,0.95734,0.95737,0
0.9573,0.95737,0.95737,0
0.95731,0.95739,0.95736,0
0.9573299999999999,0.95741,0.95736,0
0.95736,0.95742,0.95735,0
0.95739,0.9574299999999999,0.95735,0
0.95741,0.95744,0.95735,0
0.95744,0.95744,0.95736,0
0.95747,0.9574299999999999,0.9573799999999999,0
0.95749,0.9574299999999999,0.95741,0
0.9575,0.95742,0.95744,0
0.9575100000000001,0.95742,0.95747,0
0.95752,0.9574299999999999,0.9575,0
0.95752,0.95744,0.9575299999999999,0
0.9575100000000001,0.95747,0.9575600000000001,0
0.9575100000000001,0.9575,0.9575799999999999,0
0.9575,0.9575299999999999,0.9576,0
0.9575100000000001,0.95757,0.9576100000000001,0
0.95752,0.9576,0.9576100000000001,0
0.95754,0.9576399999999999,0.9576100000000001,0
0.9575600000000001,0.9576600000000001,0.9576,0
0.9576,0.9576899999999999,0.9576,0
0.9576399999999999,0.9577,0.9576,0
0.95768,0.9577100000000001,0.9576,0
0.9577200000000001,0.9577100000000001,0.95762,0
0.95775,0.9577100000000001,0.9576399999999999,0
0.95778,0.9577,0.95768,0
0.9578,0.9577,0.9577100000000001,0
0.9578200000000001,0.9577,0.9577600000000001,0
0.9578200000000001,0.9577100000000001,0.9578,0
0.9578200000000001,0.95773,0.9578399999999999,0
0.9578200000000001,0.9577600000000001,0.95788,0
0.95781,0.9578,0.95791,0
0.95781,0.9578399999999999,0.95793,0
0.9578200000000001,0.9578899999999999,0.95794,0
0.95783,0.95793,0.95794,0
0.95786,0.9579799999999999,0.95794,0
0.9578899999999999,0.95801,0.95794,0
0.95794,0.95804,0.95794,0
0.9579799999999999,0.95806,0.95794,0
0.9580299999999999,0.9580700000000001,0.95795,0
0.9580799999999999,0.9580700000000001,0.9579700000000001,0
0.9581200000000001,0.9580700000000001,0.958,0
0.95816,0.9580700000000001,0.95804,0
0.9581799999999999,0.95806,0.9580799999999999,0
0.9582,0.9580700000000001,0.95814,0
0.95821,0.9580799999999999,0.95819,0
0.95821,0.95811,0.9582299999999999,0
0.95821,0.95815,0.9582799999999999,0
0.9582,0.95819,0.95831,0
0.9582,0.95824,0.9583299999999999,0
0.95821,0.9583,0.95835,0
0.9582299999999999,0.95835,0.95835,0
0.95826,0.9584,0.95835,0
0.95831,0.95844,0.95835,0
0.95836,0.95847,0.95835,0
0.95841,0.95849,0.95835,0
0.95847,0.9585,0.95836,0
0.95852,0.9585,0.95839,0
0.95857,0.9585,0.9584299999999999,0
0.9586100000000001,0.9585,0.95847,0
0.9586399999999999,0.9585,0.9585299999999999,0
0.95865,0.9585100000000001,0.9585899999999999,0
0.9586600000000001,0.9585299999999999,0.95865,0
0.9586600000000001,0.9585600000000001,0.9587,0
0.9586600000000001,0.9586,0.9587399999999999,0
0.95865,0.95865,0.95878,0
0.9586600000000001,0.9587100000000001,0.95881,0
0.95867,0.9587700000000001,0.9588200000000001,0
0.9587,0.95883,0.9588200000000001,0
0.95873,0.95888,0.9588200000000001,0
0.95878,0.95893,0.9588200000000001,0
0.9588399999999999,0.95896,0.9588200000000001,0
0.9589,0.9589799999999999,0.9588200000000001,0
0.95896,0.95899,0.9588399999999999,0
0.9590200000000001,0.95899,0.9588700000000001,0
0.9590700000000001,0.95899,0.9589200000000001,0
0.95911,0.9589799999999999,0.9589700000000001,0
0.95914,0.95899,0.9590299999999999,0
0.95916,0.9590000000000001,0.9591,0
0.95916,0.9590200000000001,0.95916,0
0.95916,0.95906,0.9592200000000001,0
0.95916,0.95911,0.95926,0
0.95916,0.9591700000000001,0.9593,0
0.95916,0.95924,0.9593200000000001,0
0.9591799999999999,0.9593,0.95934,0
0.95921,0.95936,0.95934,0
0.95926,0.95941,0.95934,0
0.95931,0.9594600000000001,0.9593299999999999,0
0.9593700000000001,0.95949,0.9593299999999999,0
0.95944,0.9595100000000001,0.95935,0
0.9595100000000001,0.95952,0.9593700000000001,0
0.95957,0.95952,0.95941,0
0.95962,0.95952,0.9594600000000001,0
0.9596600000000001,0.9595100000000001,0.95952,0
0.95968,0.95952,0.9595799999999999,0
0.9597,0.9595299999999999,0.95965,0
0.9597,0.9595600000000001,0.95972,0
0.9597,0.9596100000000001,0.9597700000000001,0
0.9597,0.9596600000000001,0.9598200000000001,0
0.9597,0.95973,0.95986,0
0.9597100000000001,0.9598,0.95988,0
0.95973,0.95986,0.9598899999999999,0
0.9597700000000001,0.95993,0.9598899999999999,0
0.9598200000000001,0.9599799999999999,0.9598899999999999,0
0.95988,0.9600200000000001,0.95988,0
0.95995,0.96005,0.9598899999999999,0
0.96001,0.9600700000000001,0.9599,0
0.9600799999999999,0.9600799999999999,0.95993,0
0.96014,0.9600799999999999,0.9599700000000001,0
0.96019,0.9600700000000001,0.9600299999999999,0
0.9602299999999999,0.9600700000000001,0.96009,0
0.96025,0.9600799999999999,0.96016,0
0.9602700000000001,0.9601,0.9602299999999999,0
0.9602700000000001,0.96014,0.9603,0
0.96026,0.96019,0.96036,0
0.96026,0.96025,0.9604,0
0.96026,0.9603200000000001,0.9604299999999999,0
0.9602799999999999,0.96039,0.96045,0
0.9603,0.96045,0.9604600000000001,0
0.96035,0.96052,0.9604600000000001,0
0.9604,0.96057,0.9604600000000001,0
0.96047,0.9606100000000001,0.96045,0
0.96054,0.9606399999999999,0.9604600000000001,0
0.9606100000000001,0.96065,0.9604799999999999,0
0.96068,0.96065,0.9605100000000001,0
0.96073,0.96065,0.9605600000000001,0
0.96078,0.96065,0.96062,0
0.9608200000000001,0.96065,0.9606899999999999,0
0.9608399999999999,0.9606600000000001,0.9607600000000001,0
0.96085,0.9606899999999999,0.96083,0
0.96085,0.96073,0.9609,0
0.9608399999999999,0.96078,0.96095,0
0.9608399999999999,0.96085,0.96099,0
0.96085,0.9609200000000001,0.9610200000000001,0
0.96086,0.96099,0.96104,0
0.9609,0.96106,0.96104,0
0.96094,0.9611200000000001,0.96104,0
0.961,0.9611700000000001,0.96104,0
0.9610700000000001,0.9612,0.96104,0
0.96114,0.9612299999999999,0.96105,0
0.9612200000000001,0.96124,0.9610700000000001,0
0.9612799999999999,0.96124,0.96111,0
0.96134,0.9612299999999999,0.96116,0
0.9613799999999999,0.9612299999999999,0.9612299999999999,0
0.96141,0.96124,0.9613,0
0.9614299999999999,0.96125,0.9613700000000001,0
0.9614299999999999,0.9612799999999999,0.96144,0
0.9614299999999999,0.9613299999999999,0.9615,0
0.9614299999999999,0.96139,0.96155,0
0.9614299999999999,0.96145,0.96159,0
0.96144,0.9615299999999999,0.9616100000000001,0
0.96146,0.9616,0.9616299999999999,0
0.9615,0.9616600000000001,0.9616299999999999,0
0.96155,0.96172,0.96162,0
0.9616100000000001,0.9617600000000001,0.96162,0
0.96168,0.9618,0.96162,0
0.96175,0.9618200000000001,0.9616399999999999,0
0.9618200000000001,0.9618200000000001,0.96167,0
0.96188,0.9618200000000001,0.9617100000000001,0
0.96193,0.9618200000000001,0.9617700000000001,0
0.9619700000000001,0.9618200000000001,0.96183,0
0.9620000000000001,0.9618200000000001,0.96191,0
0.96201,0.9618399999999999,0.96198,0
0.9620200000000001,0.96188,0.96204,0
0.96201,0.96193,0.9621,0
0.96201,0.96199,0.96215,0
0.96201,0.96206,0.9621799999999999,0
0.9620200000000001,0.9621299999999999,0.9622,0
0.96205,0.9622,0.96221,0
0.96209,0.96226,0.96221,0
0.96215,0.96231,0.9622,0
0.96221,0.96235,0.9622,0
0.9622799999999999,0.9623799999999999,0.96221,0
0.96235,0.9624,0.9622299999999999,0
0.96242,0.9624,0.96226,0
0.9624799999999999,0.9624,0.96231,0
0.96252,0.96239,0.9623700000000001,0
0.9625600000000001,0.96239,0.9624299999999999,0
0.9625799999999999,0.9624,0.9625,0
0.96259,0.9624299999999999,0.96257,0
0.96259,0.96247,0.9626299999999999,0
0.9625799999999999,0.96252,0.9626899999999999,0
0.9625799999999999,0.9625799999999999,0.96273,0
0.9625799999999999,0.96265,0.9627600000000001,0
0.9626,0.96272,0.9627700000000001,0
0.9626299999999999,0.9627899999999999,0.9627700000000001,0
0.96268,0.9628399999999999,0.9627700000000001,0
0.9627399999999999,0.9628899999999999,0.9627700000000001,0
0.9628,0.96293,0.9627700000000001,0
0.9628700000000001,0.96295,0.96278,0
0.96294,0.96296,0.9628,0
0.963,0.96296,0.9628399999999999,0
0.96305,0.96295,0.9628899999999999,0
0.96309,0.96295,0.96295,0
0.9631200000000001,0.96296,0.9630200000000001,0
0.96314,0.9629700000000001,0.9630799999999999,0
0.96314,0.963,0.96315,0
0.96314,0.96304,0.96321,0
0.96314,0.9631,0.96325,0
0.9631299999999999,0.96316,0.96329,0
0.96314,0.9632299999999999,0.96331,0
0.96316,0.96329,0.9633200000000001,0
0.9632,0.96336,0.9633200000000001,0
0.96325,0.96341,0.9633200000000001,0
0.96331,0.96345,0.96331,0
0.9633700000000001,0.9634799999999999,0.9633200000000001,0
0.96344,0.9635,0.9633299999999999,0
0.9635,0.9635,0.96336,0
0.9635600000000001,0.9635,0.9634,0
0.9636,0.96349,0.96345,0
0.9636399999999999,0.96349,0.9635100000000001,0
0.9636600000000001,0.9635,0.9635799999999999,0
0.96367,0.96352,0.9636399999999999,0
0.96368,0.96355,0.9637,0
0.96367,0.9636,0.96375,0
0.96367,0.96365,0.9638,0
0.96367,0.96372,0.9638200000000001,0
0.96368,0.96378,0.9638399999999999,0
0.9637100000000001,0.9638399999999999,0.96385,0
0.9637399999999999,0.9639,0.96385,0
0.9637899999999999,0.96394,0.9638399999999999,0
0.96385,0.96398,0.9638399999999999,0
0.96391,0.9640000000000001,0.9638399999999999,0
0.96398,0.96401,0.96386,0
0.96404,0.9640200000000001,0.9638899999999999,0
0.96409,0.96401,0.96394,0
0.9641299999999999,0.96401,0.96399,0
0.96416,0.96401,0.96405,0
0.9641799999999999,0.9640200000000001,0.96411,0
0.9641799999999999,0.96404,0.9641700000000001,0
0.9641799999999999,0.9640799999999999,0.9642299999999999,0
0.9641799999999999,0.9641200000000001,0.9642700000000001,0
0.9641700000000001,0.9641799999999999,0.96431,0
0.9641799999999999,0.96424,0.9643299999999999,0
0.96419,0.9643,0.96434,0
0.9642200000000001,0.96436,0.96435,0
0.96426,0.96441,0.96434,0
0.96431,0.96445,0.96434,0
0.9643700000000001,0.9644799999999999,0.96434,0
0.9644299999999999,0.9645,0.96435,0
0.96449,0.9645,0.9643700000000001,0
0.96454,0.9645,0.9644,0
0.96459,0.9645,0.96444,0
0.96462,0.9645,0.9645,0
0.96465,0.9645,0.9645600000000001,0
0.9646600000000001,0.9645100000000001,0.9646100000000001,0
0.9646600000000001,0.96454,0.96467,0
0.9646600000000001,0.9645799999999999,0.96472,0
0.96465,0.96462,0.9647600000000001,0
0.96465,0.96468,0.9647899999999999,0
0.9646600000000001,0.9647399999999999,0.9648100000000001,0
0.96468,0.9647899999999999,0.9648100000000001,0
0.9647100000000001,0.9648399999999999,0.9648100000000001,0
0.96475,0.9648899999999999,0.9648100000000001,0
0.9648,0.9649200000000001,0.9648,0
0.96486,0.96495,0.9648100000000001,0
0.96491,0.96496,0.9648200000000001,0
0.9649700000000001,0.96496,0.9648399999999999,0
0.96501,0.96496,0.96488,0
0.96505,0.96495,0.9649200000000001,0
0.9650799999999999,0.96495,0.9649700000000001,0
0.9651,0.96496,0.9650299999999999,0
0.96511,0.9649700000000001,0.9650799999999999,0
0.96511,0.965,0.9651299999999999,0
0.9651,0.96504,0.9651799999999999,0
0.9651,0.96509,0.96521,0
0.9651,0.96514,0.9652299999999999,0
0.96511,0.9652,0.96524,0
0.9651299999999999,0.96525,0.96525,0
0.96516,0.96529,0.96524,0
0.9652,0.9653299999999999,0.96524,0
0.96525,0.96536,0.96524,0
0.96531,0.9653799999999999,0.96524,0
0.96536,0.9653799999999999,0.96526,0
0.96541,0.9653799999999999,0.9652799999999999,0
0.96545,0.9653799999999999,0.9653200000000001,0
0.9654799999999999,0.9653799999999999,0.96536,0
0.9655,0.9653799999999999,0.96541,0
0.9655100000000001,0.9653799999999999,0.96546,0
0.96552,0.9654,0.9655100000000001,0
0.96552,0.9654299999999999,0.9655600000000001,0
0.9655100000000001,0.96547,0.96559,0
0.9655100000000001,0.96552,0.96562,0
0.9655100000000001,0.96557,0.9656399999999999,0
0.96552,0.96562,0.96565,0
0.96555,0.9656600000000001,0.96565,0
0.9655799999999999,0.9657,0.9656399999999999,0
0.96562,0.9657399999999999,0.9656399999999999,0
0.96567,0.9657600000000001,0.9656399999999999,0
0.96572,0.96577,0.9656399999999999,0
0.96577,0.96577,0.9656600000000001,0
0.9658100000000001,0.96577,0.9656899999999999,0
0.9658399999999999,0.96577,0.96573,0
0.9658700000000001,0.9657600000000001,0.96577,0
0.9658899999999999,0.96577,0.9658200000000001,0
0.9658899999999999,0.96578,0.96586,0
0.9658899999999999,0.9658,0.96591,0
0.9658899999999999,0.96583,0.96595,0
0.9658899999999999,0.9658700000000001,0.96598,0
0.96588,0.96591,0.966,0
0.9658899999999999,0.96596,0.96601,0
0.96591,0.966,0.96601,0
0.96593,0.96604,0.96601,0
0.9659700000000001,0.9660799999999999,0.96601,0
0.96601,0.9661,0.966,0
0.96605,0.9661200000000001,0.966,0
0.96609,0.9661299999999999,0.96601,0
0.96614,0.9661299999999999,0.9660299999999999,0
0.9661700000000001,0.9661200000000001,0.96606,0
0.9662,0.9661200000000001,0.9661,0
0.9662200000000001,0.9661200000000001,0.96614,0
0.9662299999999999,0.9661200000000001,0.9661799999999999,0
0.96624,0.9661299999999999,0.9662200000000001,0
0.9662299999999999,0.96616,0.96626,0
0.9662299999999999,0.96619,0.96629,0
0.9662299999999999,0.9662299999999999,0.9663200000000001,0
0.9662299999999999,0.9662700000000001,0.9663299999999999,0
0.9662299999999999,0.96631,0.96634,0
0.96625,0.96635,0.96634,0
0.9662799999999999,0.9663799999999999,0.96634,0
0.96631,0.96641,0.9663299999999999,0
0.96635,0.9664299999999999,0.9663299999999999,0
0.96639,0.96644,0.9663299999999999,0
0.9664299999999999,0.96644,0.96635,0
0.96647,0.96644,0.9663700000000001,0
0.9665,0.96644,0.9664,0
0.96652,0.9664299999999999,0.9664299999999999,0
0.96654,0.9664299999999999,0.96647,0
0.96654,0.96644,0.9665100000000001,0
0.96654,0.96646,0.96655,0
0.96654,0.9664799999999999,0.9665799999999999,0
0.9665299999999999,0.9665100000000001,0.9666100000000001,0
0.9665299999999999,0.96655,0.96662,0
0.9665299999999999,0.96659,0.9666299999999999,0
0.96654,0.96662,0.9666399999999999,0
0.9665600000000001,0.9666600000000001,0.9666299999999999,0
0.96659,0.9666799999999999,0.9666299999999999,0
0.96662,0.9667100000000001,0.96662,0
0.9666600000000001,0.96672,0.96662,0
0.9666899999999999,0.96673,0.9666299999999999,0
0.96673,0.96673,0.9666399999999999,0
0.9667600000000001,0.96672,0.96667,0
0.96678,0.96672,0.9666899999999999,0
0.9668,0.9667100000000001,0.96673,0
0.9668100000000001,0.96672,0.9667600000000001,0
0.9668100000000001,0.96672,0.9668,0
0.9668100000000001,0.9667399999999999,0.96683,0
0.9668100000000001,0.96677,0.96686,0
0.9668,0.9668,0.96688,0
0.9668,0.96683,0.9668899999999999,0
0.9668,0.96686,0.9669,0
0.9668200000000001,0.9669,0.9669,0
0.9668399999999999,0.96693,0.9668899999999999,0
0.96686,0.96695,0.9668899999999999,0
0.9668899999999999,0.96696,0.96688,0
0.96693,0.9669700000000001,0.96688,0
0.96696,0.96698,0.9668899999999999,0
0.96699,0.9669700000000001,0.96691,0
0.96701,0.9669700000000001,0.96693,0
0.96703,0.96696,0.96696,0
0.96705,0.96696,0.96699,0
0.96705,0.96696,0.9670200000000001,0
0.96705,0.9669700000000001,0.96705,0
0.96705,0.96699,0.9670799999999999,0
0.96704,0.9670200000000001,0.9671,0
0.96704,0.96705,0.96711,0
0.96704,0.9670799999999999,0.9671200000000001,0
0.96704,0.96711,0.9671200000000001,0
0.96706,0.9671299999999999,0.9671200000000001,0
0.9670799999999999,0.96716,0.96711,0
0.9671,0.9671799999999999,0.96711,0
0.9671299999999999,0.96719,0.96711,0
0.96716,0.96719,0.96711,0
0.96719,0.96719,0.9671200000000001,0
0.96721,0.96719,0.96714,0
0.9672299999999999,0.9671799999999999,0.96716,0
0.96725,0.9671799999999999,0.9671799999999999,0
0.96725,0.9671700000000001,0.96721,0
0.96726,0.9671799999999999,0.96724,0
0.96725,0.96719,0.9672700000000001,0
0.96725,0.96721,0.96729,0
0.96724,0.9672299999999999,0.9673,0
0.96724,0.96726,0.96731,0
0.96724,0.96729,0.9673200000000001,0
0.96725,0.96731,0.9673200000000001,0
0.96726,0.96734,0.96731,0
0.9672799999999999,0.96735,0.9673,0
0.96731,0.9673700000000001,0.9673,0
0.9673299999999999,0.9673700000000001,0.9673,0
0.96736,0.9673700000000001,0.9673,0
0.9673799999999999,0.9673700000000001,0.96731,0
0.9674,0.9673700000000001,0.9673299999999999,0
0.9674200000000001,0.96736,0.96735,0
0.9674299999999999,0.96736,0.9673799999999999,0
0.9674299999999999,0.96736,0.9674,0
0.9674299999999999,0.96736,0.9674299999999999,0
0.9674200000000001,0.9673799999999999,0.96745,0
0.9674200000000001,0.9674,0.96746,0
0.96741,0.9674200000000001,0.96747,0
0.96741,0.96744,0.9674799999999999,0
0.96741,0.96747,0.9674799999999999,0
0.9674200000000001,0.96749,0.9674799999999999,0
0.96744,0.9675,0.96747,0
0.96746,0.96752,0.96746,0
0.9674799999999999,0.9675299999999999,0.96746,0
0.9675,0.9675299999999999,0.96746,0
0.96752,0.9675299999999999,0.96747,0
0.96754,0.96752,0.9674799999999999,0
0.9675600000000001,0.96751,0.9675,0
0.96757,0.96751,0.96752,0
0.96757,0.96751,0.96754,0
0.96757,0.96751,0.9675600000000001,0
0.96757,0.96752,0.9675799999999999,0
0.9675600000000001,0.9675299999999999,0.96759,0
0.9675600000000001,0.96755,0.9676100000000001,0
0.96755,0.96757,0.9676100000000001,0
0.96755,0.96759,0.9676100000000001,0
0.9675600000000001,0.9676100000000001,0.9676100000000001,0
0.96757,0.9676299999999999,0.9676100000000001,0
0.9675799999999999,0.96764,0.9676,0
0.9676,0.96765,0.96759,0
0.96762,0.96765,0.96759,0
0.96764,0.96765,0.96759,0
0.9676600000000001,0.96765,0.9676,0
0.96767,0.96764,0.9676100000000001,0
0.9676799999999999,0.9676299999999999,0.9676299999999999,0
0.9676899999999999,0.9676299999999999,0.96765,0
0.9676899999999999,0.9676299999999999,0.96767,0
0.9676899999999999,0.9676299999999999,0.9676899999999999,0
0.9676799999999999,0.96764,0.9677,0
0.96767,0.9676600000000001,0.9677100000000001,0
0.96767,0.96767,0.96772,0
0.9676600000000001,0.9676899999999999,0.96772,0
0.96767,0.9677100000000001,0.96772,0
0.96767,0.96773,0.96772,0
0.9676799999999999,0.9677399999999999,0.9677100000000001,0
0.9677,0.96775,0.9677,0
0.96772,0.96775,0.9677,0
0.96773,0.96775,0.9677,0
0.96775,0.96775,0.9677,0
0.9677600000000001,0.9677399999999999,0.9677100000000001,0
0.96777,0.9677399999999999,0.96772,0
0.96778,0.96773,0.9677399999999999,0
0.96778,0.96773,0.96775,0
0.96778,0.96773,0.96777,0
0.96777,0.96773,0.96778,0
0.96777,0.9677399999999999,0.9677899999999999,0
0.9677600000000001,0.9677600000000001,0.9678,0
0.96775,0.96777,0.9678100000000001,0
0.96775,0.9677899999999999,0.9678,0
0.96775,0.9678,0.9678,0
0.9677600000000001,0.9678100000000001,0.9677899999999999,0
0.96777,0.9678200000000001,0.9677899999999999,0
0.9677899999999999,0.96783,0.96778,0
0.9678,0.96783,0.96778,0
0.9678200000000001,0.96783,0.96778,0
0.96783,0.9678200000000001,0.96778,0
0.9678399999999999,0.9678100000000001,0.9677899999999999,0
0.96785,0.9678,0.9678,0
0.96785,0.9678,0.9678200000000001,0
0.96785,0.9678,0.96783,0
0.9678399999999999,0.9678,0.9678399999999999,0
0.96783,0.9678100000000001,0.96785,0
0.96783,0.9678200000000001,0.96786,0
0.9678200000000001,0.96783,0.9678700000000001,0
0.9678200000000001,0.9678399999999999,0.9678700000000001,0
0.9678200000000001,0.96786,0.96786,0
0.9678200000000001,0.9678700000000001,0.96786,0
0.96783,0.96788,0.96785,0
0.9678399999999999,0.96788,0.9678399999999999,0
0.96785,0.96788,0.96783,0
0.9678700000000001,0.96788,0.96783,0
0.96788,0.9678700000000001,0.96783,0
0.9678899999999999,0.9678700000000001,0.9678399999999999,0
0.9678899999999999,0.96786,0.96785,0
0.9679,0.96785,0.96786,0
0.9678899999999999,0.96785,0.9678700000000001,0
0.9678899999999999,0.96785,0.96788,0
0.96788,0.96785,0.9679,0
0.9678700000000001,0.96786,0.9679,0
0.9678700000000001,0.9678700000000001,0.96791,0
0.96786,0.96788,0.96791,0
0.96786,0.9678899999999999,0.9679,0
0.96786,0.9679,0.9679,0
0.96786,0.96791,0.9678899999999999,0
0.9678700000000001,0.96791,0.96788,0
0.96788,0.9679200000000001,0.9678700000000001,0
0.9678899999999999,0.96791,0.9678700000000001,0
0.96791,0.96791,0.9678700000000001,0
0.96791,0.9679,0.9678700000000001,0
0.9679200000000001,0.9678899999999999,0.96788,0
0.9679200000000001,0.9678899999999999,0.9678899999999999,0
0.9679200000000001,0.96788,0.9679,0
0.9679200000000001,0.96788,0.96791,0
0.96791,0.96788,0.9679200000000001,0
0.9679,0.96788,0.9679200000000001,0
0.9679,0.9678899999999999,0.96793,0
0.9678899999999999,0.9679,0.96793,0
0.96788,0.96791,0.96793,0
0.96788,0.9679200000000001,0.9679200000000001,0
0.96788,0.96793,0.96791,0
0.9678899999999999,0.96793,0.9679,0
0.9679,0.96793,0.9679,0
0.96791,0.96793,0.9678899999999999,0
0.9679200000000001,0.96793,0.96788,0
0.96793,0.9679200000000001,0.96788,0
0.96793,0.96791,0.9678899999999999,0
0.96793,0.9679,0.9679,0
0.96793,0.9678899999999999,0.9679,0
0.96793,0.9678899999999999,0.96791,0
0.9679200000000001,0.9678899999999999,0.9679200000000001,0
0.9679200000000001,0.9678899999999999,0.96793,0
0.96791,0.9678899999999999,0.96793,0
0.9679,0.9679,0.96793,0
0.9678899999999999,0.96791,0.96793,0
0.9678899999999999,0.9679200000000001,0.96793,0
0.9678899999999999,0.96793,0.9679200000000001,0
0.9678899999999999,0.96793,0.96791,0
0.9679,0.96793,0.9679,0
0.9679,0.96793,0.9678899999999999,0
0.96791,0.96793,0.9678899999999999,0
0.9679200000000001,0.9679200000000001,0.96788,0
0.96793,0.96791,0.9678899999999999,0
0.96793,0.9679,0.9678899999999999,0
0.96793,0.9678899999999999,0.9679,0
0.96793,0.9678899999999999,0.96791,0
0.9679200000000001,0.96788,0.96791,0
0.96791,0.96788,0.9679200000000001,0
0.9679,0.96788,0.96793,0
0.9678899999999999,0.9678899999999999,0.96793,0
0.9678899999999999,0.9679,0.9679200000000001,0
0.96788,0.96791,0.9679200000000001,0
0.96788,0.96791,0.96791,0
0.96788,0.9679200000000001,0.9679,0
0.96788,0.9679200000000001,0.9678899999999999,0
0.9678899999999999,0.9679200000000001,0.96788,0
0.9679,0.9679200000000001,0.96788,0
0.9679,0.96791,0.9678700000000001,0
0.96791,0.9679,0.9678700000000001,0
0.96791,0.9678899999999999,0.9678700000000001,0
0.96791,0.96788,0.96788,0
0.96791,0.9678700000000001,0.96788,0
0.96791,0.9678700000000001,0.9678899999999999,0
0.9679,0.96786,0.9679,0
0.9678899999999999,0.96786,0.9679,0
0.96788,0.9678700000000001,0.96791,0
0.9678700000000001,0.9678700000000001,0.9679,0
0.96786,0.96788,0.9679,0
0.96785,0.9678899999999999,0.9678899999999999,0
0.96785,0.9678899999999999,0.96788,0
0.96785,0.9679,0.9678700000000001,0
0.96786,0.9679,0.96786,0
0.9678700000000001,0.9678899999999999,0.96785,0
0.9678700000000001,0.9678899999999999,0.96785,0
0.96788,0.96788,0.9678399999999999,0
0.96788,0.9678700000000001,0.9678399999999999,0
0.9678899999999999,0.96786,0.96785,0
0.96788,0.96785,0.96785,0
0.96788,0.9678399999999999,0.96786,0
0.9678700000000001,0.96783,0.9678700000000001,0
0.96786,0.96783,0.9678700000000001,0
0.96785,0.96783,0.9678700000000001,0
0.9678399999999999,0.9678399999999999,0.9678700000000001,0
0.96783,0.9678399999999999,0.9678700000000001,0
0.9678200000000001,0.96785,0.96786,0
0.9678200000000001,0.96786,0.96786,0
0.9678200000000001,0.96786,0.9678399999999999,0
0.9678200000000001,0.96786,0.96783,0
0.96783,0.96786,0.9678200000000001,0
0.96783,0.96785,0.9678100000000001,0
0.9678399999999999,0.96785,0.9678100000000001,0
0.9678399999999999,0.9678399999999999,0.9678100000000001,0
0.96785,0.96783,0.9678100000000001,0
0.96785,0.9678100000000001,0.9678100000000001,0
0.9678399999999999,0.9678,0.9678200000000001,0
0.9678399999999999,0.9678,0.9678200000000001,0
0.96783,0.9677899999999999,0.96783,0
0.9678200000000001,0.9677899999999999,0.96783,0
0.9678100000000001,0.9677899999999999,0.96783,0
0.9677899999999999,0.9678,0.96783,0
0.96778,0.9678,0.9678200000000001,0
0.96778,0.9678100000000001,0.9678200000000001,0
0.96778,0.9678100000000001,0.9678100000000001,0
0.96778,0.9678200000000001,0.9678,0
0.96778,0.9678200000000001,0.96778,0
0.96778,0.9678100000000001,0.96777,0
0.9677899999999999,0.9678100000000001,0.96777,0
0.9678,0.9678,0.9677600000000001,0
0.9678,0.96778,0.9677600000000001,0
0.9678,0.96777,0.9677600000000001,0
0.9678,0.9677600000000001,0.96777,0
0.9677899999999999,0.96775,0.96777,0
0.96778,0.96775,0.96778,0
0.96777,0.9677399999999999,0.96778,0
0.9677600000000001,0.9677399999999999,0.96778,0
0.96775,0.96775,0.96778,0
0.9677399999999999,0.96775,0.96778,0
0.96773,0.9677600000000001,0.96777,0
0.96773,0.9677600000000001,0.9677600000000001,0
0.96772,0.9677600000000001,0.96775,0
0.96773,0.9677600000000001,0.9677399999999999,0
0.96773,0.9677600000000001,0.96773,0
0.96773,0.9677600000000001,0.96772,0
0.9677399999999999,0.96775,0.9677100000000001,0
0.9677399999999999,0.9677399999999999,0.9677100000000001,0
0.96775,0.96773,0.9677100000000001,0
0.96775,0.9677100000000001,0.9677100000000001,0
0.9677399999999999,0.9677,0.9677100000000001,0
0.96773,0.9676899999999999,0.96772,0
0.96772,0.9676899999999999,0.96772,0
0.9677100000000001,0.9676899999999999,0.96773,0
0.9677,0.9676899999999999,0.96773,0
0.9676899999999999,0.9676899999999999,0.96772,0
0.9676799999999999,0.9677,0.96772,0
0.96767,0.9677,0.9677100000000001,0
0.96767,0.9677100000000001,0.9677,0
0.96767,0.9677100000000001,0.9676899999999999,0
0.96767,0.9677100000000001,0.9676799999999999,0
0.96767,0.9677,0.9676600000000001,0
0.9676799999999999,0.9677,0.9676600000000001,0
0.9676799999999999,0.9676899999999999,0.96765,0
0.9676899999999999,0.96767,0.96765,0
0.9676899999999999,0.9676600000000001,0.96765,0
0.9676899999999999,0.96765,0.96765,0
0.9676799999999999,0.96764,0.9676600000000001,0
0.96767,0.9676299999999999,0.9676600000000001,0
0.9676600000000001,0.9676299999999999,0.96767,0
0.96765,0.9676299999999999,0.96767,0
0.96764,0.9676299999999999,0.96767,0
0.96762,0.9676299999999999,0.9676600000000001,0
0.9676100000000001,0.96764,0.9676600000000001,0
0.9676100000000001,0.96764,0.96765,0
0.9676,0.96765,0.9676299999999999,0
0.9676100000000001,0.96765,0.96762,0
0.9676100000000001,0.96764,0.9676100000000001,0
0.9676100000000001,0.96764,0.9676,0
0.96762,0.9676299999999999,0.96759,0
0.96762,0.96762,0.9675799999999999,0
0.96762,0.9676100000000001,0.9675799999999999,0
0.96762,0.96759,0.96759,0
0.96762,0.9675799999999999,0.96759,0
0.9676100000000001,0.96757,0.96759,0
0.9676,0.96757,0.9676,0
0.96759,0.9675600000000001,0.9676,0
0.9675799999999999,0.9675600000000001,0.9676,0
0.96757,0.96757,0.9676,0
0.9675600000000001,0.96757,0.9676,0
0.96755,0.96757,0.96759,0
0.96754,0.9675799999999999,0.9675799999999999,0
0.96754,0.9675799999999999,0.9675600000000001,0
0.96754,0.9675799999999999,0.96755,0
0.96755,0.9675799999999999,0.96754,0
0.96755,0.96757,0.9675299999999999,0
0.9675600000000001,0.9675600000000001,0.96752,0
0.9675600000000001,0.96755,0.96752,0
0.9675600000000001,0.96754,0.96752,0
0.9675600000000001,0.96752,0.96752,0
0.96755,0.96751,0.9675299999999999,0
0.96754,0.9675,0.9675299999999999,0
0.9675299999999999,0.9675,0.9675299999999999,0
0.96752,0.9675,0.96754,0
0.96751,0.9675,0.96754,0
0.9675,0.9675,0.9675299999999999,0
0.96749,0.96751,0.9675299999999999,0
0.9674799999999999,0.96751,0.96752,0
0.96747,0.96751,0.96751,0
0.96747,0.96751,0.96749,0
0.9674799999999999,0.96751,0.9674799999999999,0
0.9674799999999999,0.96751,0.96747,0
0.9674799999999999,0.9675,0.96746,0
0.96749,0.96749,0.96745,0
0.96749,0.9674799999999999,0.96745,0
0.96749,0.96746,0.96745,0
0.96749,0.96745,0.96745,0
0.9674799999999999,0.96744,0.96746,0
0.96747,0.9674299999999999,0.96746,0
0.96746,0.9674299999999999,0.96747,0
0.96745,0.9674299999999999,0.96747,0
0.96744,0.9674299999999999,0.96747,0
0.9674200000000001,0.9674299999999999,0.96746,0
0.96741,0.96744,0.96746,0
0.96741,0.96744,0.96745,0
0.9674,0.96745,0.9674299999999999,0
0.96741,0.96745,0.9674200000000001,0
0.96741,0.96744,0.96741,0
0.96741,0.96744,0.9674,0
0.9674200000000001,0.9674299999999999,0.96739,0
0.9674200000000001,0.9674200000000001,0.9673799999999999,0
0.9674200000000001,0.96741,0.9673799999999999,0
0.9674200000000001,0.96739,0.9673799999999999,0
0.9674200000000001,0.9673799999999999,0.96739,0
0.96741,0.9673700000000001,0.96739,0
0.9674,0.96736,0.9674,0
0.96739,0.96736,0.9674,0
0.9673799999999999,0.96736,0.9674,0
0.96736,0.96736,0.9674,0
0.96735,0.9673700000000001,0.96739,0
0.96734,0.9673700000000001,0.96739,0
0.96734,0.9673799999999999,0.9673700000000001,0
0.96734,0.9673799999999999,0.96736,0
0.96734,0.9673799999999999,0.96735,0
0.96734,0.9673700000000001,0.96734,0
0.96735,0.9673700000000001,0.9673299999999999,0
0.96735,0.96736,0.9673200000000001,0
0.96736,0.96735,0.9673200000000001,0
0.96736,0.9673299999999999,0.96731,0
0.96736,0.9673200000000001,0.9673200000000001,0
0.96735,0.96731,0.9673200000000001,0
0.96734,0.9673,0.9673299999999999,0
0.9673299999999999,0.96729,0.9673299999999999,0
0.9673200000000001,0.96729,0.9673299999999999,0
0.96731,0.96729,0.9673299999999999,0
0.96729,0.9673,0.9673299999999999,0
0.9672799999999999,0.9673,0.9673200000000001,0
0.9672799999999999,0.96731,0.9673200000000001,0
0.9672700000000001,0.96731,0.9673,0
0.9672700000000001,0.96731,0.96729,0
0.9672700000000001,0.96731,0.9672799999999999,0
0.9672799999999999,0.96731,0.9672700000000001,0
0.9672799999999999,0.9673,0.96726,0
0.96729,0.96729,0.96725,0
0.96729,0.9672799999999999,0.96725,0
0.96729,0.96726,0.96725,0
0.96729,0.96725,0.96725,0
0.9672799999999999,0.96724,0.96726,0
0.9672700000000001,0.9672299999999999,0.96726,0
0.96726,0.9672299999999999,0.9672700000000001,0
0.96725,0.9672299999999999,0.9672700000000001,0
0.96724,0.9672299999999999,0.9672700000000001,0
0.9672200000000001,0.9672299999999999,0.96726,0
0.96721,0.96724,0.96726,0
0.96721,0.96724,0.96725,0
0.9672,0.96725,0.96724,0
0.96721,0.96725,0.9672200000000001,0
0.96721,0.96725,0.96721,0
0.96721,0.96724,0.9672,0
0.9672200000000001,0.9672299999999999,0.96719,0
0.9672200000000001,0.9672200000000001,0.9671799999999999,0
0.9672299999999999,0.96721,0.9671799999999999,0
0.9672299999999999,0.9672,0.96719,0
0.9672200000000001,0.9671799999999999,0.96719,0
0.9672200000000001,0.9671700000000001,0.9672,0
0.96721,0.9671700000000001,0.9672,0
0.96719,0.96716,0.9672,0
0.9671799999999999,0.96716,0.96721,0
0.9671700000000001,0.9671700000000001,0.9672,0
0.96716,0.9671700000000001,0.9672,0
0.96715,0.9671799999999999,0.96719,0
0.96714,0.9671799999999999,0.9671799999999999,0
0.96714,0.9671799999999999,0.9671700000000001,0
0.96714,0.9671799999999999,0.96716,0
0.96715,0.9671799999999999,0.96714,0
0.96715,0.9671799999999999,0.9671299999999999,0
0.96716,0.9671700000000001,0.9671299999999999,0
0.96716,0.96716,0.9671200000000001,0
0.96716,0.96714,0.9671200000000001,0
0.96716,0.9671299999999999,0.9671200000000001,0
0.96716,0.9671200000000001,0.9671299999999999,0
0.96715,0.96711,0.96714,0
0.96714,0.9671,0.96714,0
0.9671299999999999,0.9671,0.96714,0
0.9671200000000001,0.9671,0.96714,0
0.9671,0.96711,0.96714,0
0.96709,0.96711,0.96714,0
0.96709,0.9671200000000001,0.9671299999999999,0
0.9670799999999999,0.9671200000000001,0.9671200000000001,0
0.9670799999999999,0.9671299999999999,0.9671,0
0.9670799999999999,0.9671200000000001,0.96709,0
0.96709,0.9671200000000001,0.9670799999999999,0
0.9671,0.96711,0.9670700000000001,0
0.9671,0.9671,0.96706,0
0.9671,0.96709,0.96706,0
0.96711,0.9670799999999999,0.96706,0
0.9671,0.9670700000000001,0.9670700000000001,0
0.9671,0.96706,0.9670700000000001,0
0.96709,0.96705,0.9670799999999999,0
0.9670799999999999,0.96704,0.9670799999999999,0
0.9670700000000001,0.96704,0.96709,0
0.96706,0.96705,0.96709,0
0.96704,0.96705,0.9670799999999999,0
0.96703,0.96706,0.9670799999999999,0
0.96703,0.96706,0.9670700000000001,0
0.9670200000000001,0.9670700000000001,0.96706,0
0.9670200000000001,0.9670700000000001,0.96704,0
0.96703,0.9670700000000001,0.96703,0
0.96703,0.96706,0.9670200000000001,0
0.96704,0.96705,0.96701,0
0.96705,0.96704,0.96701,0
0.96705,0.96703,0.96701,0
0.96705,0.9670200000000001,0.96701,0
0.96705,0.96701,0.96701,0
0.96704,0.9670000000000001,0.9670200000000001,0
0.96703,0.96699,0.96703,0
0.9670200000000001,0.96699,0.96703,0
0.96701,0.96699,0.96703,0
0.9670000000000001,0.96699,0.96703,0
0.96699,0.9670000000000001,0.96703,0
0.96698,0.9670000000000001,0.9670200000000001,0
0.9669700000000001,0.96701,0.96701,0
0.9669700000000001,0.96701,0.9670000000000001,0
0.9669700000000001,0.96701,0.96699,0
0.96698,0.96701,0.96698,0
0.96698,0.96701,0.96696,0
0.96699,0.9670000000000001,0.96696,0
0.96699,0.96699,0.96695,0
0.9670000000000001,0.96698,0.96695,0
0.9670000000000001,0.96696,0.96696,0
0.96699,0.96695,0.96696,0
0.96699,0.9669399999999999,0.9669700000000001,0
0.96698,0.9669399999999999,0.9669700000000001,0
0.9669700000000001,0.9669399999999999,0.96698,0
0.96696,0.9669399999999999,0.96698,0
0.9669399999999999,0.9669399999999999,0.96698,0
0.96693,0.96695,0.96698,0
0.9669200000000001,0.96696,0.9669700000000001,0
0.9669200000000001,0.96696,0.96696,0
0.9669200000000001,0.96696,0.96695,0
0.9669200000000001,0.96696,0.96693,0
0.96693,0.96696,0.9669200000000001,0
0.9669399999999999,0.96696,0.96691,0
0.9669399999999999,0.96695,0.96691,0
0.96695,0.9669399999999999,0.9669,0
0.96695,0.96693,0.96691,0
0.96695,0.96691,0.96691,0
0.9669399999999999,0.9669,0.9669200000000001,0
0.9669399999999999,0.9668899999999999,0.9669200000000001,0
0.96693,0.9668899999999999,0.96693,0
0.9669200000000001,0.9668899999999999,0.96693,0
0.9669,0.9668899999999999,0.96693,0
0.9668899999999999,0.9669,0.96693,0
0.96688,0.9669,0.96693,0
0.96688,0.96691,0.9669200000000001,0
0.9668700000000001,0.9669200000000001,0.96691,0
0.9668700000000001,0.9669200000000001,0.9669,0
0.96688,0.9669200000000001,0.96688,0
0.96688,0.9669200000000001,0.9668700000000001,0
0.9668899999999999,0.96691,0.9668700000000001,0
0.9669,0.9669,0.96686,0
0.9669,0.9668899999999999,0.96686,0
0.9669,0.96688,0.96686,0
0.9669,0.9668700000000001,0.9668700000000001,0
0.9669,0.96686,0.9668700000000001,0
0.9668899999999999,0.96685,0.96688,0
0.96688,0.9668399999999999,0.9668899999999999,0
0.9668700000000001,0.9668399999999999,0.9668899999999999,0
0.96686,0.96685,0.9668899999999999,0
0.96685,0.96685,0.9668899999999999,0
0.9668399999999999,0.96686,0.96688,0
0.96683,0.9668700000000001,0.9668700000000001,0
0.96683,0.9668700000000001,0.96686,0
0.96683,0.96688,0.96685,0
0.9668399999999999,0.96688,0.9668399999999999,0
0.9668399999999999,0.9668700000000001,0.96683,0
0.96685,0.96686,0.9668200000000001,0
0.96686,0.96686,0.9668200000000001,0
0.96686,0.9668399999999999,0.9668200000000001,0
0.96686,0.96683,0.9668200000000001,0
0.96686,0.9668200000000001,0.96683,0
0.96686,0.9668100000000001,0.96683,0
0.96685,0.9668100000000001,0.9668399999999999,0
0.9668399999999999,0.9668,0.96685,0
0.96683,0.9668100000000001,0.96685,0
0.9668100000000001,0.9668100000000001,0.96685,0
0.9668,0.9668200000000001,0.96685,0
0.9668,0.9668200000000001,0.9668399999999999,0
0.9667899999999999,0.96683,0.96683,0
0.9667899999999999,0.9668399999999999,0.9668200000000001,0
0.9667899999999999,0.9668399999999999,0.9668100000000001,0
0.9668,0.9668399999999999,0.9668,0
0.9668100000000001,0.96683,0.9667899999999999,0
0.9668200000000001,0.9668200000000001,0.96678,0
0.9668200000000001,0.9668100000000001,0.96678,0
0.96683,0.9668,0.96678,0
0.96683,0.9667899999999999,0.96678,0
0.9668200000000001,0.96678,0.9667899999999999,0
0.9668200000000001,0.96677,0.9668,0
0.9668100000000001,0.96677,0.9668100000000001,0
0.9668,0.96677,0.9668100000000001,0
0.9667899999999999,0.96677,0.9668100000000001,0
0.96678,0.96678,0.9668100000000001,0
0.96677,0.96678,0.9668100000000001,0
0.9667600000000001,0.9667899999999999,0.9668,0
0.9667600000000001,0.9668,0.9667899999999999,0
0.9667600000000001,0.9668,0.96678,0
0.9667600000000001,0.9668,0.96677,0
0.96677,0.9668,0.9667600000000001,0
0.96678,0.9668,0.96675,0
0.96678,0.9667899999999999,0.96675,0
0.9667899999999999,0.96678,0.9667399999999999,0
0.9667899999999999,0.96677,0.96675,0
0.9667899999999999,0.96675,0.96675,0
0.9667899999999999,0.9667399999999999,0.9667600000000001,0
0.96678,0.9667399999999999,0.96677,0
0.96677,0.96673,0.96678,0
0.9667600000000001,0.96673,0.96678,0
0.96675,0.9667399999999999,0.96678,0
0.9667399999999999,0.96675,0.96678,0
0.96673,0.96675,0.96678,0
0.96673,0.9667600000000001,0.96677,0
0.96672,0.96677,0.9667600000000001,0
0.96673,0.96677,0.96675,0
0.96673,0.96677,0.9667399999999999,0
0.9667399999999999,0.96677,0.96673,0
0.96675,0.9667600000000001,0.96672,0
0.96675,0.96675,0.9667100000000001,0
0.9667600000000001,0.9667399999999999,0.9667100000000001,0
0.9667600000000001,0.96673,0.96672,0
0.9667600000000001,0.96672,0.96672,0
0.9667600000000001,0.9667100000000001,0.96673,0
0.96675,0.9667100000000001,0.9667399999999999,0
0.9667399999999999,0.9667,0.96675,0
0.96673,0.9667100000000001,0.96675,0
0.96672,0.9667100000000001,0.96675,0
0.9667100000000001,0.96672,0.96675,0
0.9667,0.96673,0.96675,0
0.9667,0.9667399999999999,0.9667399999999999,0
0.9667,0.9667399999999999,0.96673,0
0.9667,0.9667399999999999,0.96672,0
0.9667100000000001,0.9667399999999999,0.9667,0
0.9667100000000001,0.9667399999999999,0.9667,0
0.96672,0.96673,0.9666899999999999,0
0.96673,0.96672,0.9666899999999999,0
0.96673,0.9667100000000001,0.9666899999999999,0
0.9667399999999999,0.9667,0.9666899999999999,0
0.96673,0.9666899999999999,0.9667,0
0.96673,0.9666799999999999,0.9667100000000001,0
0.96672,0.9666799999999999,0.96672,0
0.9667100000000001,0.9666799999999999,0.96672,0
0.9667,0.9666799999999999,0.96673,0
0.9666899999999999,0.9666899999999999,0.96673,0
0.9666799999999999,0.9667,0.96672,0
0.96667,0.9667,0.96672,0
0.96667,0.9667100000000001,0.9667100000000001,0
0.96667,0.96672,0.9667,0
0.9666799999999999,0.96672,0.9666899999999999,0
0.9666799999999999,0.96672,0.9666799999999999,0
0.9666899999999999,0.9667100000000001,0.96667,0
0.9667,0.9667100000000001,0.9666600000000001,0
0.9667100000000001,0.9667,0.9666600000000001,0
0.9667100000000001,0.9666899999999999,0.96667,0
0.9667100000000001,0.9666799999999999,0.96667,0
0.9667100000000001,0.96667,0.9666799999999999,0
0.9667,0.9666600000000001,0.9666899999999999,0
0.9667,0.9666600000000001,0.9667,0
0.9666899999999999,0.9666600000000001,0.9667,0
0.96667,0.9666600000000001,0.9667100000000001,0
0.9666600000000001,0.96667,0.9667,0
0.9666600000000001,0.9666799999999999,0.9667,0
0.96665,0.9666899999999999,0.9666899999999999,0
0.96665,0.9666899999999999,0.9666899999999999,0
0.96665,0.9667,0.96667,0
0.9666600000000001,0.9667,0.9666600000000001,0
0.9666600000000001,0.9667,0.96665,0
0.96667,0.9666899999999999,0.96665,0
0.9666799999999999,0.9666799999999999,0.9666399999999999,0
0.9666899999999999,0.96667,0.9666399999999999,0
0.9666899999999999,0.9666600000000001,0.96665,0
0.9666899999999999,0.96665,0.96665,0
0.9666899999999999,0.9666399999999999,0.9666600000000001,0
0.9666799999999999,0.9666399999999999,0.96667,0
0.96667,0.9666399999999999,0.9666799999999999,0
0.9666600000000001,0.9666399999999999,0.9666799999999999,0
0.96665,0.9666399999999999,0.9666899999999999,0
0.9666399999999999,0.96665,0.9666799999999999,0
0.9666299999999999,0.9666600000000001,0.9666799999999999,0
0.9666299999999999,0.96667,0.96667,0
0.9666299999999999,0.9666799999999999,0.9666600000000001,0
0.9666299999999999,0.9666799999999999,0.96665,0
0.9666399999999999,0.9666799999999999,0.9666399999999999,0
0.96665,0.9666799999999999,0.9666299999999999,0
0.9666600000000001,0.96667,0.9666299999999999,0
0.96667,0.9666600000000001,0.96662,0
0.96667,0.96665,0.96662,0
0.96667,0.9666399999999999,0.9666299999999999,0
0.96667,0.9666299999999999,0.9666399999999999,0
0.96667,0.96662,0.96665,0
0.9666600000000001,0.96662,0.9666600000000001,0
0.96665,0.96662,0.9666600000000001,0
0.9666399999999999,0.96662,0.96667,0
0.9666299999999999,0.9666299999999999,0.96667,0
0.96662,0.9666399999999999,0.96667,0
0.96662,0.96665,0.9666600000000001,0
0.9666100000000001,0.96665,0.96665,0
0.9666100000000001,0.9666600000000001,0.9666399999999999,0
0.96662,0.9666600000000001,0.9666299999999999,0
0.9666299999999999,0.9666600000000001,0.96662,0
0.9666399999999999,0.9666600000000001,0.9666100000000001,0
0.9666399999999999,0.96665,0.9666100000000001,0
0.96665,0.9666399999999999,0.9666100000000001,0
0.9666600000000001,0.9666299999999999,0.9666100000000001,0
0.9666600000000001,0.96662,0.96662,0
0.9666600000000001,0.9666100000000001,0.9666299999999999,0
0.96665,0.9666100000000001,0.9666399999999999,0
0.96665,0.9666,0.9666399999999999,0
0.9666399999999999,0.9666,0.96665,0
0.96662,0.9666100000000001,0.96665,0
0.9666100000000001,0.96662,0.9666600000000001,0
0.9666100000000001,0.9666299999999999,0.96665,0
0.9666,0.9666299999999999,0.96665,0
0.9666,0.9666399999999999,0.9666399999999999,0
0.9666,0.96665,0.9666299999999999,0
0.9666100000000001,0.96665,0.96662,0
0.96662,0.96665,0.9666100000000001,0
0.9666299999999999,0.96665,0.9666,0
0.9666299999999999,0.9666399999999999,0.96659,0
0.9666399999999999,0.9666299999999999,0.9666,0
0.96665,0.96662,0.9666,0
0.96665,0.9666100000000001,0.9666100000000001,0
0.9666399999999999,0.9666,0.96662,0
0.9666399999999999,0.96659,0.9666299999999999,0
0.9666299999999999,0.96659,0.9666299999999999,0
0.96662,0.96659,0.9666399999999999,0
0.9666100000000001,0.9666,0.9666399999999999,0
0.9666,0.9666100000000001,0.9666399999999999,0
0.96659,0.96662,0.9666399999999999,0
0.96659,0.9666299999999999,0.9666299999999999,0
0.96659,0.9666299999999999,0.96662,0
0.96659,0.9666399999999999,0.9666100000000001,0
0.9666,0.9666399999999999,0.9666,0
0.9666100000000001,0.9666399999999999,0.96659,0
0.96662,0.9666299999999999,0.96659,0
0.9666299999999999,0.96662,0.9665799999999999,0
0.9666299999999999,0.9666100000000001,0.96659,0
0.9666399999999999,0.9666,0.96659,0
0.9666399999999999,0.96659,0.9666,0
0.9666299999999999,0.96659,0.9666100000000001,0
0.9666299999999999,0.9665799999999999,0.96662,0
0.96662,0.9665799999999999,0.9666299999999999,0
0.9666100000000001,0.9665799999999999,0.9666299999999999,0
0.9666,0.96659,0.9666299999999999,0
0.96659,0.9666,0.9666299999999999,0
0.9665799999999999,0.9666100000000001,0.9666299999999999,0
0.9665799999999999,0.96662,0.96662,0
0.9665799999999999,0.9666299999999999,0.9666100000000001,0
0.9665799999999999,0.9666299999999999,0.9666,0
0.96659,0.9666299999999999,0.96659,0
0.9666,0.9666299999999999,0.9665799999999999,0
0.9666100000000001,0.96662,0.9665799999999999,0
0.96662,0.9666100000000001,0.96657,0
0.9666299999999999,0.9666,0.9665799999999999,0
0.9666299999999999,0.96659,0.9665799999999999,0
0.9666299999999999,0.9665799999999999,0.96659,0
0.96662,0.9665799999999999,0.9666,0
0.96662,0.96657,0.9666100000000001,0
0.9666100000000001,0.96657,0.96662,0
0.9666,0.9665799999999999,0.96662,0
0.96659,0.96659,0.9666299999999999,0
0.9665799999999999,0.96659,0.96662,0
0.96657,0.9666,0.96662,0
0.96657,0.9666100000000001,0.9666100000000001,0
0.96657,0.96662,0.9666,0
0.9665799999999999,0.96662,0.96659,0
0.96659,0.96662,0.9665799999999999,0
0.9666,0.96662,0.96657,0
0.9666100000000001,0.9666100000000001,0.96657,0
0.9666100000000001,0.9666,0.96657,0
0.96662,0.96659,0.96657,0
0.96662,0.9665799999999999,0.9665799999999999,0
0.96662,0.96657,0.96659,0
0.9666100000000001,0.96657,0.9666,0
0.9666100000000001,0.96657,0.9666100000000001,0
0.9666,0.96657,0.96662,0
0.96659,0.96657,0.96662,0
0.9665799999999999,0.9665799999999999,0.96662,0
0.96657,0.96659,0.96662,0
0.9665600000000001,0.9666,0.9666100000000001,0
0.9665600000000001,0.9666100000000001,0.9666,0
0.96657,0.96662,0.96659,0
0.96657,0.96662,0.9665799999999999,0
0.9665799999999999,0.96662,0.96657,0
0.96659,0.9666100000000001,0.9665600000000001,0
0.9666,0.9666,0.9665600000000001,0
0.9666100000000001,0.96659,0.9665600000000001,0
0.96662,0.9665799999999999,0.96657,0
0.96662,0.96657,0.9665799999999999,0
0.9666100000000001,0.96657,0.96659,0
0.9666100000000001,0.9665600000000001,0.9666,0
0.9666,0.9665600000000001,0.9666100000000001,0
0.96659,0.9665600000000001,0.9666100000000001,0
0.9665799999999999,0.96657,0.9666100000000001,0
0.96657,0.9665799999999999,0.9666100000000001,0
0.9665600000000001,0.96659,0.9666100000000001,0
0.9665600000000001,0.9666,0.9666,0
0.9665600000000001,0.9666100000000001,0.96659,0
0.96657,0.9666100000000001,0.9665799999999999,0
0.96657,0.9666100000000001,0.96657,0
0.9665799999999999,0.9666100000000001,0.9665600000000001,0
0.96659,0.9666100000000001,0.9665600000000001,0
0.9666,0.9666,0.9665600000000001,0
0.9666100000000001,0.96659,0.9665600000000001,0
0.9666100000000001,0.9665799999999999,0.96657,0
0.9666100000000001,0.96657,0.9665799999999999,0
0.9666100000000001,0.9665600000000001,0.96659,0
0.9666,0.9665600000000001,0.9666,0
0.96659,0.9665600000000001,0.9666,0
0.9665799999999999,0.9665600000000001,0.9666100000000001,0
0.96657,0.96657,0.9666100000000001,0
0.9665600000000001,0.9665799999999999,0.9666100000000001,0
0.9665600000000001,0.96659,0.9666,0
0.9665600000000001,0.9666,0.9666,0
0.9665600000000001,0.9666100000000001,0.96659,0
0.9665600000000001,0.9666100000000001,0.9665799999999999,0
0.96657,0.9666100000000001,0.96657,0
0.9665799999999999,0.9666100000000001,0.9665600000000001,0
0.96659,0.9666,0.96655,0
0.9666,0.96659,0.9665600000000001,0
0.9666100000000001,0.9665799999999999,0.9665600000000001,0
0.9666100000000001,0.96657,0.96657,0
0.9666100000000001,0.9665600000000001,0.9665799999999999,0
0.9666,0.9665600000000001,0.96659,0
0.9666,0.96655,0.9666,0
0.96659,0.9665600000000001,0.9666,0
0.9665799999999999,0.9665600000000001,0.9666100000000001,0
0.96657,0.96657,0.9666100000000001,0
0.9665600000000001,0.9665799999999999,0.9666100000000001,0
0.96655,0.96659,0.9666,0
0.96655,0.9666,0.96659,0
0.9665600000000001,0.9666100000000001,0.9665799999999999,0
0.96657,0.9666100000000001,0.96657,0
0.9665799999999999,0.9666100000000001,0.9665600000000001,0
0.96659,0.9666,0.9665600000000001,0
0.9666,0.9666,0.96655,0
0.9666,0.96659,0.96655,0
0.9666100000000001,0.9665799999999999,0.9665600000000001,0
0.9666100000000001,0.96657,0.96657,0
0.9666100000000001,0.9665600000000001,0.9665799999999999,0
0.9666,0.96655,0.96659,0
0.96659,0.96655,0.9666,0
0.9665799999999999,0.9665600000000001,0.9666100000000001,0
0.96657,0.9665600000000001,0.9666100000000001,0
0.9665600000000001,0.96657,0.9666100000000001,0
0.9665600000000001,0.9665799999999999,0.9666,0
0.96655,0.96659,0.9666,0
0.96655,0.9666,0.96659,0
0.9665600000000001,0.9666100000000001,0.9665799999999999,0
0.96657,0.9666100000000001,0.96657,0
0.9665799999999999,0.9666100000000001,0.9665600000000001,0
0.96659,0.9666,0.96655,0
0.9666,0.96659,0.96655,0
0.9666,0.9665799999999999,0.9665600000000001,0
0.9666100000000001,0.96657,0.9665600000000001,0
0.9666100000000001,0.9665600000000001,0.96657,0
0.9666,0.9665600000000001,0.9665799999999999,0
0.9666,0.96655,0.96659,0
0.96659,0.96655,0.9666,0
0.9665799999999999,0.9665600000000001,0.9666100000000001,0
0.96657,0.96657,0.9666100000000001,0
0.9665600000000001,0.9665799999999999,0.9666100000000001,0
0.96655,0.96659,0.9666,0
0.96655,0.9666,0.96659,0
0.9665600000000001,0.9666,0.9665799999999999,0
0.9665600000000001,0.9666100000000001,0.96657,0
0.96657,0.9666100000000001,0.9665600000000001,0
0.9665799999999999,0.9666100000000001,0.9665600000000001,0
0.96659,0.9666,0.96655,0
0.9666,0.96659,0.96655,0
0.9666100000000001,0.9665799999999999,0.9665600000000001,0
0.9666100000000001,0.96657,0.96657,0
0.9666100000000001,0.9665600000000001,0.9665799999999999,0
0.9666,0.9665600000000001,0.96659,0
0.9666,0.96655,0.9666,0
0.96659,0.9665600000000001,0.9666,0
0.9665799999999999,0.9665600000000001,0.9666100000000001,0
0.96657,0.96657,0.9666100000000001,0
0.9665600000000001,0.9665799999999999,0.9666100000000001,0
0.96655,0.96659,0.9666,0
0.96655,0.9666,0.96659,0
0.9665600000000001,0.9666100000000001,0.9665799999999999,0
0.96657,0.9666100000000001,0.96657,0
0.9665799999999999,0.9666100000000001,0.9665600000000001,0
0.96659,0.9666100000000001,0.9665600000000001,0
0.9666,0.9666,0.96655,0
0.9666,0.96659,0.9665600000000001,0
0.9666100000000001,0.9665799999999999,0.9665600000000001,0
0.9666100000000001,0.96657,0.96657,0
0.9666100000000001,0.9665600000000001,0.9665799999999999,0
0.9666,0.9665600000000001,0.96659,0
0.9666,0.9665600000000001,0.9666,0
0.96659,0.9665600000000001,0.9666100000000001,0
0.96657,0.96657,0.9666100000000001,0
0.96657,0.9665799999999999,0.9666100000000001,0
0.9665600000000001,0.96659,0.9666100000000001,0
0.9665600000000001,0.9666,0.9666,0
0.9665600000000001,0.9666100000000001,0.96659,0
0.9665600000000001,0.9666100000000001,0.9665799999999999,0
0.96657,0.9666100000000001,0.96657,0
0.9665799999999999,0.9666100000000001,0.9665600000000001,0
0.96659,0.9666100000000001,0.9665600000000001,0
0.9666,0.9666,0.9665600000000001,0
0.9666100000000001,0.96659,0.9665600000000001,0
0.9666100000000001,0.9665799999999999,0.96657,0
0.9666100000000001,0.96657,0.9665799999999999,0
0.9666100000000001,0.9665600000000001,0.96659,0
0.9666,0.9665600000000001,0.9666,0
0.96659,0.9665600000000001,0.9666100000000001,0
0.9665799999999999,0.9665600000000001,0.9666100000000001,0
0.96657,0.96657,0.9666100000000001,0
0.96657,0.9665799999999999,0.9666100000000001,0
0.9665600000000001,0.96659,0.9666100000000001,0
0.9665600000000001,0.9666,0.9666,0
0.9665600000000001,0.9666100000000001,0.96659,0
0.96657,0.9666100000000001,0.9665799999999999,0
0.9665799999999999,0.96662,0.96657,0
0.96659,0.9666100000000001,0.9665600000000001,0
0.9666,0.9666100000000001,0.9665600000000001,0
0.9666100000000001,0.9666,0.9665600000000001,0
0.9666100000000001,0.96659,0.96657,0
0.96662,0.9665799999999999,0.96657,0
0.96662,0.96657,0.9665799999999999,0
0.9666100000000001,0.9665600000000001,0.96659,0
0.9666,0.9665600000000001,0.9666,0
0.9666,0.9665600000000001,0.9666100000000001,0
0.9665799999999999,0.96657,0.96662,0
0.9665799999999999,0.9665799999999999,0.96662,0
0.96657,0.96659,0.96662,0
0.9665600000000001,0.9666,0.9666100000000001,0
0.9665600000000001,0.9666100000000001,0.9666,0
0.96657,0.96662,0.96659,0
0.96657,0.96662,0.9665799999999999,0
0.9665799999999999,0.96662,0.96657,0
0.9666,0.96662,0.96657,0
0.9666100000000001,0.9666100000000001,0.9665600000000001,0
0.9666100000000001,0.9666,0.96657,0
0.96662,0.96659,0.96657,0
0.96662,0.9665799999999999,0.9665799999999999,0
0.96662,0.96657,0.96659,0
0.9666100000000001,0.96657,0.9666,0
0.9666100000000001,0.96657,0.9666100000000001,0
0.9666,0.96657,0.96662,0
0.96659,0.9665799999999999,0.96662,0
0.9665799999999999,0.96659,0.96662,0
0.96657,0.9666,0.96662,0
0.96657,0.9666100000000001,0.9666100000000001,0
0.96657,0.96662,0.9666,0
0.96657,0.96662,0.96659,0
0.9665799999999999,0.96662,0.9665799999999999,0
0.96659,0.96662,0.9665799999999999,0
0.9666,0.96662,0.96657,0
0.9666100000000001,0.9666100000000001,0.96657,0
0.96662,0.9666,0.96657,0
0.9666299999999999,0.96659,0.9665799999999999,0
0.9666299999999999,0.9665799999999999,0.96659,0
0.96662,0.96657,0.9666,0
0.96662,0.96657,0.9666100000000001,0
0.9666100000000001,0.96657,0.96662,0
0.9666,0.9665799999999999,0.9666299999999999,0
0.96659,0.96659,0.9666299999999999,0
0.9665799999999999,0.9666,0.9666299999999999,0
0.96657,0.9666100000000001,0.96662,0
0.96657,0.96662,0.96662,0
0.9665799999999999,0.96662,0.9666100000000001,0
0.9665799999999999,0.9666299999999999,0.9666,0
0.96659,0.9666299999999999,0.96659,0
0.9666,0.9666299999999999,0.9665799999999999,0
0.9666100000000001,0.96662,0.9665799999999999,0
0.96662,0.9666100000000001,0.9665799999999999,0
0.9666299999999999,0.9666,0.9665799999999999,0
0.9666299999999999,0.96659,0.96659,0
0.9666299999999999,0.9665799999999999,0.9666,0
0.9666299999999999,0.9665799999999999,0.9666100000000001,0
0.96662,0.9665799999999999,0.96662,0
0.9666100000000001,0.9665799999999999,0.9666299999999999,0
0.9666,0.96659,0.9666299999999999,0
0.96659,0.96659,0.9666299999999999,0
0.9665799999999999,0.9666100000000001,0.9666299999999999,0
0.9665799999999999,0.96662,0.9666299999999999,0
0.9665799999999999,0.9666299999999999,0.96662,0
0.9665799999999999,0.9666299999999999,0.9666100000000001,0
0.96659,0.9666399999999999,0.9666,0
0.9666,0.9666399999999999,0.96659,0
0.9666100000000001,0.9666299999999999,0.9665799999999999,0
0.96662,0.9666299999999999,0.9665799999999999,0
0.9666299999999999,0.96662,0.9665799999999999,0
0.9666399999999999,0.9666100000000001,0.96659,0
0.9666399999999999,0.9666,0.9666,0
0.9666399999999999,0.96659,0.9666100000000001,0
0.9666299999999999,0.9665799999999999,0.96662,0
0.96662,0.9665799999999999,0.9666299999999999,0
0.9666100000000001,0.96659,0.9666399999999999,0
0.9666,0.96659,0.9666399999999999,0
0.9666,0.9666,0.9666399999999999,0
0.96659,0.96662,0.9666399999999999,0
0.96659,0.9666299999999999,0.9666299999999999,0
0.96659,0.9666399999999999,0.96662,0
0.96659,0.9666399999999999,0.9666100000000001,0
0.9666,0.9666399999999999,0.9666,0
0.9666100000000001,0.9666399999999999,0.96659,0
0.96662,0.9666399999999999,0.96659,0
0.9666299999999999,0.9666299999999999,0.96659,0
0.9666399999999999,0.96662,0.96659,0
0.96665,0.9666100000000001,0.9666,0
0.96665,0.9666,0.9666100000000001,0
0.9666399999999999,0.96659,0.96662,0
0.9666399999999999,0.96659,0.9666299999999999,0
0.9666299999999999,0.96659,0.9666399999999999,0
0.96662,0.9666,0.96665,0
0.9666100000000001,0.9666100000000001,0.96665,0
0.9666,0.96662,0.96665,0
0.9666,0.9666299999999999,0.9666399999999999,0
0.96659,0.9666399999999999,0.9666399999999999,0
0.9666,0.96665,0.9666299999999999,0
0.9666,0.96665,0.96662,0
0.9666100000000001,0.96665,0.9666100000000001,0
0.96662,0.96665,0.9666,0
0.9666299999999999,0.9666399999999999,0.9666,0
0.9666399999999999,0.9666399999999999,0.9666,0
0.96665,0.9666299999999999,0.9666,0
0.96665,0.96662,0.9666100000000001,0
0.96665,0.9666100000000001,0.96662,0
0.96665,0.9666,0.9666299999999999,0
0.9666399999999999,0.9666,0.9666399999999999,0
0.9666299999999999,0.9666,0.96665,0
0.96662,0.9666100000000001,0.9666600000000001,0
0.96662,0.96662,0.9666600000000001,0
0.9666100000000001,0.9666299999999999,0.9666600000000001,0
0.9666,0.9666399999999999,0.96665,0
0.9666,0.96665,0.9666399999999999,0
0.9666100000000001,0.9666600000000001,0.9666299999999999,0
0.9666100000000001,0.9666600000000001,0.96662,0
0.9666299999999999,0.9666600000000001,0.9666100000000001,0
0.9666399999999999,0.9666600000000001,0.9666100000000001,0
0.96665,0.96665,0.9666100000000001,0
0.9666600000000001,0.9666399999999999,0.9666100000000001,0
0.9666600000000001,0.9666299999999999,0.9666100000000001,0
0.9666600000000001,0.96662,0.96662,0
0.9666600000000001,0.9666100000000001,0.9666299999999999,0
0.9666600000000001,0.9666100000000001,0.9666399999999999,0
0.96665,0.9666100000000001,0.96665,0
0.9666399999999999,0.9666100000000001,0.9666600000000001,0
0.9666299999999999,0.96662,0.96667,0
0.96662,0.9666299999999999,0.96667,0
0.96662,0.9666399999999999,0.9666600000000001,0
0.9666100000000001,0.96665,0.9666600000000001,0
0.9666100000000001,0.9666600000000001,0.96665,0
0.96662,0.96667,0.9666399999999999,0
0.9666299999999999,0.96667,0.9666299999999999,0
0.9666399999999999,0.96667,0.96662,0
0.96665,0.96667,0.96662,0
0.9666600000000001,0.9666600000000001,0.96662,0
0.96667,0.96665,0.96662,0
0.96667,0.9666399999999999,0.9666299999999999,0
0.96667,0.9666299999999999,0.9666399999999999,0
0.96667,0.96662,0.96665,0
0.96667,0.96662,0.9666600000000001,0
0.9666600000000001,0.96662,0.96667,0
0.96665,0.9666299999999999,0.96667,0
0.9666399999999999,0.9666299999999999,0.9666799999999999,0
0.9666299999999999,0.9666399999999999,0.9666799999999999,0
0.96662,0.9666600000000001,0.96667,0
0.96662,0.96667,0.96667,0
0.9666299999999999,0.96667,0.9666600000000001,0
0.9666299999999999,0.9666799999999999,0.96665,0
0.9666399999999999,0.9666799999999999,0.9666399999999999,0
0.96665,0.9666799999999999,0.9666299999999999,0
0.9666600000000001,0.96667,0.9666299999999999,0
0.96667,0.96667,0.9666299999999999,0
0.9666799999999999,0.9666600000000001,0.9666299999999999,0
0.9666799999999999,0.96665,0.9666399999999999,0
0.9666799999999999,0.9666399999999999,0.96665,0
0.9666799999999999,0.9666299999999999,0.9666600000000001,0
0.96667,0.9666299999999999,0.96667,0
0.96667,0.9666299999999999,0.9666799999999999,0
0.9666600000000001,0.9666399999999999,0.9666899999999999,0
0.96665,0.96665,0.9666899999999999,0
0.9666399999999999,0.9666600000000001,0.9666899999999999,0
0.9666299999999999,0.96667,0.9666799999999999,0
0.9666299999999999,0.9666799999999999,0.96667,0
0.9666399999999999,0.9666899999999999,0.96667,0
0.96665,0.9666899999999999,0.9666600000000001,0
0.9666600000000001,0.9666899999999999,0.96665,0
0.96667,0.9666899999999999,0.9666399999999999,0
0.9666799999999999,0.9666799999999999,0.9666399999999999,0
0.9666899999999999,0.96667,0.9666399999999999,0
0.9666899999999999,0.96667,0.96665,0
0.9667,0.9666600000000001,0.96665,0
0.9667,0.96665,0.96667,0
0.9666899999999999,0.9666399999999999,0.9666799999999999,0
0.9666799999999999,0.9666399999999999,0.9666899999999999,0
0.96667,0.96665,0.9666899999999999,0
0.9666600000000001,0.96665,0.9667,0
0.9666600000000001,0.9666600000000001,0.9667,0
0.96665,0.96667,0.9667,0
0.96665,0.9666899999999999,0.9666899999999999,0
0.96665,0.9666899999999999,0.9666799999999999,0
0.96665,0.9667,0.96667,0
0.9666600000000001,0.9667,0.9666600000000001,0
0.96667,0.9667,0.9666600000000001,0
0.9666799999999999,0.9667,0.96665,0
0.9666899999999999,0.9666899999999999,0.96665,0
0.9667,0.9666799999999999,0.96665,0
0.9667100000000001,0.96667,0.9666600000000001,0
0.9667100000000001,0.96667,0.96667,0
0.9667100000000001,0.9666600000000001,0.9666799999999999,0
0.9667,0.96665,0.9666899999999999,0
0.9666899999999999,0.9666600000000001,0.9667,0
0.9666799999999999,0.9666600000000001,0.9667100000000001,0
0.96667,0.96667,0.9667100000000001,0
0.96667,0.9666799999999999,0.9667100000000001,0
0.9666600000000001,0.9666899999999999,0.9667100000000001,0
0.9666600000000001,0.9667,0.9667,0
0.9666600000000001,0.9667100000000001,0.9666899999999999,0
0.96667,0.96672,0.9666799999999999,0
0.9666799999999999,0.96672,0.9666799999999999,0
0.9666899999999999,0.96672,0.96667,0
0.9667,0.9667100000000001,0.9666600000000001,0
0.9667100000000001,0.9667,0.9666600000000001,0
0.96672,0.9666899999999999,0.96667,0
0.96672,0.9666799999999999,0.9666799999999999,0
0.96672,0.9666799999999999,0.9666899999999999,0
0.96672,0.96667,0.9667,0
0.9667100000000001,0.96667,0.9667100000000001,0
0.9667,0.96667,0.96672,0
0.9666899999999999,0.9666799999999999,0.96672,0
0.9666899999999999,0.9666899999999999,0.96673,0
0.9666799999999999,0.9667,0.96673,0
0.96667,0.9667100000000001,0.96672,0
0.96667,0.96672,0.9667100000000001,0
0.9666799999999999,0.96673,0.9667,0
0.9666799999999999,0.96673,0.9667,0
0.9667,0.96673,0.9666899999999999,0
0.9667100000000001,0.96673,0.9666799999999999,0
0.96672,0.96672,0.9666799999999999,0
0.96673,0.9667100000000001,0.9666799999999999,0
0.96673,0.9667100000000001,0.9666799999999999,0
0.9667399999999999,0.9667,0.9666899999999999,0
0.9667399999999999,0.9666899999999999,0.9667,0
0.96673,0.9666799999999999,0.96672,0
0.96672,0.9666799999999999,0.96673,0
0.96672,0.9666899999999999,0.96673,0
0.9667100000000001,0.9666899999999999,0.9667399999999999,0
0.9667,0.9667,0.9667399999999999,0
0.9666899999999999,0.9667100000000001,0.9667399999999999,0
0.9666899999999999,0.96673,0.96673,0
0.9666899999999999,0.9667399999999999,0.96673,0
0.9666899999999999,0.9667399999999999,0.96672,0
0.9667,0.96675,0.9667100000000001,0
0.9667100000000001,0.96675,0.9667,0
0.96672,0.9667399999999999,0.9666899999999999,0
0.9667399999999999,0.9667399999999999,0.9666899999999999,0
0.9667399999999999,0.96673,0.9667,0
0.96675,0.96672,0.9667,0
0.96675,0.9667100000000001,0.9667100000000001,0
0.96675,0.9667,0.96672,0
0.9667399999999999,0.9667,0.96673,0
0.9667399999999999,0.9667,0.9667399999999999,0
0.96673,0.9667,0.96675,0
0.96672,0.9667100000000001,0.9667600000000001,0
0.9667100000000001,0.96672,0.9667600000000001,0
0.9667,0.96673,0.96675,0
0.9667,0.9667399999999999,0.96675,0
0.9667,0.96675,0.9667399999999999,0
0.9667100000000001,0.9667600000000001,0.96673,0
0.96672,0.9667600000000001,0.96672,0
0.96673,0.9667600000000001,0.9667100000000001,0
0.9667399999999999,0.9667600000000001,0.9667100000000001,0
0.96675,0.96675,0.9667100000000001,0
0.9667600000000001,0.9667399999999999,0.9667100000000001,0
0.96677,0.96673,0.96672,0
0.96677,0.96672,0.96673,0
0.9667600000000001,0.9667100000000001,0.9667399999999999,0
0.9667600000000001,0.9667100000000001,0.96675,0
0.96675,0.9667100000000001,0.9667600000000001,0
0.9667399999999999,0.96672,0.96677,0
0.96673,0.96673,0.96677,0
0.96672,0.9667399999999999,0.96677,0
0.96672,0.96675,0.96677,0
0.96672,0.9667600000000001,0.9667600000000001,0
0.96672,0.96677,0.96675,0
0.96673,0.96678,0.9667399999999999,0
0.9667399999999999,0.96678,0.96673,0
0.96675,0.96677,0.96673,0
0.9667600000000001,0.96677,0.96672,0
0.96677,0.9667600000000001,0.96672,0
0.96678,0.96675,0.96673,0
0.96678,0.9667399999999999,0.9667399999999999,0
0.96678,0.96673,0.96675,0
0.96678,0.96673,0.9667600000000001,0
0.96677,0.96673,0.96677,0
0.9667600000000001,0.96673,0.96678,0
0.96675,0.9667399999999999,0.9667899999999999,0
0.9667399999999999,0.96675,0.9667899999999999,0
0.9667399999999999,0.9667600000000001,0.9667899999999999,0
0.96673,0.96677,0.96678,0
0.9667399999999999,0.96678,0.96677,0
0.9667399999999999,0.9667899999999999,0.9667600000000001,0
0.96675,0.9667899999999999,0.96675,0
0.9667600000000001,0.9667899999999999,0.96675,0
0.96677,0.9667899999999999,0.9667399999999999,0
0.96678,0.96678,0.9667399999999999,0
0.9667899999999999,0.96677,0.9667399999999999,0
0.9668,0.96677,0.96675,0
0.9668,0.9667600000000001,0.9667600000000001,0
0.9668,0.96675,0.96677,0
0.9667899999999999,0.96675,0.96678,0
0.9667899999999999,0.96675,0.9667899999999999,0
0.96678,0.96675,0.9668,0
0.96677,0.9667600000000001,0.9668,0
0.9667600000000001,0.96677,0.9668,0
0.96675,0.96678,0.9668,0
0.96675,0.9667899999999999,0.9668,0
0.96675,0.9668,0.9667899999999999,0
0.9667600000000001,0.9668100000000001,0.96678,0
0.96677,0.9668100000000001,0.96677,0
0.96678,0.9668100000000001,0.9667600000000001,0
0.9667899999999999,0.9668,0.9667600000000001,0
0.9668,0.9668,0.9667600000000001,0
0.9668100000000001,0.9667899999999999,0.9667600000000001,0
0.9668100000000001,0.96678,0.96677,0
0.9668200000000001,0.96677,0.96678,0
0.9668100000000001,0.9667600000000001,0.9667899999999999,0
0.9668100000000001,0.9667600000000001,0.9668,0
0.9668,0.9667600000000001,0.9668100000000001,0
0.9667899999999999,0.96677,0.9668200000000001,0
0.96678,0.96678,0.9668200000000001,0
0.96677,0.9667899999999999,0.9668200000000001,0
0.96677,0.9668,0.9668200000000001,0
0.96677,0.9668100000000001,0.9668100000000001,0
0.96677,0.9668200000000001,0.9668,0
0.96678,0.96683,0.9667899999999999,0
0.9667899999999999,0.96683,0.96678,0
0.9668,0.9668200000000001,0.96678,0
0.9668100000000001,0.9668200000000001,0.96677,0
0.9668200000000001,0.9668100000000001,0.96678,0
0.96683,0.9668,0.96678,0
0.96683,0.9667899999999999,0.9667899999999999,0
0.96683,0.9667899999999999,0.9668,0
0.96683,0.96678,0.9668100000000001,0
0.9668200000000001,0.96678,0.9668200000000001,0
0.9668100000000001,0.96678,0.96683,0
0.9668,0.9667899999999999,0.9668399999999999,0
0.9668,0.9668,0.9668399999999999,0
0.9667899999999999,0.9668100000000001,0.9668399999999999,0
0.9667899999999999,0.9668200000000001,0.96683,0
0.9667899999999999,0.96683,0.9668200000000001,0
0.9667899999999999,0.9668399999999999,0.9668200000000001,0
0.9668,0.9668399999999999,0.9668100000000001,0
0.9668100000000001,0.9668399999999999,0.9668,0
0.9668200000000001,0.9668399999999999,0.9667899999999999,0
0.96683,0.96683,0.9667899999999999,0
0.9668399999999999,0.96683,0.9667899999999999,0
0.96685,0.9668200000000001,0.9668,0
0.96685,0.9668100000000001,0.9668100000000001,0
0.96685,0.9668,0.9668200000000001,0
0.9668399999999999,0.9668,0.96683,0
0.9668399999999999,0.9668,0.9668399999999999,0
0.96683,0.9668,0.96685,0
0.9668200000000001,0.9668100000000001,0.96685,0
0.9668100000000001,0.9668200000000001,0.96686,0
0.9668,0.96683,0.96685,0
0.9668,0.9668399999999999,0.96685,0
0.9668100000000001,0.96685,0.9668399999999999,0
0.9668100000000001,0.96686,0.96683,0
0.9668200000000001,0.96686,0.9668200000000001,0
0.96683,0.96686,0.9668100000000001,0
0.9668399999999999,0.96686,0.9668100000000001,0
0.96685,0.96685,0.9668100000000001,0
0.96686,0.9668399999999999,0.9668100000000001,0
0.9668700000000001,0.96683,0.9668200000000001,0
0.9668700000000001,0.9668200000000001,0.96683,0
0.96686,0.9668200000000001,0.9668399999999999,0
0.96686,0.9668100000000001,0.96685,0
0.96685,0.9668200000000001,0.96686,0
0.9668399999999999,0.9668200000000001,0.9668700000000001,0
0.96683,0.96683,0.9668700000000001,0
0.96683,0.9668399999999999,0.9668700000000001,0
0.9668200000000001,0.96685,0.9668700000000001,0
0.9668200000000001,0.96686,0.96686,0
0.9668200000000001,0.9668700000000001,0.96685,0
0.96683,0.96688,0.9668399999999999,0
0.9668399999999999,0.96688,0.9668399999999999,0
0.96685,0.96688,0.96683,0
0.96686,0.9668700000000001,0.96683,0
0.9668700000000001,0.96686,0.96683,0
0.96688,0.96685,0.96683,0
0.96688,0.96685,0.9668399999999999,0
0.96688,0.9668399999999999,0.96685,0
0.96688,0.96683,0.96686,0
0.9668700000000001,0.96683,0.9668700000000001,0
0.9668700000000001,0.96683,0.96688,0
0.96686,0.9668399999999999,0.9668899999999999,0
0.96685,0.96685,0.9668899999999999,0
0.9668399999999999,0.96686,0.9668899999999999,0
0.9668399999999999,0.9668700000000001,0.96688,0
0.9668399999999999,0.96688,0.96688,0
0.9668399999999999,0.9668899999999999,0.9668700000000001,0
0.96685,0.9668899999999999,0.96686,0
0.96686,0.9669,0.96685,0
0.9668700000000001,0.9668899999999999,0.9668399999999999,0
0.96688,0.9668899999999999,0.9668399999999999,0
0.9668899999999999,0.96688,0.96685,0
0.9669,0.9668700000000001,0.96685,0
0.9669,0.96686,0.96686,0
0.9669,0.96685,0.9668700000000001,0
0.9669,0.96685,0.96688,0
0.9668899999999999,0.96685,0.9668899999999999,0
0.96688,0.96685,0.9669,0
0.9668700000000001,0.96686,0.96691,0
0.96686,0.9668700000000001,0.96691,0
0.96686,0.96688,0.9669,0
0.96685,0.9668899999999999,0.9669,0
0.96686,0.9669,0.9668899999999999,0
0.96686,0.96691,0.96688,0
0.9668700000000001,0.96691,0.9668700000000001,0
0.96688,0.96691,0.96686,0
0.9668899999999999,0.96691,0.96686,0
0.9669,0.9669,0.96686,0
0.96691,0.9668899999999999,0.96686,0
0.9669200000000001,0.96688,0.9668700000000001,0
0.9669200000000001,0.9668700000000001,0.96688,0
0.9669200000000001,0.9668700000000001,0.9668899999999999,0
0.96691,0.9668700000000001,0.9669,0
0.9669,0.9668700000000001,0.96691,0
0.9668899999999999,0.9668700000000001,0.9669200000000001,0
0.96688,0.96688,0.9669200000000001,0
0.96688,0.9668899999999999,0.9669200000000001,0
0.9668700000000001,0.9669,0.9669200000000001,0
0.9668700000000001,0.96691,0.96691,0
0.9668700000000001,0.9669200000000001,0.9669,0
0.96688,0.96693,0.9668899999999999,0
0.9668899999999999,0.96693,0.9668899999999999,0
0.9669,0.96693,0.96688,0
0.96691,0.9669200000000001,0.96688,0
0.9669200000000001,0.96691,0.96688,0
0.96693,0.9669,0.96688,0
0.96693,0.9669,0.9668899999999999,0
0.96693,0.9668899999999999,0.9669,0
0.96693,0.96688,0.96691,0
0.9669200000000001,0.96688,0.9669200000000001,0
0.96691,0.96688,0.96693,0
0.96691,0.9668899999999999,0.9669399999999999,0
0.9669,0.9669,0.9669399999999999,0
0.9668899999999999,0.96691,0.9669399999999999,0
0.9668899999999999,0.9669200000000001,0.96693,0
0.9668899999999999,0.96693,0.9669200000000001,0
0.9668899999999999,0.9669399999999999,0.9669200000000001,0
0.9669,0.9669399999999999,0.96691,0
0.96691,0.9669399999999999,0.9669,0
0.9669200000000001,0.9669399999999999,0.9668899999999999,0
0.96693,0.96693,0.9668899999999999,0
0.9669399999999999,0.96693,0.9668899999999999,0
0.96695,0.9669200000000001,0.9669,0
0.96695,0.96691,0.96691,0
0.96695,0.9669,0.9669200000000001,0
0.9669399999999999,0.9669,0.96693,0
0.9669399999999999,0.9669,0.9669399999999999,0
0.96693,0.9669,0.96695,0
0.9669200000000001,0.96691,0.96695,0
0.96691,0.9669200000000001,0.96695,0
0.9669,0.96693,0.96695,0
0.9669,0.9669399999999999,0.9669399999999999,0
0.9669,0.96695,0.9669399999999999,0
0.96691,0.96696,0.96693,0
0.9669200000000001,0.96696,0.9669200000000001,0
0.96693,0.96696,0.96691,0
0.9669399999999999,0.96695,0.96691,0
0.96695,0.96695,0.96691,0
0.96696,0.9669399999999999,0.96691,0
0.96696,0.96693,0.9669200000000001,0
0.96696,0.9669200000000001,0.96693,0
0.96696,0.96691,0.9669399999999999,0
0.96696,0.96691,0.96695,0
0.96695,0.96691,0.96696,0
0.9669399999999999,0.9669200000000001,0.96696,0
0.96693,0.96693,0.9669700000000001,0
0.9669200000000001,0.9669399999999999,0.9669700000000001,0
0.9669200000000001,0.96695,0.96696,0
0.9669200000000001,0.96696,0.96696,0
0.9669200000000001,0.9669700000000001,0.96695,0
0.96693,0.9669700000000001,0.9669399999999999,0
0.9669399999999999,0.9669700000000001,0.96693,0
0.96695,0.9669700000000001,0.9669200000000001,0
0.96696,0.9669700000000001,0.9669200000000001,0
0.9669700000000001,0.96696,0.9669200000000001,0
0.9669700000000001,0.96695,0.96693,0
0.96698,0.9669399999999999,0.9669399999999999,0
0.96698,0.96693,0.96695,0
0.9669700000000001,0.96693,0.96696,0
0.9669700000000001,0.96693,0.9669700000000001,0
0.96696,0.96693,0.9669700000000001,0
0.96695,0.96693,0.96698,0
0.9669399999999999,0.9669399999999999,0.96698,0
0.96693,0.96695,0.96698,0
0.96693,0.9669700000000001,0.9669700000000001,0
0.96693,0.9669700000000001,0.9669700000000001,0
0.96693,0.96698,0.96696,0
0.9669399999999999,0.96698,0.96695,0
0.96695,0.96698,0.9669399999999999,0
0.96696,0.96698,0.9669399999999999,0
0.9669700000000001,0.96698,0.96693,0
0.96698,0.9669700000000001,0.9669399999999999,0
0.96699,0.96696,0.9669399999999999,0
0.96699,0.96695,0.96695,0
0.96699,0.9669399999999999,0.96696,0
0.96698,0.9669399999999999,0.9669700000000001,0
0.96698,0.9669399999999999,0.96698,0
0.9669700000000001,0.9669399999999999,0.96699,0
0.96696,0.96695,0.96699,0
0.96695,0.96696,0.96699,0
0.9669399999999999,0.9669700000000001,0.96699,0
0.9669399999999999,0.96698,0.96698,0
0.9669399999999999,0.96699,0.96698,0
0.96695,0.96699,0.9669700000000001,0
0.96696,0.9670000000000001,0.96696,0
0.9669700000000001,0.9670000000000001,0.96695,0
0.96698,0.96699,0.96695,0
0.96699,0.96698,0.96695,0
0.9670000000000001,0.96698,0.96695,0
0.9670000000000001,0.9669700000000001,0.96696,0
0.9670000000000001,0.96696,0.9669700000000001,0
0.9670000000000001,0.96695,0.96698,0
0.96699,0.96695,0.96699,0
0.96698,0.96695,0.9670000000000001,0
0.96698,0.96696,0.9670000000000001,0
0.9669700000000001,0.96696,0.9670000000000001,0
0.96696,0.9669700000000001,0.9670000000000001,0
0.96695,0.96699,0.9670000000000001,0
0.96695,0.96699,0.96699,0
0.96696,0.9670000000000001,0.96698,0
0.96696,0.96701,0.9669700000000001,0
0.9669700000000001,0.96701,0.9669700000000001,0
0.96698,0.96701,0.96696,0
0.96699,0.9670000000000001,0.96696,0
0.9670000000000001,0.96699,0.96696,0
0.96701,0.96698,0.96696,0
0.96701,0.9669700000000001,0.9669700000000001,0
0.96701,0.9669700000000001,0.96698,0
0.96701,0.96696,0.96699,0
0.9670000000000001,0.96696,0.9670000000000001,0
0.96699,0.96696,0.96701,0
0.96698,0.9669700000000001,0.96701,0
0.9669700000000001,0.96698,0.96701,0
0.9669700000000001,0.96699,0.96701,0
0.96696,0.9670000000000001,0.96701,0
0.96696,0.96701,0.9670000000000001,0
0.9669700000000001,0.96701,0.96699,0
0.96698,0.9670200000000001,0.96698,0
0.96699,0.9670200000000001,0.9669700000000001,0
0.9670000000000001,0.96701,0.9669700000000001,0
0.96701,0.96701,0.9669700000000001,0
0.96701,0.9670000000000001,0.9669700000000001,0
0.9670200000000001,0.96699,0.9669700000000001,0
0.9670200000000001,0.96698,0.96698,0
0.9670200000000001,0.9669700000000001,0.96699,0
0.96701,0.9669700000000001,0.9670000000000001,0
0.96701,0.9669700000000001,0.96701,0
0.9670000000000001,0.9669700000000001,0.9670200000000001,0
0.96699,0.96698,0.9670200000000001,0
0.96698,0.96699,0.9670200000000001,0
0.9669700000000001,0.9670000000000001,0.9670200000000001,0
0.9669700000000001,0.96701,0.96701,0
0.9669700000000001,0.9670200000000001,0.9670000000000001,0
0.96698,0.9670200000000001,0.9670000000000001,0
0.96699,0.96703,0.96699,0
0.9670000000000001,0.9670200000000001,0.96698,0
0.96701,0.9670200000000001,0.9669700000000001,0
0.9670200000000001,0.96701,0.9669700000000001,0
0.9670200000000001,0.9670000000000001,0.96698,0
0.96703,0.96699,0.96698,0
0.96703,0.96699,0.96699,0
0.9670200000000001,0.96698,0.9670000000000001,0
0.9670200000000001,0.96698,0.96701,0
0.96701,0.96698,0.9670200000000001,0
0.9670000000000001,0.96698,0.96703,0
0.96699,0.96699,0.96703,0
0.96698,0.9670000000000001,0.96703,0
0.96698,0.96701,0.9670200000000001,0
0.96698,0.9670200000000001,0.9670200000000001,0
0.96698,0.96703,0.96701,0
0.96699,0.96703,0.9670000000000001,0
0.9670000000000001,0.96703,0.96699,0
0.96701,0.96703,0.96698,0
0.9670200000000001,0.9670200000000001,0.96698,0
0.96703,0.9670200000000001,0.96698,0
0.96703,0.96701,0.96699,0
0.96703,0.9670000000000001,0.96699,0
0.96703,0.96699,0.9670000000000001,0
0.96703,0.96698,0.96701,0
0.9670200000000001,0.96698,0.9670200000000001,0
0.96701,0.96699,0.96703,0
0.9670000000000001,0.96699,0.96703,0
0.9670000000000001,0.9670000000000001,0.96704,0
0.96699,0.96701,0.96703,0
0.96698,0.9670200000000001,0.96703,0
0.96698,0.96703,0.9670200000000001,0
0.96699,0.96703,0.96701,0
0.9670000000000001,0.96704,0.9670000000000001,0
0.96701,0.96704,0.96699,0
0.9670200000000001,0.96703,0.96699,0
0.96703,0.96703,0.96699,0
0.96703,0.9670200000000001,0.96699,0
0.96704,0.96701,0.96699,0
0.96704,0.9670000000000001,0.9670000000000001,0
0.96704,0.96699,0.96701,0
0.96703,0.96699,0.9670200000000001,0
0.9670200000000001,0.96699,0.96703,0
0.96701,0.96699,0.96704,0
0.96701,0.9670000000000001,0.96704,0
0.9670000000000001,0.96701,0.96704,0
0.96699,0.9670200000000001,0.96704,0
0.96699,0.96703,0.96703,0
0.96699,0.96703,0.9670200000000001,0
0.9670000000000001,0.96704,0.96701,0
0.9670000000000001,0.96704,0.9670000000000001,0
0.96701,0.96704,0.9670000000000001,0
0.9670200000000001,0.96703,0.96699,0
0.96703,0.96703,0.96699,0
0.96704,0.9670200000000001,0.96699,0
0.96704,0.96701,0.9670000000000001,0
0.96704,0.9670000000000001,0.96701,0
0.96704,0.96699,0.9670200000000001,0
0.96703,0.96699,0.96703,0
0.9670200000000001,0.96699,0.96704,0
0.96701,0.9670000000000001,0.96704,0
0.96701,0.9670000000000001,0.96704,0
0.9670000000000001,0.96701,0.96704,0
0.96699,0.9670200000000001,0.96704,0
0.96699,0.96703,0.96703,0
0.96699,0.96704,0.9670200000000001,0
0.9670000000000001,0.96704,0.96701,0
0.96701,0.96704,0.9670000000000001,0
0.9670200000000001,0.96704,0.9670000000000001,0
0.96703,0.96703,0.96699,0
0.96704,0.96703,0.96699,0
0.96704,0.9670200000000001,0.9670000000000001,0
0.96704,0.96701,0.9670000000000001,0
0.96704,0.9670000000000001,0.96701,0
0.96704,0.96699,0.9670200000000001,0
0.96703,0.96699,0.96703,0
0.9670200000000001,0.96699,0.96704,0
0.96701,0.9670000000000001,0.96704,0
0.9670000000000001,0.96701,0.96704,0
0.9670000000000001,0.9670200000000001,0.96704,0
0.96699,0.96703,0.96704,0
0.96699,0.96704,0.96703,0
0.9670000000000001,0.96704,0.9670200000000001,0
0.9670000000000001,0.96704,0.96701,0
0.96701,0.96704,0.9670000000000001,0
0.9670200000000001,0.96704,0.96699,0
0.96703,0.96703,0.96699,0
0.96704,0.9670200000000001,0.96699,0
0.96704,0.96701,0.9670000000000001,0
0.96704,0.9670000000000001,0.96701,0
0.96704,0.9670000000000001,0.9670200000000001,0
0.96704,0.96699,0.96703,0
0.96703,0.96699,0.96704,0
0.9670200000000001,0.9670000000000001,0.96704,0
0.96701,0.9670000000000001,0.96704,0
0.9670000000000001,0.96701,0.96704,0
0.9670000000000001,0.9670200000000001,0.96704,0
0.96699,0.96703,0.96703,0
0.96699,0.96704,0.9670200000000001,0
0.9670000000000001,0.96704,0.96701,0
0.96701,0.96704,0.96701,0
0.9670200000000001,0.96704,0.9670000000000001,0
0.96703,0.96704,0.96699,0
0.96703,0.96703,0.96699,0
0.96704,0.9670200000000001,0.9670000000000001,0
0.96704,0.96701,0.9670000000000001,0
0.96704,0.9670000000000001,0.96701,0
0.96704,0.96699,0.9670200000000001,0
0.96703,0.96699,0.96703,0
0.9670200000000001,0.96699,0.96704,0
0.96701,0.9670000000000001,0.96704,0
0.96701,0.96701,0.96704,0
0.9670000000000001,0.96701,0.96704,0
0.96699,0.9670200000000001,0.96704,0
0.96699,0.96703,0.96703,0
0.96699,0.96704,0.9670200000000001,0
0.9670000000000001,0.96704,0.96701,0
0.96701,0.96704,0.9670000000000001,0
0.9670200000000001,0.96704,0.96699,0
0.96703,0.96703,0.96699,0
0.96703,0.9670200000000001,0.96699,0
0.96704,0.96701,0.9670000000000001,0
0.96704,0.9670000000000001,0.9670000000000001,0
0.96704,0.9670000000000001,0.96701,0
0.96703,0.96699,0.9670200000000001,0
0.96703,0.96699,0.96703,0
0.9670200000000001,0.96699,0.96704,0
0.96701,0.9670000000000001,0.96704,0
0.9670000000000001,0.96701,0.96704,0
0.96699,0.96701,0.96704,0
0.96699,0.9670200000000001,0.96703,0
0.96699,0.96703,0.9670200000000001,0
0.96699,0.96704,0.96701,0
0.9670000000000001,0.96704,0.9670000000000001,0
0.96701,0.96704,0.9670000000000001,0
0.9670200000000001,0.96703,0.96699,0
0.96703,0.96703,0.96699,0
0.96703,0.9670200000000001,0.96699,0
0.96704,0.96701,0.96699,0
0.96704,0.9670000000000001,0.9670000000000001,0
0.96703,0.96699,0.96701,0
0.96703,0.96699,0.9670200000000001,0
0.9670200000000001,0.96699,0.96703,0
0.96701,0.96699,0.96703,0
0.9670000000000001,0.9670000000000001,0.96704,0
0.96699,0.9670000000000001,0.96703,0
0.96699,0.96701,0.96703,0
0.96698,0.9670200000000001,0.9670200000000001,0
0.96699,0.96703,0.96701,0
0.96699,0.96703,0.96701,0
0.9670000000000001,0.96703,0.9670000000000001,0
0.96701,0.96703,0.96699,0
0.9670200000000001,0.96703,0.96698,0
0.9670200000000001,0.9670200000000001,0.96698,0
0.96703,0.96701,0.96699,0
0.96703,0.9670000000000001,0.96699,0
0.96703,0.96699,0.9670000000000001,0
0.96703,0.96698,0.96701,0
0.9670200000000001,0.96698,0.9670200000000001,0
0.96701,0.96698,0.96703,0
0.9670000000000001,0.96699,0.96703,0
0.96699,0.96699,0.96703,0
0.96699,0.9670000000000001,0.96703,0
0.96698,0.96701,0.9670200000000001,0
0.96698,0.9670200000000001,0.9670200000000001,0
0.96698,0.96703,0.96701,0
0.96699,0.96703,0.9670000000000001,0
0.9670000000000001,0.96703,0.96699,0
0.9670000000000001,0.9670200000000001,0.96698,0
0.96701,0.9670200000000001,0.96698,0
0.9670200000000001,0.96701,0.96698,0
0.96703,0.9670000000000001,0.96698,0
0.96703,0.96699,0.96699,0
0.9670200000000001,0.96698,0.9670000000000001,0
0.9670200000000001,0.96698,0.96701,0
0.96701,0.9669700000000001,0.96701,0
0.9670000000000001,0.96698,0.9670200000000001,0
0.96699,0.96698,0.9670200000000001,0
0.96698,0.96699,0.9670200000000001,0
0.96698,0.9670000000000001,0.9670200000000001,0
0.9669700000000001,0.96701,0.96701,0
0.9669700000000001,0.9670200000000001,0.96701,0
0.96698,0.9670200000000001,0.9670000000000001,0
0.96698,0.9670200000000001,0.96699,0
0.96699,0.9670200000000001,0.96698,0
0.9670000000000001,0.9670200000000001,0.9669700000000001,0
0.96701,0.96701,0.9669700000000001,0
0.9670200000000001,0.9670000000000001,0.9669700000000001,0
0.9670200000000001,0.96699,0.96698,0
0.9670200000000001,0.96698,0.96698,0
0.9670200000000001,0.9669700000000001,0.96699,0
0.96701,0.9669700000000001,0.9670000000000001,0
0.9670000000000001,0.9669700000000001,0.96701,0
0.96699,0.9669700000000001,0.96701,0
0.96698,0.96698,0.9670200000000001,0
0.9669700000000001,0.96699,0.9670200000000001,0
0.9669700000000001,0.9670000000000001,0.96701,0
0.9669700000000001,0.9670000000000001,0.9670000000000001,0
0.9669700000000001,0.96701,0.9670000000000001,0
0.9669700000000001,0.96701,0.96699,0
0.96698,0.96701,0.96698,0
0.96699,0.96701,0.9669700000000001,0
0.9670000000000001,0.96701,0.96696,0
0.9670000000000001,0.9670000000000001,0.96696,0
0.96701,0.96699,0.9669700000000001,0
0.96701,0.96698,0.9669700000000001,0
0.96701,0.9669700000000001,0.96698,0
0.96701,0.96696,0.96699,0
0.9670000000000001,0.96696,0.9670000000000001,0
0.96699,0.96696,0.9670000000000001,0
0.96698,0.9669700000000001,0.96701,0
0.9669700000000001,0.9669700000000001,0.96701,0
0.96696,0.96698,0.96701,0
0.96696,0.96699,0.9670000000000001,0
0.96696,0.9670000000000001,0.96699,0
0.96696,0.9670000000000001,0.96698,0
0.9669700000000001,0.96701,0.9669700000000001,0
0.9669700000000001,0.96701,0.96696,0
0.96698,0.9670000000000001,0.96696,0
0.96699,0.96699,0.96695,0
0.9670000000000001,0.96699,0.96695,0
0.9670000000000001,0.96698,0.96696,0
0.9670000000000001,0.9669700000000001,0.9669700000000001,0
0.9670000000000001,0.96696,0.9669700000000001,0
0.9670000000000001,0.96695,0.96698,0
0.96699,0.96695,0.96699,0
0.96698,0.96695,0.9670000000000001,0
0.9669700000000001,0.96696,0.9670000000000001,0
0.96696,0.9669700000000001,0.9670000000000001,0
0.96695,0.9669700000000001,0.9670000000000001,0
0.96695,0.96698,0.96699,0
0.96695,0.96699,0.96698,0
0.96695,0.9670000000000001,0.9669700000000001,0
0.96696,0.9670000000000001,0.96696,0
0.9669700000000001,0.96699,0.96695,0
0.96698,0.96699,0.96695,0
0.96698,0.96698,0.9669399999999999,0
0.96699,0.9669700000000001,0.96695,0
0.96699,0.96696,0.96695,0
0.96699,0.96695,0.96696,0
0.96699,0.96695,0.9669700000000001,0
0.96698,0.9669399999999999,0.96698,0
0.96698,0.9669399999999999,0.96698,0
0.9669700000000001,0.9669399999999999,0.96699,0
0.96696,0.96695,0.96699,0
0.96695,0.96696,0.96699,0
0.9669399999999999,0.9669700000000001,0.96698,0
0.9669399999999999,0.96698,0.96698,0
0.9669399999999999,0.96698,0.9669700000000001,0
0.9669399999999999,0.96699,0.96696,0
0.96695,0.96699,0.96695,0
0.96696,0.96698,0.9669399999999999,0
0.9669700000000001,0.96698,0.9669399999999999,0
0.96698,0.9669700000000001,0.96693,0
0.96698,0.96696,0.9669399999999999,0
0.96698,0.96695,0.9669399999999999,0
0.96698,0.9669399999999999,0.96695,0
0.96698,0.96693,0.96696,0
0.9669700000000001,0.96693,0.9669700000000001,0
0.96696,0.96693,0.96698,0
0.96695,0.9669399999999999,0.96698,0
0.9669399999999999,0.9669399999999999,0.96698,0
0.96693,0.96695,0.96698,0
0.96693,0.96696,0.9669700000000001,0
0.96693,0.9669700000000001,0.96696,0
0.96693,0.9669700000000001,0.96695,0
0.9669399999999999,0.96698,0.9669399999999999,0
0.9669399999999999,0.96698,0.9669399999999999,0
0.96695,0.9669700000000001,0.96693,0
0.96696,0.9669700000000001,0.9669200000000001,0
0.9669700000000001,0.96696,0.96693,0
0.9669700000000001,0.96695,0.96693,0
0.9669700000000001,0.9669399999999999,0.9669399999999999,0
0.9669700000000001,0.96693,0.9669399999999999,0
0.9669700000000001,0.9669200000000001,0.96695,0
0.96696,0.9669200000000001,0.96696,0
0.96695,0.9669200000000001,0.9669700000000001,0
0.9669399999999999,0.96693,0.9669700000000001,0
0.96693,0.9669399999999999,0.9669700000000001,0
0.9669200000000001,0.9669399999999999,0.9669700000000001,0
0.9669200000000001,0.96695,0.96696,0
0.9669200000000001,0.96696,0.96695,0
0.9669200000000001,0.96696,0.9669399999999999,0
0.96693,0.9669700000000001,0.96693,0
0.9669399999999999,0.96696,0.9669200000000001,0
0.9669399999999999,0.96696,0.9669200000000001,0
0.96695,0.96695,0.96691,0
0.96696,0.9669399999999999,0.9669200000000001,0
0.96696,0.96693,0.9669200000000001,0
0.96696,0.9669200000000001,0.96693,0
0.96696,0.9669200000000001,0.9669399999999999,0
0.96695,0.96691,0.9669399999999999,0
0.9669399999999999,0.96691,0.96695,0
0.96693,0.96691,0.96696,0
0.9669200000000001,0.9669200000000001,0.96696,0
0.9669200000000001,0.96693,0.96696,0
0.96691,0.9669399999999999,0.96695,0
0.96691,0.9669399999999999,0.96695,0
0.96691,0.96695,0.9669399999999999,0
0.96691,0.96695,0.96693,0
0.9669200000000001,0.96695,0.9669200000000001,0
0.96693,0.96695,0.96691,0
0.9669399999999999,0.96695,0.9669,0
0.9669399999999999,0.9669399999999999,0.9669,0
0.96695,0.96693,0.96691,0
0.96695,0.9669200000000001,0.96691,0
0.96695,0.96691,0.9669200000000001,0
0.96695,0.9669,0.96693,0
0.9669399999999999,0.9669,0.9669399999999999,0
0.96693,0.9669,0.9669399999999999,0
0.9669200000000001,0.9669,0.96695,0
0.96691,0.96691,0.96695,0
0.9669,0.9669200000000001,0.9669399999999999,0
0.9669,0.96693,0.9669399999999999,0
0.9669,0.9669399999999999,0.96693,0
0.9669,0.9669399999999999,0.9669200000000001,0
0.9669,0.9669399999999999,0.96691,0
0.96691,0.9669399999999999,0.9669,0
0.9669200000000001,0.9669399999999999,0.9669,0
0.96693,0.96693,0.9668899999999999,0
0.96693,0.9669200000000001,0.9668899999999999,0
0.9669399999999999,0.96691,0.9669,0
0.9669399999999999,0.9669,0.9669,0
0.9669399999999999,0.9669,0.96691,0
0.96693,0.9668899999999999,0.9669200000000001,0
0.96693,0.9668899999999999,0.96693,0
0.9669200000000001,0.9668899999999999,0.96693,0
0.96691,0.9668899999999999,0.9669399999999999,0
0.9669,0.9669,0.9669399999999999,0
0.9668899999999999,0.96691,0.96693,0
0.96688,0.9669200000000001,0.96693,0
0.96688,0.96693,0.9669200000000001,0
0.9668899999999999,0.96693,0.96691,0
0.9668899999999999,0.96693,0.9669,0
0.9669,0.96693,0.9668899999999999,0
0.96691,0.96693,0.96688,0
0.9669200000000001,0.9669200000000001,0.96688,0
0.96693,0.96691,0.96688,0
0.96693,0.9669,0.9668899999999999,0
0.96693,0.9668899999999999,0.9668899999999999,0
0.96693,0.96688,0.9669,0
0.9669200000000001,0.96688,0.96691,0
0.96691,0.96688,0.9669200000000001,0
0.9669,0.96688,0.9669200000000001,0
0.9668899999999999,0.9668899999999999,0.96693,0
0.96688,0.9668899999999999,0.9669200000000001,0
0.96688,0.9669,0.9669200000000001,0
0.9668700000000001,0.96691,0.96691,0
0.9668700000000001,0.9669200000000001,0.9669,0
0.96688,0.9669200000000001,0.9668899999999999,0
0.9668899999999999,0.9669200000000001,0.96688,0
0.9668899999999999,0.9669200000000001,0.96688,0
0.9669,0.96691,0.9668700000000001,0
0.96691,0.9669,0.9668700000000001,0
0.9669200000000001,0.9669,0.9668700000000001,0
0.9669200000000001,0.9668899999999999,0.96688,0
0.9669200000000001,0.96688,0.9668899999999999,0
0.96691,0.9668700000000001,0.9668899999999999,0
0.96691,0.9668700000000001,0.9669,0
0.9669,0.9668700000000001,0.96691,0
0.9668899999999999,0.9668700000000001,0.96691,0
0.96688,0.96688,0.96691,0
0.9668700000000001,0.9668899999999999,0.96691,0
0.96686,0.9669,0.96691,0
0.96686,0.9669,0.9669,0
0.96686,0.96691,0.9668899999999999,0
0.9668700000000001,0.96691,0.96688,0
0.96688,0.96691,0.9668700000000001,0
0.9668899999999999,0.96691,0.96686,0
0.9669,0.9669,0.96686,0
0.9669,0.9668899999999999,0.96686,0
0.96691,0.96688,0.96686,0
0.96691,0.9668700000000001,0.9668700000000001,0
0.96691,0.96686,0.96688,0
0.9669,0.96686,0.9668899999999999,0
0.9668899999999999,0.96686,0.9668899999999999,0
0.96688,0.96686,0.9669,0
0.9668700000000001,0.96686,0.9669,0
0.96686,0.9668700000000001,0.9669,0
0.96686,0.96688,0.9669,0
0.96685,0.9668899999999999,0.9668899999999999,0
0.96685,0.9668899999999999,0.9668899999999999,0
0.96686,0.9669,0.96688,0
0.96686,0.9669,0.9668700000000001,0
0.9668700000000001,0.9669,0.96686,0
0.96688,0.9668899999999999,0.96685,0
0.9668899999999999,0.9668899999999999,0.96685,0
0.9668899999999999,0.96688,0.96685,0
0.9669,0.9668700000000001,0.96685,0
0.9669,0.96686,0.96686,0
0.9668899999999999,0.96685,0.9668700000000001,0
0.9668899999999999,0.96685,0.96688,0
0.96688,0.96685,0.9668899999999999,0
0.9668700000000001,0.96685,0.9668899999999999,0
0.96686,0.96685,0.9668899999999999,0
0.96685,0.96686,0.9668899999999999,0
0.9668399999999999,0.9668700000000001,0.9668899999999999,0
0.9668399999999999,0.96688,0.96688,0
0.9668399999999999,0.9668899999999999,0.9668700000000001,0
0.96685,0.9668899999999999,0.96686,0
0.96685,0.9668899999999999,0.96685,0
0.96686,0.9668899999999999,0.9668399999999999,0
0.9668700000000001,0.96688,0.9668399999999999,0
0.96688,0.9668700000000001,0.9668399999999999,0
0.96688,0.96686,0.9668399999999999,0
0.9668899999999999,0.96685,0.96685,0
0.9668899999999999,0.96685,0.96685,0
0.96688,0.9668399999999999,0.96686,0
0.96688,0.9668399999999999,0.9668700000000001,0
0.9668700000000001,0.9668399999999999,0.96688,0
0.96686,0.9668399999999999,0.96688,0
0.96685,0.96685,0.96688,0
0.9668399999999999,0.96686,0.96688,0
0.96683,0.96686,0.96688,0
0.96683,0.9668700000000001,0.9668700000000001,0
0.96683,0.96688,0.96686,0
0.9668399999999999,0.96688,0.96685,0
0.96685,0.96688,0.9668399999999999,0
0.96686,0.96688,0.96683,0
0.96686,0.9668700000000001,0.96683,0
0.9668700000000001,0.96686,0.96683,0
0.96688,0.96685,0.96683,0
0.96688,0.9668399999999999,0.9668399999999999,0
0.96688,0.96683,0.96685,0
0.9668700000000001,0.96683,0.96686,0
0.96686,0.96683,0.9668700000000001,0
0.96685,0.96683,0.9668700000000001,0
0.9668399999999999,0.96683,0.9668700000000001,0
0.96683,0.9668399999999999,0.9668700000000001,0
0.96683,0.96685,0.9668700000000001,0
0.9668200000000001,0.96686,0.9668700000000001,0
0.9668200000000001,0.96686,0.96686,0
0.96683,0.9668700000000001,0.96685,0
0.96683,0.9668700000000001,0.9668399999999999,0
0.9668399999999999,0.9668700000000001,0.96683,0
0.96685,0.9668700000000001,0.9668200000000001,0
0.96686,0.96686,0.9668200000000001,0
0.96686,0.96685,0.9668200000000001,0
0.9668700000000001,0.9668399999999999,0.96683,0
0.9668700000000001,0.96683,0.96683,0
0.9668700000000001,0.9668200000000001,0.9668399999999999,0
0.96686,0.9668200000000001,0.96685,0
0.96685,0.9668200000000001,0.96686,0
0.9668399999999999,0.9668200000000001,0.96686,0
0.96683,0.96683,0.9668700000000001,0
0.9668200000000001,0.96683,0.96686,0
0.9668200000000001,0.9668399999999999,0.96686,0
0.9668100000000001,0.96685,0.96685,0
0.9668100000000001,0.96686,0.9668399999999999,0
0.9668200000000001,0.96686,0.96683,0
0.96683,0.96686,0.96683,0
0.9668399999999999,0.96686,0.9668200000000001,0
0.9668399999999999,0.96686,0.9668100000000001,0
0.96685,0.96685,0.9668100000000001,0
0.96686,0.9668399999999999,0.9668100000000001,0
0.96686,0.96683,0.9668200000000001,0
0.96686,0.9668200000000001,0.96683,0
0.96686,0.9668100000000001,0.9668399999999999,0
0.96685,0.9668100000000001,0.96685,0
0.9668399999999999,0.9668100000000001,0.96685,0
0.96683,0.9668100000000001,0.96686,0
0.9668200000000001,0.9668200000000001,0.96686,0
0.9668100000000001,0.96683,0.96686,0
0.9668100000000001,0.9668399999999999,0.96685,0
0.9668100000000001,0.96685,0.9668399999999999,0
0.9668100000000001,0.96685,0.96683,0
0.9668100000000001,0.96685,0.9668200000000001,0
0.9668200000000001,0.96685,0.9668100000000001,0
0.96683,0.96685,0.9668100000000001,0
0.9668399999999999,0.96685,0.9668,0
0.96685,0.9668399999999999,0.9668,0
0.96685,0.96683,0.9668100000000001,0
0.96685,0.9668200000000001,0.9668100000000001,0
0.96685,0.9668100000000001,0.9668200000000001,0
0.96685,0.9668,0.96683,0
0.9668399999999999,0.9668,0.9668399999999999,0
0.96683,0.9668,0.96685,0
0.9668200000000001,0.9668100000000001,0.96685,0
0.9668100000000001,0.9668100000000001,0.96685,0
0.9668,0.9668200000000001,0.96685,0
0.9668,0.96683,0.9668399999999999,0
0.9668,0.9668399999999999,0.96683,0
0.9668,0.96685,0.9668200000000001,0
0.9668100000000001,0.96685,0.9668100000000001,0
0.9668200000000001,0.96685,0.9668,0
0.96683,0.9668399999999999,0.9668,0
0.96683,0.9668399999999999,0.9668,0
0.9668399999999999,0.96683,0.9668,0
0.9668399999999999,0.9668200000000001,0.9668,0
0.96685,0.9668100000000001,0.9668100000000001,0
0.9668399999999999,0.9668,0.9668200000000001,0
0.9668399999999999,0.9667899999999999,0.96683,0
0.96683,0.9667899999999999,0.9668399999999999,0
0.9668200000000001,0.9668,0.9668399999999999,0
0.9668100000000001,0.9668,0.9668399999999999,0
0.9668,0.9668100000000001,0.9668399999999999,0
0.9667899999999999,0.9668200000000001,0.9668399999999999,0
0.9667899999999999,0.96683,0.96683,0
0.9667899999999999,0.9668399999999999,0.9668200000000001,0
0.9668,0.9668399999999999,0.9668100000000001,0
0.9668,0.9668399999999999,0.9668,0
0.9668100000000001,0.9668399999999999,0.9668,0
0.9668200000000001,0.96683,0.9667899999999999,0
0.96683,0.96683,0.9667899999999999,0
0.9668399999999999,0.9668200000000001,0.9667899999999999,0
0.9668399999999999,0.9668100000000001,0.9668,0
0.9668399999999999,0.9668,0.9668100000000001,0
0.96683,0.9667899999999999,0.9668100000000001,0
0.96683,0.9667899999999999,0.9668200000000001,0
0.9668200000000001,0.9667899999999999,0.96683,0
0.9668100000000001,0.9667899999999999,0.9668399999999999,0
0.9668,0.9668,0.9668399999999999,0
0.9667899999999999,0.9668100000000001,0.9668399999999999,0
0.9667899999999999,0.9668200000000001,0.96683,0
0.96678,0.9668200000000001,0.9668200000000001,0
0.9667899999999999,0.96683,0.9668100000000001,0
0.9667899999999999,0.96683,0.9668,0
0.9668,0.96683,0.9667899999999999,0
0.9668100000000001,0.96683,0.9667899999999999,0
0.9668200000000001,0.96683,0.96678,0
0.96683,0.9668200000000001,0.96678,0
0.96683,0.9668100000000001,0.9667899999999999,0
0.96683,0.9668,0.9667899999999999,0
0.96683,0.9667899999999999,0.9668,0
0.96683,0.96678,0.9668100000000001,0
0.9668200000000001,0.96678,0.9668200000000001,0
0.9668100000000001,0.96678,0.96683,0
0.9668,0.9667899999999999,0.96683,0
0.9667899999999999,0.9668,0.96683,0
0.96678,0.9668,0.96683,0
0.96678,0.9668100000000001,0.9668200000000001,0
0.96678,0.9668200000000001,0.9668100000000001,0
0.96678,0.96683,0.9668,0
0.9667899999999999,0.96683,0.9667899999999999,0
0.9668,0.96683,0.9667899999999999,0
0.9668100000000001,0.9668200000000001,0.96678,0
0.9668200000000001,0.9668200000000001,0.96678,0
0.9668200000000001,0.9668100000000001,0.96678,0
0.96683,0.9668,0.96678,0
0.96683,0.9667899999999999,0.9667899999999999,0
0.96683,0.96678,0.9668,0
0.9668200000000001,0.96678,0.9668100000000001,0
0.9668100000000001,0.96678,0.9668200000000001,0
0.9668,0.96678,0.9668200000000001,0
0.9667899999999999,0.96678,0.96683,0
0.96678,0.9667899999999999,0.96683,0
0.96678,0.9668,0.9668200000000001,0
0.96677,0.9668100000000001,0.9668200000000001,0
0.96677,0.9668200000000001,0.9668100000000001,0
0.96678,0.9668200000000001,0.9668,0
0.9667899999999999,0.9668200000000001,0.9667899999999999,0
0.9668,0.9668200000000001,0.96678,0
0.9668100000000001,0.9668200000000001,0.96677,0
0.9668100000000001,0.9668100000000001,0.96677,0
0.9668200000000001,0.9668,0.96677,0
0.9668200000000001,0.9667899999999999,0.96678,0
0.9668200000000001,0.96678,0.9667899999999999,0
0.9668200000000001,0.96677,0.9668,0
0.9668100000000001,0.96677,0.9668100000000001,0
0.9668,0.96677,0.9668200000000001,0
0.9667899999999999,0.96678,0.9668200000000001,0
0.9667899999999999,0.96678,0.9668200000000001,0
0.96678,0.9667899999999999,0.9668200000000001,0
0.96677,0.9668,0.9668200000000001,0
0.96677,0.9668100000000001,0.9668100000000001,0
0.96677,0.9668200000000001,0.9668,0
0.96678,0.9668200000000001,0.9667899999999999,0
0.9667899999999999,0.9668200000000001,0.96678,0
0.9667899999999999,0.9668200000000001,0.96677,0
0.9668,0.9668100000000001,0.96677,0
0.9668100000000001,0.9668,0.96677,0
0.9668200000000001,0.9667899999999999,0.96677,0
0.9668200000000001,0.96678,0.96678,0
0.9668200000000001,0.96678,0.9667899999999999,0
0.9668100000000001,0.96677,0.9668,0
0.9668100000000001,0.96677,0.9668100000000001,0
0.9668,0.96677,0.9668100000000001,0
0.9667899999999999,0.96677,0.9668200000000001,0
0.96678,0.96678,0.9668200000000001,0
0.96677,0.9667899999999999,0.9668200000000001,0
0.96677,0.9668,0.9668100000000001,0
0.96677,0.9668100000000001,0.9668,0
0.96677,0.9668100000000001,0.9667899999999999,0
0.96678,0.9668200000000001,0.96678,0
0.96678,0.9668200000000001,0.96677,0
0.9667899999999999,0.9668100000000001,0.96677,0
0.9668,0.9668100000000001,0.9667600000000001,0
0.9668100000000001,0.9668,0.96677,0
0.9668100000000001,0.9667899999999999,0.96677,0
0.9668200000000001,0.96678,0.96678,0
0.9668100000000001,0.96677,0.9667899999999999,0
0.9668100000000001,0.9667600000000001,0.9668,0
0.9668,0.9667600000000001,0.9668100000000001,0
0.9667899999999999,0.96677,0.9668100000000001,0
0.96678,0.96677,0.9668100000000001,0
0.96677,0.96678,0.9668100000000001,0
0.96677,0.9667899999999999,0.9668100000000001,0
0.9667600000000001,0.9668,0.9668,0
0.9667600000000001,0.9668100000000001,0.9668,0
0.96677,0.9668100000000001,0.9667899999999999,0
0.96678,0.9668100000000001,0.96678,0
0.96678,0.9668100000000001,0.96677,0
0.9667899999999999,0.9668100000000001,0.9667600000000001,0
0.9668,0.9668,0.9667600000000001,0
0.9668100000000001,0.9667899999999999,0.9667600000000001,0
0.9668100000000001,0.96678,0.96677,0
0.9668100000000001,0.96677,0.96678,0
0.9668100000000001,0.9667600000000001,0.9667899999999999,0
0.9668,0.9667600000000001,0.9668,0
0.9668,0.9667600000000001,0.9668100000000001,0
0.9667899999999999,0.96677,0.9668100000000001,0
0.96678,0.96677,0.9668100000000001,0
0.96677,0.96678,0.9668100000000001,0
0.9667600000000001,0.9667899999999999,0.9668100000000001,0
0.9667600000000001,0.9668,0.9668,0
0.9667600000000001,0.9668100000000001,0.9667899999999999,0
0.96677,0.9668100000000001,0.96678,0
0.96678,0.9668100000000001,0.96677,0
0.9667899999999999,0.9668100000000001,0.9667600000000001,0
0.9667899999999999,0.9668,0.9667600000000001,0
0.9668,0.9667899999999999,0.9667600000000001,0
0.9668100000000001,0.96678,0.9667600000000001,0
0.9668100000000001,0.96678,0.96677,0
0.9668100000000001,0.96677,0.96678,0
0.9668100000000001,0.9667600000000001,0.9667899999999999,0
0.9668,0.9667600000000001,0.9668,0
0.9667899999999999,0.9667600000000001,0.9668,0
0.96678,0.9667600000000001,0.9668100000000001,0
0.96677,0.96677,0.9668100000000001,0
0.9667600000000001,0.96678,0.9668100000000001,0
0.9667600000000001,0.9667899999999999,0.9668,0
0.9667600000000001,0.9668,0.9667899999999999,0
0.9667600000000001,0.9668100000000001,0.96678,0
0.96677,0.9668100000000001,0.96677,0
0.96678,0.9668100000000001,0.96677,0
0.9667899999999999,0.9668100000000001,0.9667600000000001,0
0.9668,0.9668,0.9667600000000001,0
0.9668,0.9667899999999999,0.9667600000000001,0
0.9668100000000001,0.96678,0.9667600000000001,0
0.9668100000000001,0.96677,0.96677,0
0.9668100000000001,0.9667600000000001,0.96678,0
0.9668,0.9667600000000001,0.9667899999999999,0
0.9667899999999999,0.9667600000000001,0.9668,0
0.96678,0.9667600000000001,0.9668,0
0.96677,0.96677,0.9668100000000001,0
0.96677,0.96677,0.9668100000000001,0
0.9667600000000001,0.96678,0.9668,0
0.9667600000000001,0.9667899999999999,0.9668,0
0.9667600000000001,0.9668,0.9667899999999999,0
0.9667600000000001,0.9668100000000001,0.96678,0
0.96677,0.9668100000000001,0.96677,0
0.96678,0.9668100000000001,0.9667600000000001,0
0.9667899999999999,0.9668,0.9667600000000001,0
0.9668,0.9667899999999999,0.9667600000000001,0
0.9668,0.96678,0.9667600000000001,0
0.9668100000000001,0.96677,0.9667600000000001,0
0.9668100000000001,0.96677,0.96677,0
0.9668,0.9667600000000001,0.96678,0
0.9668,0.96675,0.9667899999999999,0
0.9667899999999999,0.9667600000000001,0.9668,0
0.96678,0.9667600000000001,0.9668,0
0.96677,0.96677,0.9668100000000001,0
0.9667600000000001,0.96678,0.9668100000000001,0
0.9667600000000001,0.9667899999999999,0.9668,0
0.96675,0.9668,0.9667899999999999,0
0.9667600000000001,0.9668,0.9667899999999999,0
0.9667600000000001,0.9668100000000001,0.96678,0
0.96677,0.9668100000000001,0.96677,0
0.96678,0.9668,0.9667600000000001,0
0.9667899999999999,0.9668,0.96675,0
0.9668,0.9667899999999999,0.96675,0
0.9668,0.96678,0.9667600000000001,0
0.9668100000000001,0.96677,0.96677,0
0.9668100000000001,0.9667600000000001,0.96677,0
0.9668,0.9667600000000001,0.96678,0
0.9667899999999999,0.96675,0.9667899999999999,0
0.9667899999999999,0.9667600000000001,0.9668,0
0.96678,0.9667600000000001,0.9668100000000001,0
0.96677,0.96677,0.9668100000000001,0
0.9667600000000001,0.96678,0.9668,0
0.96675,0.9667899999999999,0.9668,0
0.96675,0.9668,0.9667899999999999,0
0.9667600000000001,0.9668,0.96678,0
0.9667600000000001,0.9668100000000001,0.96677,0
0.96677,0.9668100000000001,0.9667600000000001,0
0.96678,0.9668,0.9667600000000001,0
0.9667899999999999,0.9668,0.96675,0
0.9668,0.9667899999999999,0.96675,0
0.9668,0.96678,0.9667600000000001,0
0.9668100000000001,0.96677,0.96677,0
0.9668,0.9667600000000001,0.96678,0
0.9668,0.96675,0.9667899999999999,0
0.9667899999999999,0.96675,0.9668,0
0.96678,0.9667600000000001,0.9668,0
0.96677,0.9667600000000001,0.9668100000000001,0
0.9667600000000001,0.96677,0.9668100000000001,0
0.9667600000000001,0.96678,0.9668,0
0.96675,0.9667899999999999,0.9668,0
0.96675,0.9668,0.9667899999999999,0
0.9667600000000001,0.9668,0.96678,0
0.96677,0.9668100000000001,0.96677,0
0.96678,0.9668,0.9667600000000001,0
0.9667899999999999,0.9668,0.96675,0
0.9667899999999999,0.9667899999999999,0.96675,0
0.9668,0.96678,0.96675,0
0.9668,0.96677,0.9667600000000001,0
0.9668100000000001,0.9667600000000001,0.96677,0
0.9668,0.9667600000000001,0.96678,0
0.9668,0.96675,0.9667899999999999,0
0.9667899999999999,0.96675,0.9668,0
0.96678,0.9667600000000001,0.9668,0
0.96677,0.9667600000000001,0.9668100000000001,0
0.9667600000000001,0.96677,0.9668,0
0.96675,0.96678,0.9668,0
0.96675,0.9667899999999999,0.9667899999999999,0
0.96675,0.9668,0.96678,0
0.9667600000000001,0.9668,0.96677,0
0.96677,0.9668100000000001,0.9667600000000001,0
0.96678,0.9668,0.9667600000000001,0
0.9667899999999999,0.9668,0.96675,0
0.9668,0.9667899999999999,0.96675,0
0.9668,0.96678,0.9667600000000001,0
0.9668100000000001,0.96677,0.9667600000000001,0
0.9668,0.9667600000000001,0.96677,0
0.9668,0.96675,0.96678,0
0.9667899999999999,0.96675,0.9667899999999999,0
0.96678,0.96675,0.9668,0
0.96677,0.9667600000000001,0.9668,0
0.96677,0.96677,0.9668100000000001,0
0.9667600000000001,0.96678,0.9668,0
0.96675,0.9667899999999999,0.9668,0
0.96675,0.9668,0.9667899999999999,0
0.9667600000000001,0.9668,0.96678,0
0.9667600000000001,0.9668100000000001,0.96677,0
0.96677,0.9668,0.9667600000000001,0
0.96678,0.9668,0.9667600000000001,0
0.9667899999999999,0.9667899999999999,0.96675,0
0.9668,0.9667899999999999,0.96675,0
0.9668,0.96678,0.9667600000000001,0
0.9668100000000001,0.96677,0.96677,0
0.9668,0.9667600000000001,0.96678,0
0.9668,0.96675,0.9667899999999999,0
0.9667899999999999,0.96675,0.9667899999999999,0
0.96678,0.9667600000000001,0.9668,0
0.96677,0.9667600000000001,0.9668100000000001,0
0.9667600000000001,0.96677,0.9668100000000001,0
0.9667600000000001,0.96678,0.9668,0
0.96675,0.9667899999999999,0.9668,0
0.96675,0.9668,0.9667899999999999,0
0.9667600000000001,0.9668,0.96678,0
0.96677,0.9668100000000001,0.96677,0
0.96678,0.9668,0.9667600000000001,0
0.9667899999999999,0.9668,0.96675,0
0.9667899999999999,0.9667899999999999,0.96675,0
0.9668,0.96678,0.96675,0
0.9668100000000001,0.96677,0.9667600000000001,0
0.9668100000000001,0.9667600000000001,0.96677,0
0.9668,0.9667600000000001,0.96678,0
0.9668,0.96675,0.9667899999999999,0
0.9667899999999999,0.96675,0.9668,0
0.96678,0.9667600000000001,0.9668,0
0.96677,0.9667600000000001,0.9668100000000001,0
0.9667600000000001,0.96677,0.9668,0
0.96675,0.96678,0.9668,0
0.96675,0.9667899999999999,0.9667899999999999,0
0.96675,0.9668,0.96678,0
0.9667600000000001,0.9668100000000001,0.96677,0
0.96677,0.9668100000000001,0.9667600000000001,0
0.96678,0.9668,0.9667600000000001,0
0.9667899999999999,0.9668,0.96675,0
0.9668,0.9667899999999999,0.96675,0
0.9668,0.96678,0.9667600000000001,0
0.9668100000000001,0.96677,0.9667600000000001,0
0.9668100000000001,0.9667600000000001,0.96677,0
0.9668,0.9667600000000001,0.96678,0
0.9667899999999999,0.96675,0.9667899999999999,0
0.9667899999999999,0.96675,0.9668,0
0.96678,0.9667600000000001,0.9668100000000001,0
0.96677,0.96677,0.9668100000000001,0
0.9667600000000001,0.96678,0.9668,0
0.96675,0.9667899999999999,0.9668,0
0.96675,0.9668,0.9667899999999999,0
0.9667600000000001,0.9668,0.96678,0
0.9667600000000001,0.9668100000000001,0.96677,0
0.96677,0.9668100000000001,0.9667600000000001,0
0.96678,0.9668,0.9667600000000001,0
0.9667899999999999,0.9668,0.96675,0
0.9668,0.9667899999999999,0.96675,0
0.9668100000000001,0.96678,0.9667600000000001,0
0.9668100000000001,0.96677,0.96677,0
0.9668100000000001,0.9667600000000001,0.96678,0
0.9668,0.96675,0.9667899999999999,0
0.9667899999999999,0.96675,0.9668,0
0.96678,0.9667600000000001,0.9668,0
0.96677,0.9667600000000001,0.9668100000000001,0
0.9667600000000001,0.96677,0.9668100000000001,0
0.9667600000000001,0.96678,0.9668,0
0.96675,0.9667899999999999,0.9668,0
0.96675,0.9668,0.9667899999999999,0
0.9667600000000001,0.9668100000000001,0.96678,0
0.96677,0.9668100000000001,0.96677,0
0.96678,0.9668100000000001,0.9667600000000001,0
0.9667899999999999,0.9668,0.9667600000000001,0
0.9668,0.9667899999999999,0.96675,0
0.9668,0.96678,0.9667600000000001,0
0.9668100000000001,0.96677,0.9667600000000001,0
0.9668100000000001,0.96677,0.96677,0
0.9668,0.9667600000000001,0.96678,0
0.9668,0.96675,0.9667899999999999,0
0.9667899999999999,0.96675,0.9668,0
0.96678,0.9667600000000001,0.9668100000000001,0
0.96677,0.96677,0.9668100000000001,0
0.9667600000000001,0.96678,0.9668100000000001,0
0.9667600000000001,0.9667899999999999,0.9668,0
0.96675,0.9668,0.9668,0
0.9667600000000001,0.9668,0.9667899999999999,0
0.9667600000000001,0.9668100000000001,0.96678,0
0.96677,0.9668100000000001,0.96677,0
0.96678,0.9668100000000001,0.9667600000000001,0
0.9667899999999999,0.9668,0.9667600000000001,0
0.9668,0.9667899999999999,0.96675,0
0.9668100000000001,0.96678,0.9667600000000001,0
0.9668100000000001,0.96677,0.96677,0
0.9668100000000001,0.9667600000000001,0.96678,0
0.9668,0.9667600000000001,0.9667899999999999,0
0.9668,0.96675,0.9668,0
0.9667899999999999,0.9667600000000001,0.9668,0
0.96678,0.9667600000000001,0.9668100000000001,0
0.96677,0.96677,0.9668100000000001,0
0.9667600000000001,0.96678,0.9668100000000001,0
0.9667600000000001,0.9667899999999999,0.9668,0
0.9667600000000001,0.9668,0.9667899999999999,0
0.9667600000000001,0.9668100000000001,0.96678,0
0.96677,0.9668100000000001,0.96677,0
0.96677,0.9668100000000001,0.9667600000000001,0
0.9667899999999999,0.9668100000000001,0.9667600000000001,0
0.9667899999999999,0.9668,0.9667600000000001,0
0.9668,0.9667899999999999,0.9667600000000001,0
0.9668100000000001,0.96678,0.9667600000000001,0
0.9668100000000001,0.96677,0.96677,0
0.9668100000000001,0.9667600000000001,0.96678,0
0.9668,0.9667600000000001,0.9667899999999999,0
0.9668,0.9667600000000001,0.9668,0
0.9667899999999999,0.9667600000000001,0.9668100000000001,0
0.96678,0.96677,0.9668100000000001,0
0.96677,0.96677,0.9668100000000001,0
0.9667600000000001,0.96678,0.9668100000000001,0
0.9667600000000001,0.9667899999999999,0.9668,0
0.9667600000000001,0.9668,0.9667899999999999,0
0.9667600000000001,0.9668100000000001,0.96678,0
0.96677,0.9668100000000001,0.96677,0
0.96678,0.9668100000000001,0.9667600000000001,0
0.9667899999999999,0.9668,0.9667600000000001,0
0.9668,0.9668,0.9667600000000001,0
0.9668100000000001,0.9667899999999999,0.9667600000000001,0
0.9668100000000001,0.96678,0.9667600000000001,0
0.9668100000000001,0.96677,0.96677,0
0.9668100000000001,0.9667600000000001,0.96678,0
0.9668,0.9667600000000001,0.9667899999999999,0
0.9667899999999999,0.9667600000000001,0.9668,0
0.96678,0.9667600000000001,0.9668100000000001,0
0.96677,0.96677,0.9668100000000001,0
0.9667600000000001,0.96678,0.9668100000000001,0
0.9667600000000001,0.9667899999999999,0.9668100000000001,0
0.9667600000000001,0.9668,0.9668,0
0.9667600000000001,0.9668100000000001,0.9667899999999999,0
0.9667600000000001,0.9668100000000001,0.96678,0
0.96677,0.9668100000000001,0.96677,0
0.96678,0.9668100000000001,0.9667600000000001,0
0.9667899999999999,0.9668,0.9667600000000001,0
0.9668,0.9668,0.9667600000000001,0
0.9668100000000001,0.9667899999999999,0.9667600000000001,0
0.9668100000000001,0.96678,0.96677,0
0.9668100000000001,0.96677,0.96678,0
0.9668100000000001,0.9667600000000001,0.9667899999999999,0
0.9668,0.9667600000000001,0.9668,0
0.9667899999999999,0.9667600000000001,0.9668100000000001,0
0.96678,0.9667600000000001,0.9668100000000001,0
0.96677,0.96677,0.9668100000000001,0
0.9667600000000001,0.96678,0.9668100000000001,0
0.9667600000000001,0.9667899999999999,0.9668,0
0.9667600000000001,0.9668,0.9668,0
0.9667600000000001,0.9668100000000001,0.9667899999999999,0
0.96677,0.9668100000000001,0.96678,0
0.96678,0.9668100000000001,0.96677,0
0.9667899999999999,0.9668100000000001,0.9667600000000001,0
0.9668,0.9668,0.9667600000000001,0
0.9668100000000001,0.9667899999999999,0.9667600000000001,0
0.9668100000000001,0.96678,0.9667600000000001,0
0.9668100000000001,0.96677,0.96677,0
0.9668100000000001,0.96677,0.96678,0
0.9668100000000001,0.9667600000000001,0.9667899999999999,0
0.9668,0.9667600000000001,0.9668,0
0.9667899999999999,0.9667600000000001,0.9668100000000001,0
0.96678,0.96677,0.9668100000000001,0
0.96677,0.96678,0.9668100000000001,0
0.9667600000000001,0.9667899999999999,0.9668100000000001,0
0.9667600000000001,0.9668,0.9668,0
0.9667600000000001,0.9668100000000001,0.9668,0
0.9667600000000001,0.9668100000000001,0.9667899999999999,0
0.96677,0.9668100000000001,0.96678,0
0.96678,0.9668100000000001,0.96677,0
0.9667899999999999,0.9668100000000001,0.9667600000000001,0
0.9668,0.9668,0.9667600000000001,0
0.9668100000000001,0.9667899999999999,0.9667600000000001,0
0.9668100000000001,0.96678,0.96677,0
0.9668100000000001,0.96677,0.96678,0
0.9668100000000001,0.9667600000000001,0.9667899999999999,0
0.9668100000000001,0.9667600000000001,0.9668,0
0.9668,0.9667600000000001,0.9668100000000001,0
0.9667899999999999,0.96677,0.9668100000000001,0
0.96678,0.96677,0.9668100000000001,0
0.96677,0.96678,0.9668100000000001,0
0.9667600000000001,0.9667899999999999,0.9668100000000001,0
0.9667600000000001,0.9668,0.9668,0
0.9667600000000001,0.9668100000000001,0.9667899999999999,0
0.96677,0.9668100000000001,0.96678,0
0.96678,0.9668200000000001,0.96677,0
0.9667899999999999,0.9668100000000001,0.96677,0
0.9668,0.9668100000000001,0.9667600000000001,0
0.9668100000000001,0.9668,0.9667600000000001,0
0.9668100000000001,0.9667899999999999,0.96677,0
0.9668200000000001,0.96678,0.96677,0
0.9668100000000001,0.96677,0.96678,0
0.9668100000000001,0.9667600000000001,0.9667899999999999,0
0.9668,0.9667600000000001,0.9668,0
0.9668,0.9667600000000001,0.9668100000000001,0
0.9667899999999999,0.96677,0.9668100000000001,0
0.96678,0.96678,0.9668200000000001,0
0.96677,0.9667899999999999,0.9668100000000001,0
0.9667600000000001,0.9668,0.9668100000000001,0
0.9667600000000001,0.9668100000000001,0.9668,0
0.96677,0.9668100000000001,0.9667899999999999,0
0.96677,0.9668200000000001,0.96678,0
0.96678,0.9668200000000001,0.96677,0
0.9667899999999999,0.9668100000000001,0.96677,0
0.9668,0.9668100000000001,0.9667600000000001,0
0.9668100000000001,0.9668,0.9667600000000001,0
0.9668200000000001,0.9667899999999999,0.96677,0
0.9668200000000001,0.96678,0.96678,0
0.9668200000000001,0.96677,0.9667899999999999,0
0.9668100000000001,0.9667600000000001,0.9668,0
0.9668,0.9667600000000001,0.9668100000000001,0
0.9667899999999999,0.96677,0.9668100000000001,0
0.96678,0.96677,0.9668200000000001,0
0.96677,0.96678,0.9668200000000001,0
0.96677,0.9667899999999999,0.9668100000000001,0
0.9667600000000001,0.9668,0.9668100000000001,0
0.9667600000000001,0.9668100000000001,0.9668,0
0.96677,0.9668200000000001,0.9667899999999999,0
0.96678,0.9668200000000001,0.96678,0
0.9667899999999999,0.9668200000000001,0.96677,0
0.9668,0.9668100000000001,0.96677,0
0.9668100000000001,0.9668100000000001,0.9667600000000001,0
0.9668100000000001,0.9668,0.96677,0
0.9668200000000001,0.9667899999999999,0.96677,0
0.9668200000000001,0.96678,0.96678,0
0.9668200000000001,0.96677,0.9667899999999999,0
0.9668100000000001,0.96677,0.9668,0
0.9668,0.96677,0.9668100000000001,0
0.9667899999999999,0.96677,0.9668200000000001,0
0.96678,0.96678,0.9668200000000001,0
0.96677,0.9667899999999999,0.9668200000000001,0
0.96677,0.9668,0.9668100000000001,0
0.96677,0.9668100000000001,0.9668100000000001,0
0.96677,0.9668100000000001,0.9668,0
0.96677,0.9668200000000001,0.9667899999999999,0
0.96678,0.9668200000000001,0.96678,0
0.9667899999999999,0.9668200000000001,0.96677,0
0.9668,0.9668100000000001,0.96677,0
0.9668100000000001,0.9668,0.96677,0
0.9668200000000001,0.9667899999999999,0.96677,0
0.9668200000000001,0.96678,0.96678,0
0.9668200000000001,0.96678,0.9667899999999999,0
0.9668200000000001,0.96677,0.9668,0
0.9668100000000001,0.96677,0.9668100000000001,0
0.9668,0.96677,0.9668100000000001,0
0.9667899999999999,0.96677,0.9668200000000001,0
0.96678,0.96678,0.9668200000000001,0
0.96677,0.9667899999999999,0.9668200000000001,0
0.96677,0.9668,0.9668100000000001,0
0.96677,0.9668100000000001,0.9668100000000001,0
0.96677,0.9668200000000001,0.9668,0
0.96678,0.9668200000000001,0.9667899999999999,0
0.9667899999999999,0.9668200000000001,0.96678,0
0.9668,0.9668200000000001,0.96677,0
0.9668100000000001,0.9668100000000001,0.96677,0
0.9668200000000001,0.9668,0.96677,0
0.9668200000000001,0.9667899999999999,0.96677,0
0.9668200000000001,0.96678,0.96678,0
0.9668200000000001,0.96678,0.9667899999999999,0
0.9668200000000001,0.96677,0.9668,0
0.9668100000000001,0.96677,0.9668100000000001,0
0.9668,0.96677,0.9668200000000001,0
0.9667899999999999,0.96678,0.9668200000000001,0
0.96678,0.9667899999999999,0.9668200000000001,0
0.96677,0.9668,0.9668200000000001,0
0.96677,0.9668100000000001,0.9668100000000001,0
0.96677,0.9668200000000001,0.9668100000000001,0
0.96677,0.9668200000000001,0.9668,0
0.96678,0.9668200000000001,0.9667899999999999,0
0.9667899999999999,0.9668200000000001,0.96678,0
0.9668,0.9668200000000001,0.96677,0
0.9668100000000001,0.9668100000000001,0.96677,0
0.9668200000000001,0.9668,0.96677,0
0.9668200000000001,0.9667899999999999,0.96678,0
0.9668200000000001,0.96678,0.9667899999999999,0
0.9668200000000001,0.96678,0.9668,0
0.9668200000000001,0.96677,0.9668100000000001,0
0.9668100000000001,0.96677,0.9668200000000001,0
0.9668,0.96678,0.9668200000000001,0
0.9667899999999999,0.96678,0.96683,0
0.96678,0.9667899999999999,0.9668200000000001,0
0.96677,0.9668,0.9668200000000001,0
0.96677,0.9668100000000001,0.9668100000000001,0
0.96677,0.9668200000000001,0.9668,0
0.96678,0.9668200000000001,0.9667899999999999,0
0.9667899999999999,0.96683,0.9667899999999999,0
0.9668,0.9668200000000001,0.96678,0
0.9668100000000001,0.9668200000000001,0.96677,0
0.9668200000000001,0.9668100000000001,0.96677,0
0.9668200000000001,0.9668,0.96678,0
0.96683,0.9667899999999999,0.96678,0
0.96683,0.96678,0.9667899999999999,0
0.9668200000000001,0.96678,0.9668,0
0.9668200000000001,0.96677,0.9668100000000001,0
0.9668100000000001,0.96677,0.9668200000000001,0
0.9668,0.96678,0.96683,0
0.9667899999999999,0.9667899999999999,0.96683,0
0.96678,0.9668,0.96683,0
0.96678,0.9668100000000001,0.9668200000000001,0
0.96677,0.9668200000000001,0.9668100000000001,0
0.96678,0.9668200000000001,0.9668,0
0.96678,0.96683,0.9667899999999999,0
0.9667899999999999,0.96683,0.96678,0
0.9668,0.96683,0.96678,0
0.9668100000000001,0.9668200000000001,0.96678,0
0.9668200000000001,0.9668100000000001,0.96678,0
0.96683,0.9668,0.96678,0
0.96683,0.9667899999999999,0.9667899999999999,0
0.96683,0.96678,0.9668,0
0.9668200000000001,0.96678,0.9668100000000001,0
0.9668200000000001,0.96678,0.9668200000000001,0
0.9668100000000001,0.96678,0.96683,0
0.9668,0.9667899999999999,0.96683,0
0.9667899999999999,0.9667899999999999,0.96683,0
0.96678,0.9668,0.96683,0
0.96678,0.9668100000000001,0.9668200000000001,0
0.96678,0.9668200000000001,0.9668100000000001,0
0.96678,0.96683,0.9668,0
0.9667899999999999,0.96683,0.9667899999999999,0
0.9668,0.96683,0.96678,0
0.9668100000000001,0.96683,0.96678,0
0.9668200000000001,0.9668200000000001,0.96678,0
0.96683,0.9668100000000001,0.96678,0
0.96683,0.9668,0.9667899999999999,0
0.96683,0.9667899999999999,0.9667899999999999,0
0.96683,0.96678,0.9668100000000001,0
0.9668200000000001,0.96678,0.9668200000000001,0
0.9668200000000001,0.96678,0.9668200000000001,0
0.9668100000000001,0.96678,0.96683,0
0.9668,0.9667899999999999,0.96683,0
0.9667899999999999,0.9668,0.96683,0
0.96678,0.9668100000000001,0.96683,0
0.96678,0.9668200000000001,0.9668200000000001,0
0.96678,0.96683,0.9668100000000001,0
0.9667899999999999,0.96683,0.9668,0
0.9668,0.96683,0.9667899999999999,0
0.9668100000000001,0.96683,0.9667899999999999,0
0.9668200000000001,0.96683,0.96678,0
0.96683,0.9668200000000001,0.96678,0
0.96683,0.9668100000000001,0.96678,0
0.96683,0.9668,0.9667899999999999,0
0.96683,0.9667899999999999,0.9668,0
0.96683,0.96678,0.9668100000000001,0
0.9668200000000001,0.96678,0.9668200000000001,0
0.9668200000000001,0.96678,0.96683,0
0.9668100000000001,0.9667899999999999,0.96683,0
0.9668,0.9668,0.9668399999999999,0
0.9667899999999999,0.9668100000000001,0.96683,0
0.96678,0.9668200000000001,0.96683,0
0.96678,0.96683,0.9668200000000001,0
0.9667899999999999,0.96683,0.9668100000000001,0
0.9667899999999999,0.9668399999999999,0.9668,0
0.9668,0.9668399999999999,0.9667899999999999,0
0.9668100000000001,0.96683,0.9667899999999999,0
0.9668200000000001,0.96683,0.96678,0
0.96683,0.9668200000000001,0.96678,0
0.9668399999999999,0.9668100000000001,0.9667899999999999,0
0.9668399999999999,0.9668,0.9668,0
0.9668399999999999,0.9667899999999999,0.9668100000000001,0
0.96683,0.9667899999999999,0.9668200000000001,0
0.9668200000000001,0.96678,0.96683,0
0.9668200000000001,0.9667899999999999,0.96683,0
0.9668100000000001,0.9667899999999999,0.9668399999999999,0
0.9668,0.9668,0.9668399999999999,0
0.9667899999999999,0.9668100000000001,0.9668399999999999,0
0.9667899999999999,0.9668200000000001,0.96683,0
0.9667899999999999,0.96683,0.9668200000000001,0
0.9667899999999999,0.9668399999999999,0.9668100000000001,0
0.9668,0.9668399999999999,0.9668,0
0.9668100000000001,0.9668399999999999,0.9667899999999999,0
0.9668200000000001,0.9668399999999999,0.9667899999999999,0
0.96683,0.96683,0.9667899999999999,0
0.9668399999999999,0.9668200000000001,0.9667899999999999,0
0.9668399999999999,0.9668100000000001,0.9668,0
0.9668399999999999,0.9668,0.9668,0
0.9668399999999999,0.9667899999999999,0.9668100000000001,0
0.96683,0.9667899999999999,0.9668200000000001,0
0.96683,0.9667899999999999,0.96683,0
0.9668200000000001,0.9667899999999999,0.9668399999999999,0
0.9668100000000001,0.9668,0.9668399999999999,0
0.9668,0.9668100000000001,0.9668399999999999,0
0.9667899999999999,0.9668200000000001,0.9668399999999999,0
0.9667899999999999,0.96683,0.96683,0
0.9667899999999999,0.9668399999999999,0.9668200000000001,0
0.9668,0.9668399999999999,0.9668100000000001,0
0.9668100000000001,0.9668399999999999,0.9668,0
0.9668200000000001,0.9668399999999999,0.9668,0
0.96683,0.9668399999999999,0.9667899999999999,0
0.96683,0.96683,0.9667899999999999,0
0.9668399999999999,0.9668200000000001,0.9667899999999999,0
0.9668399999999999,0.9668100000000001,0.9668,0
0.9668399999999999,0.9668,0.9668100000000001,0
0.9668399999999999,0.9667899999999999,0.9668200000000001,0
0.96683,0.9667899999999999,0.96683,0
0.96683,0.9667899999999999,0.9668399999999999,0
0.9668200000000001,0.9668,0.9668399999999999,0
0.9668100000000001,0.9668100000000001,0.96685,0
0.9668,0.9668200000000001,0.9668399999999999,0
0.9667899999999999,0.96683,0.9668399999999999,0
0.9667899999999999,0.9668399999999999,0.96683,0
0.9668,0.9668399999999999,0.9668200000000001,0
0.9668,0.96685,0.9668100000000001,0
0.9668100000000001,0.96685,0.9668,0
0.9668200000000001,0.9668399999999999,0.9668,0
0.96683,0.9668399999999999,0.9667899999999999,0
0.9668399999999999,0.96683,0.9667899999999999,0
0.96685,0.9668200000000001,0.9668,0
0.96685,0.9668100000000001,0.9668100000000001,0
0.96685,0.9668,0.9668200000000001,0
0.9668399999999999,0.9668,0.96683,0
0.9668399999999999,0.9668,0.9668399999999999,0
0.96683,0.9668,0.9668399999999999,0
0.9668200000000001,0.9668,0.96685,0
0.9668100000000001,0.9668100000000001,0.96685,0
0.9668,0.9668200000000001,0.96685,0
0.9668,0.96683,0.9668399999999999,0
0.9668,0.9668399999999999,0.96683,0
0.9668,0.96685,0.9668200000000001,0
0.9668100000000001,0.96685,0.9668100000000001,0
0.9668200000000001,0.96685,0.9668100000000001,0
0.96683,0.96685,0.9668,0
0.9668399999999999,0.9668399999999999,0.9668,0
0.96685,0.96683,0.9668,0
0.96685,0.9668200000000001,0.9668100000000001,0
0.96685,0.9668100000000001,0.9668100000000001,0
0.96685,0.9668,0.96683,0
0.9668399999999999,0.9668,0.9668399999999999,0
0.9668399999999999,0.9668,0.9668399999999999,0
0.96683,0.9668,0.96685,0
0.9668200000000001,0.9668100000000001,0.96685,0
0.9668100000000001,0.9668200000000001,0.96685,0
0.9668,0.96683,0.96685,0
0.9668,0.9668399999999999,0.9668399999999999,0
0.9668,0.96685,0.96683,0
0.9668100000000001,0.96685,0.9668200000000001,0
0.9668200000000001,0.96686,0.9668100000000001,0
0.96683,0.96685,0.9668100000000001,0
0.9668399999999999,0.96685,0.9668,0
0.96685,0.9668399999999999,0.9668,0
0.96685,0.96683,0.9668100000000001,0
0.96686,0.9668200000000001,0.9668100000000001,0
0.96686,0.9668100000000001,0.9668200000000001,0
0.96685,0.9668100000000001,0.96683,0
0.96685,0.9668,0.9668399999999999,0
0.9668399999999999,0.9668,0.96685,0
0.96683,0.9668100000000001,0.96686,0
0.9668200000000001,0.9668200000000001,0.96686,0
0.9668100000000001,0.96683,0.96686,0
0.9668100000000001,0.9668399999999999,0.96685,0
0.9668,0.96685,0.9668399999999999,0
0.9668100000000001,0.96685,0.96683,0
0.9668100000000001,0.96686,0.96683,0
0.9668200000000001,0.96686,0.9668200000000001,0
0.96683,0.96686,0.9668100000000001,0
0.9668399999999999,0.96685,0.9668100000000001,0
0.96685,0.9668399999999999,0.9668100000000001,0
0.96686,0.96683,0.9668100000000001,0
0.96686,0.9668200000000001,0.9668200000000001,0
0.96686,0.9668100000000001,0.96683,0
0.96686,0.9668100000000001,0.9668399999999999,0
0.96685,0.9668100000000001,0.96685,0
0.9668399999999999,0.9668100000000001,0.96686,0
0.96683,0.9668200000000001,0.96686,0
0.9668200000000001,0.96683,0.96686,0
0.9668100000000001,0.9668399999999999,0.96686,0
0.9668100000000001,0.96685,0.96685,0
0.9668100000000001,0.96685,0.96685,0
0.9668100000000001,0.96686,0.9668399999999999,0
0.9668200000000001,0.96686,0.96683,0
0.96683,0.96686,0.9668200000000001,0
0.9668399999999999,0.96686,0.9668100000000001,0
0.96685,0.96685,0.9668100000000001,0
0.96686,0.9668399999999999,0.9668100000000001,0
0.96686,0.96683,0.9668200000000001,0
0.96686,0.9668200000000001,0.96683,0
0.96686,0.9668200000000001,0.9668399999999999,0
0.96686,0.9668100000000001,0.96685,0
0.96685,0.9668100000000001,0.96686,0
0.9668399999999999,0.9668200000000001,0.96686,0
0.96683,0.9668200000000001,0.9668700000000001,0
0.9668200000000001,0.96683,0.9668700000000001,0
0.9668200000000001,0.9668399999999999,0.96686,0
0.9668100000000001,0.96685,0.96686,0
0.9668100000000001,0.96686,0.96685,0
0.9668200000000001,0.9668700000000001,0.9668399999999999,0
0.96683,0.9668700000000001,0.96683,0
0.9668399999999999,0.9668700000000001,0.9668200000000001,0
0.96685,0.96686,0.9668200000000001,0
0.96686,0.96685,0.9668100000000001,0
0.9668700000000001,0.9668399999999999,0.9668200000000001,0
0.9668700000000001,0.96683,0.96683,0
0.9668700000000001,0.96683,0.96683,0
0.9668700000000001,0.9668200000000001,0.96685,0
0.96686,0.9668200000000001,0.96686,0
0.96685,0.9668200000000001,0.96686,0
0.9668399999999999,0.9668200000000001,0.9668700000000001,0
0.96683,0.96683,0.9668700000000001,0
0.9668200000000001,0.9668399999999999,0.9668700000000001,0
0.9668200000000001,0.96685,0.96686,0
0.9668200000000001,0.96686,0.96686,0
0.9668200000000001,0.9668700000000001,0.96685,0
0.96683,0.9668700000000001,0.9668399999999999,0
0.9668399999999999,0.9668700000000001,0.96683,0
0.96685,0.9668700000000001,0.9668200000000001,0
0.96686,0.96686,0.9668200000000001,0
0.9668700000000001,0.96685,0.9668200000000001,0
0.9668700000000001,0.96685,0.9668200000000001,0
0.9668700000000001,0.9668399999999999,0.96683,0
0.9668700000000001,0.96683,0.9668399999999999,0
0.9668700000000001,0.9668200000000001,0.96685,0
0.96686,0.9668200000000001,0.96686,0
0.96685,0.9668200000000001,0.9668700000000001,0
0.9668399999999999,0.96683,0.9668700000000001,0
0.96683,0.9668399999999999,0.9668700000000001,0
0.96683,0.96685,0.9668700000000001,0
0.9668200000000001,0.96686,0.9668700000000001,0
0.9668200000000001,0.9668700000000001,0.96686,0
0.96683,0.9668700000000001,0.96685,0
0.96683,0.96688,0.9668399999999999,0
0.9668399999999999,0.96688,0.96683,0
0.96685,0.9668700000000001,0.96683,0
0.96686,0.9668700000000001,0.9668200000000001,0
0.9668700000000001,0.96686,0.96683,0
0.96688,0.96685,0.96683,0
0.96688,0.9668399999999999,0.9668399999999999,0
0.96688,0.96683,0.96685,0
0.9668700000000001,0.96683,0.96686,0
0.96686,0.96683,0.9668700000000001,0
0.96685,0.96683,0.96688,0
0.9668399999999999,0.9668399999999999,0.96688,0
0.9668399999999999,0.96685,0.96688,0
0.96683,0.96686,0.96688,0
0.96683,0.9668700000000001,0.9668700000000001,0
0.96683,0.9668700000000001,0.96686,0
0.96683,0.96688,0.96685,0
0.9668399999999999,0.96688,0.9668399999999999,0
0.96685,0.96688,0.96683,0
0.96686,0.9668700000000001,0.96683,0
0.9668700000000001,0.9668700000000001,0.96683,0
0.96688,0.96686,0.96683,0
0.96688,0.96685,0.9668399999999999,0
0.96688,0.9668399999999999,0.96685,0
0.96688,0.96683,0.96686,0
0.9668700000000001,0.96683,0.9668700000000001,0
0.96686,0.96683,0.96688,0
0.96685,0.9668399999999999,0.96688,0
0.96685,0.9668399999999999,0.96688,0
0.9668399999999999,0.96685,0.96688,0
0.96683,0.96686,0.96688,0
0.96683,0.9668700000000001,0.9668700000000001,0
0.96683,0.96688,0.96686,0
0.9668399999999999,0.96688,0.96685,0
0.96685,0.9668899999999999,0.9668399999999999,0
0.96686,0.96688,0.9668399999999999,0
0.9668700000000001,0.96688,0.96683,0
0.96688,0.9668700000000001,0.96683,0
0.96688,0.96686,0.9668399999999999,0
0.9668899999999999,0.96685,0.96685,0
0.9668899999999999,0.9668399999999999,0.96686,0
0.96688,0.9668399999999999,0.9668700000000001,0
0.9668700000000001,0.96683,0.96688,0
0.9668700000000001,0.9668399999999999,0.96688,0
0.96686,0.9668399999999999,0.9668899999999999,0
0.96685,0.96685,0.9668899999999999,0
0.9668399999999999,0.96686,0.9668899999999999,0
0.9668399999999999,0.9668700000000001,0.96688,0
0.9668399999999999,0.96688,0.9668700000000001,0
0.9668399999999999,0.9668899999999999,0.96686,0
0.96685,0.9668899999999999,0.96685,0
0.96686,0.9668899999999999,0.9668399999999999,0
0.9668700000000001,0.96688,0.9668399999999999,0
0.96688,0.96688,0.9668399999999999,0
0.96688,0.9668700000000001,0.9668399999999999,0
0.9668899999999999,0.96686,0.9668399999999999,0
0.9668899999999999,0.96685,0.96685,0
0.9668899999999999,0.9668399999999999,0.96686,0
0.96688,0.9668399999999999,0.9668700000000001,0
0.96688,0.9668399999999999,0.96688,0
0.9668700000000001,0.9668399999999999,0.9668899999999999,0
0.96686,0.96685,0.9668899999999999,0
0.96685,0.96686,0.9668899999999999,0
0.9668399999999999,0.9668700000000001,0.9668899999999999,0
0.9668399999999999,0.96688,0.96688,0
0.9668399999999999,0.9668899999999999,0.9668700000000001,0
0.96685,0.9668899999999999,0.96686,0
0.96685,0.9668899999999999,0.96685,0
0.96686,0.9668899999999999,0.96685,0
0.9668700000000001,0.9668899999999999,0.9668399999999999,0
0.96688,0.96688,0.9668399999999999,0
0.9668899999999999,0.9668700000000001,0.9668399999999999,0
0.9668899999999999,0.96686,0.96685,0
0.9668899999999999,0.96685,0.96686,0
0.9668899999999999,0.96685,0.9668700000000001,0
0.9668899999999999,0.9668399999999999,0.96688,0
0.96688,0.9668399999999999,0.9668899999999999,0
0.9668700000000001,0.96685,0.9668899999999999,0
0.96686,0.96686,0.9669,0
0.96685,0.9668700000000001,0.9668899999999999,0
0.9668399999999999,0.96688,0.9668899999999999,0
0.9668399999999999,0.9668899999999999,0.96688,0
0.96685,0.9668899999999999,0.9668700000000001,0
0.96685,0.9669,0.96686,0
0.96686,0.9669,0.96686,0
0.9668700000000001,0.9668899999999999,0.96685,0
0.96688,0.9668899999999999,0.96685,0
0.9668899999999999,0.96688,0.96685,0
0.9669,0.9668700000000001,0.96685,0
0.9669,0.96686,0.96686,0
0.9669,0.96685,0.9668700000000001,0
0.9668899999999999,0.96685,0.96688,0
0.9668899999999999,0.96685,0.9668899999999999,0
0.96688,0.96685,0.9668899999999999,0
0.9668700000000001,0.96685,0.9669,0
0.96686,0.96686,0.9669,0
0.96685,0.9668700000000001,0.9669,0
0.96685,0.96688,0.9668899999999999,0
0.96685,0.9668899999999999,0.96688,0
0.96685,0.9669,0.9668700000000001,0
0.96686,0.9669,0.9668700000000001,0
0.9668700000000001,0.9669,0.96686,0
0.96688,0.9669,0.96685,0
0.9668899999999999,0.9668899999999999,0.96685,0
0.9669,0.96688,0.96685,0
0.9669,0.9668700000000001,0.96686,0
0.9669,0.96686,0.96686,0
0.9669,0.96686,0.9668700000000001,0
0.9669,0.96685,0.96688,0
0.9668899999999999,0.96685,0.9668899999999999,0
0.96688,0.96685,0.9669,0
0.9668700000000001,0.96686,0.9669,0
0.96686,0.9668700000000001,0.9669,0
0.96685,0.96688,0.9669,0
0.96685,0.9668899999999999,0.9668899999999999,0
0.96685,0.9669,0.96688,0
0.96686,0.9669,0.96688,0
0.9668700000000001,0.9669,0.9668700000000001,0
0.96688,0.9669,0.96686,0
0.9668899999999999,0.9669,0.96685,0
0.9669,0.9668899999999999,0.96685,0
0.9669,0.96688,0.96686,0
0.96691,0.9668700000000001,0.96686,0
0.96691,0.96686,0.9668700000000001,0
0.9669,0.96686,0.96688,0
0.9669,0.96685,0.9668899999999999,0
0.9668899999999999,0.96685,0.9669,0
0.96688,0.96686,0.9669,0
0.9668700000000001,0.9668700000000001,0.96691,0
0.96686,0.96688,0.96691,0
0.96686,0.9668899999999999,0.9669,0
0.96685,0.9669,0.9668899999999999,0
0.96686,0.9669,0.9668899999999999,0
0.96686,0.96691,0.96688,0
0.9668700000000001,0.96691,0.9668700000000001,0
0.96688,0.96691,0.96686,0
0.9668899999999999,0.9669,0.96686,0
0.9669,0.9668899999999999,0.96686,0
0.96691,0.96688,0.96686,0
0.96691,0.9668700000000001,0.9668700000000001,0
0.96691,0.96686,0.96688,0
0.9669,0.96686,0.9668899999999999,0
0.9669,0.96686,0.9669,0
0.9668899999999999,0.96686,0.9669,0
0.96688,0.96686,0.96691,0
0.9668700000000001,0.9668700000000001,0.96691,0
0.96686,0.96688,0.96691,0
0.96686,0.9668899999999999,0.9669,0
0.96686,0.9669,0.9668899999999999,0
0.96686,0.96691,0.9668899999999999,0
0.9668700000000001,0.96691,0.96688,0
0.96688,0.96691,0.9668700000000001,0
0.9668899999999999,0.96691,0.96686,0
0.9669,0.9669,0.96686,0
0.96691,0.9668899999999999,0.96686,0
0.96691,0.96688,0.9668700000000001,0
0.96691,0.9668700000000001,0.9668700000000001,0
0.96691,0.96686,0.96688,0
0.96691,0.96686,0.9668899999999999,0
0.9669,0.96686,0.9669,0
0.9668899999999999,0.96686,0.96691,0
0.96688,0.9668700000000001,0.96691,0
0.9668700000000001,0.96688,0.96691,0
0.96686,0.9668899999999999,0.96691,0
0.96686,0.9669,0.9669,0
0.96686,0.96691,0.9668899999999999,0
0.9668700000000001,0.96691,0.96688,0
0.96688,0.96691,0.96688,0
0.9668899999999999,0.96691,0.9668700000000001,0
0.9669,0.96691,0.96686,0
0.9669,0.9669,0.96686,0
0.96691,0.9668899999999999,0.96686,0
0.96691,0.96688,0.9668700000000001,0
0.96691,0.9668700000000001,0.96688,0
0.96691,0.9668700000000001,0.9668899999999999,0
0.96691,0.96686,0.9669,0
0.9669,0.96686,0.96691,0
0.9668899999999999,0.9668700000000001,0.96691,0
0.96688,0.96688,0.9669200000000001,0
0.9668700000000001,0.9668899999999999,0.96691,0
0.96686,0.9669,0.96691,0
0.96686,0.9669,0.9669,0
0.9668700000000001,0.96691,0.9668899999999999,0
0.9668700000000001,0.9669200000000001,0.96688,0
0.96688,0.9669200000000001,0.9668700000000001,0
0.9668899999999999,0.96691,0.9668700000000001,0
0.9669,0.96691,0.96686,0
0.96691,0.9669,0.96686,0
0.96691,0.9668899999999999,0.9668700000000001,0
0.9669200000000001,0.96688,0.96688,0
0.9669200000000001,0.9668700000000001,0.9668899999999999,0
0.96691,0.9668700000000001,0.9669,0
0.96691,0.96686,0.96691,0
0.9669,0.9668700000000001,0.96691,0
0.9668899999999999,0.9668700000000001,0.9669200000000001,0
0.96688,0.96688,0.9669200000000001,0
0.9668700000000001,0.9668899999999999,0.9669200000000001,0
0.9668700000000001,0.9669,0.96691,0
0.9668700000000001,0.96691,0.9669,0
0.9668700000000001,0.9669200000000001,0.9668899999999999,0
0.96688,0.9669200000000001,0.96688,0
0.9668899999999999,0.9669200000000001,0.9668700000000001,0
0.9669,0.96691,0.9668700000000001,0
0.96691,0.96691,0.9668700000000001,0
0.96691,0.9669,0.9668700000000001,0
0.9669200000000001,0.9668899999999999,0.9668700000000001,0
0.9669200000000001,0.96688,0.96688,0
0.9669200000000001,0.9668700000000001,0.9668899999999999,0
0.96691,0.9668700000000001,0.9669,0
0.9669,0.9668700000000001,0.96691,0
0.9668899999999999,0.9668700000000001,0.9669200000000001,0
0.9668899999999999,0.96688,0.9669200000000001,0
0.96688,0.9668899999999999,0.9669200000000001,0
0.9668700000000001,0.9669,0.9669200000000001,0
0.9668700000000001,0.96691,0.96691,0
0.9668700000000001,0.96691,0.9669,0
0.9668700000000001,0.9669200000000001,0.9668899999999999,0
0.96688,0.9669200000000001,0.96688,0
0.9668899999999999,0.9669200000000001,0.9668700000000001,0
0.9669,0.96691,0.9668700000000001,0
0.96691,0.96691,0.9668700000000001,0
0.9669200000000001,0.9669,0.9668700000000001,0
0.9669200000000001,0.9668899999999999,0.96688,0
0.9669200000000001,0.96688,0.9668899999999999,0
0.9669200000000001,0.9668700000000001,0.9669,0
0.96691,0.9668700000000001,0.96691,0
0.9669,0.9668700000000001,0.96691,0
0.9668899999999999,0.9668700000000001,0.9669200000000001,0
0.96688,0.96688,0.9669200000000001,0
0.96688,0.9668899999999999,0.9669200000000001,0
0.9668700000000001,0.9669,0.9669200000000001,0
0.9668700000000001,0.96691,0.96691,0
0.9668700000000001,0.9669200000000001,0.9669,0
0.96688,0.9669200000000001,0.9668899999999999,0
0.9668899999999999,0.9669200000000001,0.96688,0
0.9669,0.9669200000000001,0.9668700000000001,0
0.96691,0.96691,0.9668700000000001,0
0.96691,0.9669,0.9668700000000001,0
0.9669200000000001,0.9668899999999999,0.9668700000000001,0
0.9669200000000001,0.9668899999999999,0.96688,0
0.9669200000000001,0.96688,0.9668899999999999,0
0.9669200000000001,0.9668700000000001,0.9669,0
0.96691,0.9668700000000001,0.96691,0
0.9669,0.9668700000000001,0.9669200000000001,0
0.9668899999999999,0.96688,0.9669200000000001,0
0.96688,0.9668899999999999,0.9669200000000001,0
0.9668700000000001,0.9669,0.9669200000000001,0
0.9668700000000001,0.9669,0.96691,0
0.9668700000000001,0.96691,0.96691,0
0.9668700000000001,0.9669200000000001,0.9669,0
0.96688,0.9669200000000001,0.9668899999999999,0
0.9668899999999999,0.9669200000000001,0.96688,0
0.9669,0.9669200000000001,0.9668700000000001,0
0.96691,0.96691,0.9668700000000001,0
0.9669200000000001,0.9669,0.9668700000000001,0
0.9669200000000001,0.9668899999999999,0.96688,0
0.9669200000000001,0.96688,0.96688,0
0.9669200000000001,0.96688,0.9668899999999999,0
0.9669200000000001,0.9668700000000001,0.9669,0
0.96691,0.9668700000000001,0.96691,0
0.9669,0.9668700000000001,0.9669200000000001,0
0.9668899999999999,0.96688,0.9669200000000001,0
0.96688,0.9668899999999999,0.9669200000000001,0
0.9668700000000001,0.9669,0.9669200000000001,0
0.9668700000000001,0.96691,0.96691,0
0.9668700000000001,0.9669200000000001,0.9669,0
0.96688,0.9669200000000001,0.9668899999999999,0
0.96688,0.9669200000000001,0.96688,0
0.9668899999999999,0.9669200000000001,0.96688,0
0.9669,0.9669200000000001,0.9668700000000001,0
0.96691,0.96691,0.9668700000000001,0
0.9669200000000001,0.9669,0.9668700000000001,0
0.9669200000000001,0.9668899999999999,0.96688,0
0.9669200000000001,0.96688,0.9668899999999999,0
0.9669200000000001,0.9668700000000001,0.9669,0
0.96691,0.9668700000000001,0.96691,0
0.9669,0.9668700000000001,0.9669200000000001,0
0.9669,0.96688,0.9669200000000001,0
0.9668899999999999,0.96688,0.9669200000000001,0
0.96688,0.9668899999999999,0.9669200000000001,0
0.9668700000000001,0.9669,0.9669200000000001,0
0.9668700000000001,0.96691,0.96691,0
0.9668700000000001,0.9669200000000001,0.9669,0
0.96688,0.9669200000000001,0.9668899999999999,0
0.9668899999999999,0.9669200000000001,0.96688,0
0.9669,0.9669200000000001,0.9668700000000001,0
0.96691,0.96691,0.9668700000000001,0
0.96691,0.96691,0.9668700000000001,0
0.9669200000000001,0.9669,0.96688,0
0.9669200000000001,0.9668899999999999,0.96688,0
0.9669200000000001,0.96688,0.9668899999999999,0
0.9669200000000001,0.9668700000000001,0.9669,0
0.96691,0.9668700000000001,0.96691,0
0.9669,0.9668700000000001,0.9669200000000001,0
0.9668899999999999,0.96688,0.9669200000000001,0
0.96688,0.9668899999999999,0.9669200000000001,0
0.96688,0.9669,0.9669200000000001,0
0.9668700000000001,0.96691,0.96691,0
0.9668700000000001,0.96691,0.96691,0
0.9668700000000001,0.9669200000000001,0.9669,0
0.96688,0.9669200000000001,0.9668899999999999,0
0.9668899999999999,0.9669200000000001,0.96688,0
0.9669,0.9669200000000001,0.9668700000000001,0
0.96691,0.96691,0.9668700000000001,0
0.9669200000000001,0.9669,0.9668700000000001,0
0.9669200000000001,0.9668899999999999,0.96688,0
0.9669200000000001,0.96688,0.96688,0
0.9669200000000001,0.96688,0.9668899999999999,0
0.96691,0.9668700000000001,0.9669,0
0.96691,0.9668700000000001,0.96691,0
0.9669,0.9668700000000001,0.9669200000000001,0
0.9668899999999999,0.96688,0.9669200000000001,0
0.96688,0.9668899999999999,0.9669200000000001,0
0.9668700000000001,0.9669,0.9669200000000001,0
0.9668700000000001,0.96691,0.96691,0
0.9668700000000001,0.9669200000000001,0.9669,0
0.96688,0.9669200000000001,0.9668899999999999,0
0.96688,0.9669200000000001,0.96688,0
0.9668899999999999,0.9669200000000001,0.96688,0
0.9669,0.9669200000000001,0.9668700000000001,0
0.96691,0.96691,0.9668700000000001,0
0.9669200000000001,0.9669,0.9668700000000001,0
0.9669200000000001,0.9668899999999999,0.96688,0
0.9669200000000001,0.96688,0.9668899999999999,0
0.9669200000000001,0.9668700000000001,0.9669,0
0.96691,0.9668700000000001,0.96691,0
0.9669,0.9668700000000001,0.96691,0
0.9668899999999999,0.9668700000000001,0.9669200000000001,0
0.96688,0.96688,0.9669200000000001,0
0.96688,0.9668899999999999,0.9669200000000001,0
0.9668700000000001,0.9669,0.96691,0
0.9668700000000001,0.96691,0.96691,0
0.9668700000000001,0.9669200000000001,0.9669,0
0.96688,0.9669200000000001,0.9668899999999999,0
0.9668899999999999,0.9669200000000001,0.96688,0
0.9668899999999999,0.9669200000000001,0.9668700000000001,0
0.9669,0.96691,0.9668700000000001,0
0.96691,0.9669,0.9668700000000001,0
0.9669200000000001,0.9668899999999999,0.9668700000000001,0
0.9669200000000001,0.96688,0.96688,0
0.9669200000000001,0.96688,0.9668899999999999,0
0.96691,0.9668700000000001,0.9669,0
0.96691,0.9668700000000001,0.96691,0
0.9669,0.9668700000000001,0.96691,0
0.9668899999999999,0.96688,0.9669200000000001,0
0.96688,0.96688,0.9669200000000001,0
0.9668700000000001,0.9668899999999999,0.9669200000000001,0
0.9668700000000001,0.9669,0.96691,0
0.9668700000000001,0.96691,0.9669,0
0.9668700000000001,0.9669200000000001,0.9668899999999999,0
0.96688,0.9669200000000001,0.96688,0
0.9668899999999999,0.9669200000000001,0.96688,0
0.9669,0.96691,0.9668700000000001,0
0.96691,0.96691,0.9668700000000001,0
0.96691,0.9669,0.9668700000000001,0
0.9669200000000001,0.9668899999999999,0.9668700000000001,0
0.9669200000000001,0.96688,0.96688,0
0.9669200000000001,0.9668700000000001,0.9668899999999999,0
0.96691,0.9668700000000001,0.9669,0
0.9669,0.9668700000000001,0.96691,0
0.9668899999999999,0.9668700000000001,0.96691,0
0.96688,0.96688,0.9669200000000001,0
0.96688,0.96688,0.9669200000000001,0
0.9668700000000001,0.9668899999999999,0.96691,0
0.9668700000000001,0.9669,0.96691,0
0.9668700000000001,0.96691,0.9669,0
0.9668700000000001,0.9669200000000001,0.9668899999999999,0
0.96688,0.9669200000000001,0.96688,0
0.9668899999999999,0.9669200000000001,0.9668700000000001,0
0.9669,0.96691,0.9668700000000001,0
0.96691,0.9669,0.9668700000000001,0
0.96691,0.9668899999999999,0.9668700000000001,0
0.9669200000000001,0.96688,0.9668700000000001,0
0.9669200000000001,0.96688,0.96688,0
0.96691,0.9668700000000001,0.9668899999999999,0
0.96691,0.96686,0.9669,0
0.9669,0.9668700000000001,0.96691,0
0.9668899999999999,0.9668700000000001,0.96691,0
0.96688,0.96688,0.9669200000000001,0
0.9668700000000001,0.9668899999999999,0.96691,0
0.9668700000000001,0.9669,0.96691,0
0.96686,0.9669,0.9669,0
0.9668700000000001,0.96691,0.9668899999999999,0
0.9668700000000001,0.96691,0.96688,0
0.96688,0.96691,0.9668700000000001,0
0.9668899999999999,0.96691,0.9668700000000001,0
0.9669,0.96691,0.96686,0
0.96691,0.9669,0.96686,0
0.96691,0.9668899999999999,0.9668700000000001,0
0.96691,0.96688,0.9668700000000001,0
0.96691,0.9668700000000001,0.96688,0
0.96691,0.96686,0.9668899999999999,0
0.9669,0.96686,0.9669,0
0.9668899999999999,0.96686,0.96691,0
0.96688,0.9668700000000001,0.96691,0
0.9668700000000001,0.96688,0.96691,0
0.9668700000000001,0.9668899999999999,0.96691,0
0.96686,0.9669,0.96691,0
0.96686,0.9669,0.9669,0
0.9668700000000001,0.96691,0.9668899999999999,0
0.9668700000000001,0.96691,0.96688,0
0.96688,0.96691,0.9668700000000001,0
0.9668899999999999,0.96691,0.96686,0
0.9669,0.9669,0.96686,0
0.96691,0.9668899999999999,0.96686,0
0.96691,0.96688,0.9668700000000001,0
0.96691,0.9668700000000001,0.9668700000000001,0
0.96691,0.9668700000000001,0.96688,0
0.9669,0.96686,0.9668899999999999,0
0.9669,0.96686,0.9669,0
0.9668899999999999,0.96686,0.96691,0
0.96688,0.9668700000000001,0.96691,0
0.9668700000000001,0.96688,0.96691,0
0.96686,0.9668899999999999,0.96691,0
0.96686,0.9669,0.9669,0
0.96686,0.9669,0.9668899999999999,0
0.96686,0.96691,0.96688,0
0.9668700000000001,0.96691,0.9668700000000001,0
0.96688,0.96691,0.96686,0
0.9668899999999999,0.9669,0.96686,0
0.9669,0.9669,0.96686,0
0.96691,0.9668899999999999,0.96686,0
0.96691,0.96688,0.9668700000000001,0
0.96691,0.9668700000000001,0.9668700000000001,0
0.96691,0.96686,0.96688,0
0.9669,0.96686,0.9668899999999999,0
0.9668899999999999,0.96686,0.9669,0
0.96688,0.96686,0.96691,0
0.9668700000000001,0.9668700000000001,0.96691,0
0.96686,0.96688,0.96691,0
0.96686,0.9668899999999999,0.9669,0
0.96686,0.9669,0.9668899999999999,0
0.96686,0.9669,0.9668899999999999,0
0.96686,0.96691,0.96688,0
0.9668700000000001,0.96691,0.9668700000000001,0
0.96688,0.9669,0.96686,0
0.9668899999999999,0.9669,0.96686,0
0.9669,0.9668899999999999,0.96686,0
0.9669,0.96688,0.96686,0
0.96691,0.9668700000000001,0.9668700000000001,0
0.9669,0.96686,0.9668700000000001,0
0.9669,0.96686,0.96688,0
0.9668899999999999,0.96685,0.9668899999999999,0
0.96688,0.96686,0.9669,0
0.96688,0.96686,0.9669,0
0.9668700000000001,0.9668700000000001,0.9669,0
0.96686,0.96688,0.9669,0
0.96685,0.9668899999999999,0.9669,0
0.96685,0.9669,0.9668899999999999,0
0.96686,0.9669,0.96688,0
0.96686,0.9669,0.9668700000000001,0
0.9668700000000001,0.9669,0.96686,0
0.96688,0.9669,0.96685,0
0.9668899999999999,0.9668899999999999,0.96685,0
0.9669,0.96688,0.96685,0
0.9669,0.9668700000000001,0.96686,0
0.9669,0.96686,0.9668700000000001,0
0.9669,0.96686,0.9668700000000001,0
0.9669,0.96685,0.96688,0
0.9668899999999999,0.96685,0.9668899999999999,0
0.96688,0.96685,0.9669,0
0.9668700000000001,0.96686,0.9669,0
0.96686,0.9668700000000001,0.9669,0
0.96685,0.96688,0.9669,0
0.96685,0.9668899999999999,0.9668899999999999,0
0.96685,0.9668899999999999,0.96688,0
0.96686,0.9669,0.9668700000000001,0
0.96686,0.9669,0.96686,0
0.9668700000000001,0.9669,0.96686,0
0.96688,0.9668899999999999,0.96685,0
0.9668899999999999,0.9668899999999999,0.96685,0
0.9669,0.96688,0.96685,0
0.9669,0.9668700000000001,0.96686,0
0.9669,0.96686,0.9668700000000001,0
0.9669,0.96685,0.9668700000000001,0
0.9668899999999999,0.96685,0.96688,0
0.96688,0.96685,0.9668899999999999,0
0.9668700000000001,0.96685,0.9669,0
0.96686,0.96686,0.9669,0
0.96685,0.9668700000000001,0.9669,0
0.96685,0.96688,0.9668899999999999,0
0.96685,0.9668899999999999,0.9668899999999999,0
0.96685,0.9668899999999999,0.96688,0
0.96685,0.9669,0.9668700000000001,0
0.96686,0.9669,0.96686,0
0.9668700000000001,0.9668899999999999,0.96685,0
0.96688,0.9668899999999999,0.96685,0
0.9668899999999999,0.96688,0.96685,0
0.9668899999999999,0.9668700000000001,0.96685,0
0.9669,0.96686,0.96686,0
0.9668899999999999,0.96685,0.96686,0
0.9668899999999999,0.96685,0.9668700000000001,0
0.96688,0.9668399999999999,0.96688,0
0.9668700000000001,0.96685,0.9668899999999999,0
0.9668700000000001,0.96685,0.9668899999999999,0
0.96686,0.96686,0.9668899999999999,0
0.96685,0.9668700000000001,0.9668899999999999,0
0.9668399999999999,0.96688,0.9668899999999999,0
0.9668399999999999,0.9668899999999999,0.96688,0
0.96685,0.9668899999999999,0.9668700000000001,0
0.96685,0.9668899999999999,0.96686,0
0.96686,0.9668899999999999,0.96685,0
0.9668700000000001,0.9668899999999999,0.9668399999999999,0
0.96688,0.96688,0.9668399999999999,0
0.9668899999999999,0.9668700000000001,0.9668399999999999,0
0.9668899999999999,0.96686,0.96685,0
0.9668899999999999,0.96685,0.96686,0
0.9668899999999999,0.96685,0.96686,0
0.9668899999999999,0.9668399999999999,0.9668700000000001,0
0.96688,0.9668399999999999,0.96688,0
0.9668700000000001,0.9668399999999999,0.9668899999999999,0
0.96686,0.96685,0.9668899999999999,0
0.96685,0.96686,0.9668899999999999,0
0.9668399999999999,0.9668700000000001,0.9668899999999999,0
0.9668399999999999,0.96688,0.96688,0
0.9668399999999999,0.96688,0.9668700000000001,0
0.9668399999999999,0.9668899999999999,0.96686,0
0.96685,0.9668899999999999,0.96685,0
0.96686,0.9668899999999999,0.96685,0
0.9668700000000001,0.96688,0.9668399999999999,0
0.96688,0.96688,0.9668399999999999,0
0.96688,0.9668700000000001,0.9668399999999999,0
0.9668899999999999,0.96686,0.96685,0
0.9668899999999999,0.96685,0.96685,0
0.9668899999999999,0.9668399999999999,0.96686,0
0.96688,0.9668399999999999,0.9668700000000001,0
0.9668700000000001,0.9668399999999999,0.96688,0
0.96686,0.9668399999999999,0.9668899999999999,0
0.96685,0.96685,0.9668899999999999,0
0.9668399999999999,0.96686,0.9668899999999999,0
0.9668399999999999,0.9668700000000001,0.96688,0
0.9668399999999999,0.96688,0.9668700000000001,0
0.9668399999999999,0.96688,0.9668700000000001,0
0.9668399999999999,0.9668899999999999,0.96686,0
0.96685,0.9668899999999999,0.96685,0
0.96686,0.96688,0.9668399999999999,0
0.9668700000000001,0.96688,0.9668399999999999,0
0.96688,0.9668700000000001,0.96683,0
0.96688,0.96686,0.9668399999999999,0
0.9668899999999999,0.96685,0.9668399999999999,0
0.96688,0.9668399999999999,0.96685,0
0.96688,0.9668399999999999,0.96686,0
0.9668700000000001,0.96683,0.9668700000000001,0
0.96686,0.96683,0.96688,0
0.96685,0.9668399999999999,0.96688,0
0.96685,0.96685,0.96688,0
0.9668399999999999,0.96686,0.96688,0
0.96683,0.9668700000000001,0.96688,0
0.96683,0.9668700000000001,0.9668700000000001,0
0.9668399999999999,0.96688,0.96686,0
0.9668399999999999,0.96688,0.96685,0
0.96685,0.96688,0.9668399999999999,0
0.96686,0.96688,0.96683,0
0.9668700000000001,0.9668700000000001,0.96683,0
0.96688,0.96686,0.96683,0
0.96688,0.96685,0.9668399999999999,0
0.96688,0.9668399999999999,0.9668399999999999,0
0.96688,0.9668399999999999,0.96685,0
0.9668700000000001,0.96683,0.96686,0
0.9668700000000001,0.96683,0.9668700000000001,0
0.96686,0.96683,0.96688,0
0.96685,0.9668399999999999,0.96688,0
0.9668399999999999,0.96685,0.96688,0
0.96683,0.96686,0.96688,0
0.96683,0.9668700000000001,0.9668700000000001,0
0.96683,0.9668700000000001,0.96686,0
0.96683,0.96688,0.96685,0
0.9668399999999999,0.96688,0.9668399999999999,0
0.96685,0.96688,0.96683,0
0.96686,0.9668700000000001,0.96683,0
0.9668700000000001,0.9668700000000001,0.96683,0
0.9668700000000001,0.96686,0.96683,0
0.96688,0.96685,0.9668399999999999,0
0.96688,0.9668399999999999,0.9668399999999999,0
0.9668700000000001,0.96683,0.96685,0
0.9668700000000001,0.96683,0.96686,0
0.96686,0.96683,0.9668700000000001,0
0.96685,0.96683,0.9668700000000001,0
0.9668399999999999,0.9668399999999999,0.96688,0
0.96683,0.96685,0.96688,0
0.96683,0.96686,0.9668700000000001,0
0.9668200000000001,0.96686,0.96686,0
0.96683,0.9668700000000001,0.96685,0
0.96683,0.9668700000000001,0.96685,0
0.9668399999999999,0.96688,0.9668399999999999,0
0.96685,0.9668700000000001,0.96683,0
0.96686,0.9668700000000001,0.9668200000000001,0
0.9668700000000001,0.96686,0.9668200000000001,0
0.9668700000000001,0.96685,0.96683,0
0.9668700000000001,0.9668399999999999,0.96683,0
0.9668700000000001,0.96683,0.9668399999999999,0
0.9668700000000001,0.96683,0.96685,0
0.96686,0.9668200000000001,0.96686,0
0.96685,0.9668200000000001,0.9668700000000001,0
0.9668399999999999,0.96683,0.9668700000000001,0
0.96683,0.9668399999999999,0.9668700000000001,0
0.96683,0.96685,0.9668700000000001,0
0.9668200000000001,0.96686,0.9668700000000001,0
0.9668200000000001,0.96686,0.96686,0
0.9668200000000001,0.9668700000000001,0.96685,0
0.96683,0.9668700000000001,0.9668399999999999,0
0.9668399999999999,0.9668700000000001,0.96683,0
0.96685,0.9668700000000001,0.9668200000000001,0
0.96686,0.96686,0.9668200000000001,0
0.96686,0.96685,0.9668200000000001,0
0.9668700000000001,0.9668399999999999,0.96683,0
0.9668700000000001,0.96683,0.96683,0
0.9668700000000001,0.96683,0.9668399999999999,0
0.96686,0.9668200000000001,0.96685,0
0.96686,0.9668200000000001,0.96686,0
0.96685,0.9668200000000001,0.9668700000000001,0
0.9668399999999999,0.96683,0.9668700000000001,0
0.96683,0.9668399999999999,0.9668700000000001,0
0.9668200000000001,0.96685,0.9668700000000001,0
0.9668200000000001,0.96685,0.96686,0
0.9668200000000001,0.96686,0.96685,0
0.9668200000000001,0.9668700000000001,0.9668399999999999,0
0.96683,0.9668700000000001,0.96683,0
0.9668399999999999,0.9668700000000001,0.9668200000000001,0
0.96685,0.96686,0.9668200000000001,0
0.96686,0.96686,0.9668200000000001,0
0.96686,0.96685,0.9668200000000001,0
0.9668700000000001,0.9668399999999999,0.9668200000000001,0
0.9668700000000001,0.96683,0.96683,0
0.96686,0.9668200000000001,0.9668399999999999,0
0.96686,0.9668200000000001,0.96685,0
0.96685,0.9668200000000001,0.96686,0
0.9668399999999999,0.9668200000000001,0.96686,0
0.96683,0.96683,0.9668700000000001,0
0.9668200000000001,0.9668399999999999,0.9668700000000001,0
0.9668200000000001,0.96685,0.96686,0
0.9668100000000001,0.96685,0.96685,0
0.9668200000000001,0.96686,0.96685,0
0.9668200000000001,0.96686,0.9668399999999999,0
0.96683,0.9668700000000001,0.96683,0
0.9668399999999999,0.96686,0.9668200000000001,0
0.96685,0.96686,0.9668100000000001,0
0.96686,0.96685,0.9668100000000001,0
0.96686,0.9668399999999999,0.9668200000000001,0
0.96686,0.96683,0.9668200000000001,0
0.96686,0.9668200000000001,0.96683,0
0.96686,0.9668200000000001,0.9668399999999999,0
0.96685,0.9668100000000001,0.96685,0
0.9668399999999999,0.9668100000000001,0.96686,0
0.96683,0.9668200000000001,0.96686,0
0.9668200000000001,0.96683,0.96686,0
0.9668200000000001,0.9668399999999999,0.96686,0
0.9668100000000001,0.96685,0.96686,0
0.9668100000000001,0.96685,0.96685,0
0.9668100000000001,0.96686,0.9668399999999999,0
0.9668200000000001,0.96686,0.96683,0
0.96683,0.96686,0.9668200000000001,0
0.9668399999999999,0.96686,0.9668100000000001,0
0.96685,0.96685,0.9668100000000001,0
0.96686,0.9668399999999999,0.9668100000000001,0
0.96686,0.96683,0.9668200000000001,0
0.96686,0.9668200000000001,0.9668200000000001,0
0.96686,0.9668200000000001,0.96683,0
0.96685,0.9668100000000001,0.9668399999999999,0
0.96685,0.9668100000000001,0.96685,0
0.9668399999999999,0.9668100000000001,0.96686,0
0.96683,0.9668200000000001,0.96686,0
0.9668200000000001,0.96683,0.96686,0
0.9668100000000001,0.9668399999999999,0.96686,0
0.9668100000000001,0.96685,0.96685,0
0.9668100000000001,0.96685,0.9668399999999999,0
0.9668100000000001,0.96686,0.96683,0
0.9668200000000001,0.96686,0.9668200000000001,0
0.96683,0.96686,0.9668100000000001,0
0.9668399999999999,0.96685,0.9668100000000001,0
0.96685,0.96685,0.9668100000000001,0
0.96685,0.9668399999999999,0.9668100000000001,0
0.96686,0.96683,0.9668200000000001,0
0.96686,0.9668200000000001,0.9668200000000001,0
0.96686,0.9668100000000001,0.96683,0
0.96685,0.9668100000000001,0.9668399999999999,0
0.9668399999999999,0.9668100000000001,0.96685,0
0.96683,0.9668100000000001,0.96686,0
0.9668200000000001,0.9668200000000001,0.96686,0
0.9668100000000001,0.96683,0.96686,0
0.9668100000000001,0.9668399999999999,0.96685,0
0.9668100000000001,0.9668399999999999,0.96685,0
0.9668100000000001,0.96685,0.9668399999999999,0
0.9668100000000001,0.96686,0.96683,0
0.9668200000000001,0.96686,0.9668200000000001,0
0.96683,0.96685,0.9668100000000001,0
0.9668399999999999,0.96685,0.9668100000000001,0
0.96685,0.9668399999999999,0.9668100000000001,0
0.96685,0.96683,0.9668100000000001,0
0.96686,0.9668200000000001,0.9668200000000001,0
0.96686,0.9668100000000001,0.9668200000000001,0
0.96685,0.9668100000000001,0.96683,0
0.9668399999999999,0.9668,0.9668399999999999,0
0.9668399999999999,0.9668100000000001,0.96685,0
0.96683,0.9668100000000001,0.96685,0
0.9668200000000001,0.9668200000000001,0.96686,0
0.9668100000000001,0.96683,0.96685,0
0.9668,0.9668399999999999,0.96685,0
0.9668,0.9668399999999999,0.9668399999999999,0
0.9668100000000001,0.96685,0.96683,0
0.9668100000000001,0.96685,0.9668200000000001,0
0.9668200000000001,0.96685,0.9668100000000001,0
0.96683,0.96685,0.9668100000000001,0
0.9668399999999999,0.9668399999999999,0.9668,0
0.96685,0.9668399999999999,0.9668,0
0.96685,0.96683,0.9668100000000001,0
0.96685,0.9668200000000001,0.9668200000000001,0
0.96685,0.9668100000000001,0.9668200000000001,0
0.96685,0.9668,0.96683,0
0.9668399999999999,0.9668,0.9668399999999999,0
0.96683,0.9668,0.96685,0
0.9668200000000001,0.9668100000000001,0.96685,0
0.9668100000000001,0.9668200000000001,0.96685,0
0.9668100000000001,0.96683,0.96685,0
0.9668,0.9668399999999999,0.9668399999999999,0
0.9668,0.96685,0.9668399999999999,0
0.9668100000000001,0.96685,0.96683,0
0.9668100000000001,0.96685,0.9668200000000001,0
0.9668200000000001,0.96685,0.9668100000000001,0
0.96683,0.96685,0.9668,0
0.9668399999999999,0.9668399999999999,0.9668,0
0.96685,0.96683,0.9668,0
0.96685,0.9668200000000001,0.9668100000000001,0
0.96685,0.9668100000000001,0.9668200000000001,0
0.96685,0.9668,0.96683,0
0.9668399999999999,0.9668,0.96683,0
0.9668399999999999,0.9668,0.9668399999999999,0
0.96683,0.9668,0.96685,0
0.9668200000000001,0.9668100000000001,0.96685,0
0.9668100000000001,0.9668200000000001,0.96685,0
0.9668,0.96683,0.96685,0
0.9668,0.9668399999999999,0.9668399999999999,0
0.9668,0.96685,0.96683,0
0.9668100000000001,0.96685,0.9668200000000001,0
0.9668100000000001,0.96685,0.9668100000000001,0
0.9668200000000001,0.96685,0.9668,0
0.96683,0.9668399999999999,0.9668,0
0.9668399999999999,0.96683,0.9668,0
0.96685,0.96683,0.9668,0
0.96685,0.9668200000000001,0.9668100000000001,0
0.96685,0.9668100000000001,0.9668200000000001,0
0.96685,0.9668,0.96683,0
0.9668399999999999,0.9668,0.9668399999999999,0
0.96683,0.9668,0.9668399999999999,0
0.9668200000000001,0.9668,0.96685,0
0.9668100000000001,0.9668100000000001,0.96685,0
0.9668,0.9668200000000001,0.96685,0
0.9668,0.96683,0.9668399999999999,0
0.9668,0.9668399999999999,0.96683,0
0.9668,0.96685,0.96683,0
0.9668100000000001,0.96685,0.9668200000000001,0
0.9668100000000001,0.96685,0.9668100000000001,0
0.9668200000000001,0.9668399999999999,0.9668,0
0.96683,0.9668399999999999,0.9668,0
0.9668399999999999,0.96683,0.9668,0
0.96685,0.9668200000000001,0.9668,0
0.96685,0.9668100000000001,0.9668100000000001,0
0.96685,0.9668,0.9668200000000001,0
0.9668399999999999,0.9668,0.96683,0
0.96683,0.9668,0.9668399999999999,0
0.96683,0.9668,0.9668399999999999,0
0.9668200000000001,0.9668,0.96685,0
0.9668100000000001,0.9668100000000001,0.96685,0
0.9668,0.9668200000000001,0.9668399999999999,0
0.9668,0.96683,0.9668399999999999,0
0.9668,0.9668399999999999,0.96683,0
0.9668,0.96685,0.9668200000000001,0
0.9668100000000001,0.96685,0.9668100000000001,0
0.9668200000000001,0.96685,0.9668,0
0.96683,0.9668399999999999,0.9668,0
0.9668399999999999,0.96683,0.9668,0
0.9668399999999999,0.96683,0.9668,0
0.96685,0.9668200000000001,0.9668,0
0.96685,0.9668100000000001,0.9668100000000001,0
0.9668399999999999,0.9668,0.9668200000000001,0
0.9668399999999999,0.9668,0.96683,0
0.96683,0.9668,0.9668399999999999,0
0.9668200000000001,0.9668,0.9668399999999999,0
0.9668100000000001,0.9668100000000001,0.96685,0
0.9668,0.9668100000000001,0.96685,0
0.9668,0.9668200000000001,0.9668399999999999,0
0.9667899999999999,0.96683,0.9668399999999999,0
0.9668,0.9668399999999999,0.96683,0
0.9668,0.96685,0.9668200000000001,0
0.9668100000000001,0.96685,0.9668100000000001,0
0.9668200000000001,0.9668399999999999,0.9668,0
0.96683,0.9668399999999999,0.9668,0
0.9668399999999999,0.96683,0.9667899999999999,0
0.9668399999999999,0.9668200000000001,0.9668,0
0.96685,0.9668100000000001,0.9668,0
0.96685,0.9668,0.9668100000000001,0
0.9668399999999999,0.9668,0.9668200000000001,0
0.9668399999999999,0.9667899999999999,0.96683,0
0.96683,0.9668,0.9668399999999999,0
0.9668200000000001,0.9668,0.9668399999999999,0
0.9668100000000001,0.9668100000000001,0.96685,0
0.9668,0.9668200000000001,0.9668399999999999,0
0.9667899999999999,0.96683,0.9668399999999999,0
0.9667899999999999,0.9668399999999999,0.96683,0
0.9668,0.9668399999999999,0.9668200000000001,0
0.9668,0.9668399999999999,0.9668100000000001,0
0.9668100000000001,0.96685,0.9668,0
0.9668200000000001,0.9668399999999999,0.9668,0
0.96683,0.9668399999999999,0.9667899999999999,0
0.9668399999999999,0.96683,0.9667899999999999,0
0.9668399999999999,0.9668200000000001,0.9668,0
0.96685,0.9668100000000001,0.9668100000000001,0
0.9668399999999999,0.9668,0.9668200000000001,0
0.9668399999999999,0.9667899999999999,0.96683,0
0.96683,0.9667899999999999,0.96683,0
0.9668200000000001,0.9668,0.9668399999999999,0
0.9668100000000001,0.9668,0.9668399999999999,0
0.9668,0.9668100000000001,0.9668399999999999,0
0.9668,0.9668200000000001,0.9668399999999999,0
0.9667899999999999,0.96683,0.9668399999999999,0
0.9667899999999999,0.9668399999999999,0.96683,0
0.9668,0.9668399999999999,0.9668200000000001,0
0.9668,0.9668399999999999,0.9668100000000001,0
0.9668100000000001,0.9668399999999999,0.9668,0
0.9668200000000001,0.9668399999999999,0.9667899999999999,0
0.96683,0.96683,0.9667899999999999,0
0.9668399999999999,0.9668200000000001,0.9667899999999999,0
0.9668399999999999,0.9668100000000001,0.9668,0
0.9668399999999999,0.9668,0.9668100000000001,0
0.9668399999999999,0.9668,0.9668200000000001,0
0.9668399999999999,0.9667899999999999,0.96683,0
0.96683,0.9667899999999999,0.9668399999999999,0
0.9668200000000001,0.9668,0.9668399999999999,0
0.9668100000000001,0.9668,0.9668399999999999,0
0.9668,0.9668100000000001,0.9668399999999999,0
0.9668,0.9668200000000001,0.9668399999999999,0
0.9667899999999999,0.96683,0.96683,0
0.9667899999999999,0.9668399999999999,0.9668200000000001,0
0.9668,0.9668399999999999,0.9668200000000001,0
0.9668100000000001,0.9668399999999999,0.9668100000000001,0
0.9668200000000001,0.9668399999999999,0.9668,0
0.96683,0.9668399999999999,0.9667899999999999,0
0.96683,0.96683,0.9667899999999999,0
0.9668399999999999,0.9668200000000001,0.9668,0
0.9668399999999999,0.9668100000000001,0.9668,0
0.9668399999999999,0.9668,0.9668100000000001,0
0.9668399999999999,0.9668,0.9668200000000001,0
0.96683,0.9667899999999999,0.96683,0
0.96683,0.9667899999999999,0.9668399999999999,0
0.9668200000000001,0.9668,0.9668399999999999,0
0.9668100000000001,0.9668100000000001,0.9668399999999999,0
0.9668,0.9668200000000001,0.9668399999999999,0
0.9667899999999999,0.96683,0.9668399999999999,0
0.9667899999999999,0.96683,0.96683,0
0.9668,0.9668399999999999,0.9668200000000001,0
0.9668,0.9668399999999999,0.9668100000000001,0
0.9668100000000001,0.9668399999999999,0.9668,0
0.9668200000000001,0.9668399999999999,0.9668,0
0.96683,0.9668399999999999,0.9667899999999999,0
0.9668399999999999,0.96683,0.9667899999999999,0
0.9668399999999999,0.9668200000000001,0.9668,0
0.9668399999999999,0.9668100000000001,0.9668100000000001,0
0.9668399999999999,0.9668,0.9668100000000001,0
0.9668399999999999,0.9667899999999999,0.9668200000000001,0
0.96683,0.9667899999999999,0.96683,0
0.9668200000000001,0.9667899999999999,0.9668399999999999,0
0.9668100000000001,0.9668,0.9668399999999999,0
0.9668,0.9668100000000001,0.9668399999999999,0
0.9668,0.9668200000000001,0.9668399999999999,0
0.9667899999999999,0.96683,0.9668399999999999,0
0.9667899999999999,0.9668399999999999,0.96683,0
0.9668,0.9668399999999999,0.9668200000000001,0
0.9668,0.96685,0.9668100000000001,0
0.9668100000000001,0.9668399999999999,0.9668,0
0.9668200000000001,0.9668399999999999,0.9668,0
0.96683,0.96683,0.9667899999999999,0
0.9668399999999999,0.9668200000000001,0.9667899999999999,0
0.9668399999999999,0.9668100000000001,0.9668,0
0.96685,0.9668100000000001,0.9668100000000001,0
0.9668399999999999,0.9668,0.9668200000000001,0
0.9668399999999999,0.9667899999999999,0.96683,0
0.96683,0.9667899999999999,0.9668399999999999,0
0.9668200000000001,0.9668,0.9668399999999999,0
0.9668100000000001,0.9668,0.96685,0
0.9668,0.9668100000000001,0.9668399999999999,0
0.9668,0.9668200000000001,0.9668399999999999,0
0.9667899999999999,0.96683,0.96683,0
0.9667899999999999,0.9668399999999999,0.96683,0
0.9668,0.9668399999999999,0.9668200000000001,0
0.9668100000000001,0.96685,0.9668100000000001,0
0.9668200000000001,0.9668399999999999,0.9668,0
0.96683,0.9668399999999999,0.9667899999999999,0
0.9668399999999999,0.96683,0.9667899999999999,0
0.9668399999999999,0.9668200000000001,0.9668,0
0.96685,0.9668100000000001,0.9668,0
0.96685,0.9668,0.9668100000000001,0
0.9668399999999999,0.9668,0.9668200000000001,0
0.9668399999999999,0.9667899999999999,0.96683,0
0.96683,0.9667899999999999,0.9668399999999999,0
0.9668200000000001,0.9668,0.9668399999999999,0
0.9668100000000001,0.9668100000000001,0.96685,0
0.9668,0.9668200000000001,0.9668399999999999,0
0.9668,0.96683,0.9668399999999999,0
0.9667899999999999,0.9668399999999999,0.96683,0
0.9668,0.9668399999999999,0.9668200000000001,0
0.9668,0.96685,0.9668100000000001,0
0.9668100000000001,0.96685,0.9668100000000001,0
0.9668200000000001,0.9668399999999999,0.9668,0
0.96683,0.9668399999999999,0.9667899999999999,0
0.9668399999999999,0.96683,0.9668,0
0.9668399999999999,0.9668200000000001,0.9668,0
0.96685,0.9668100000000001,0.9668100000000001,0
0.96685,0.9668,0.9668200000000001,0
0.9668399999999999,0.9668,0.96683,0
0.96683,0.9667899999999999,0.9668399999999999,0
0.96683,0.9668,0.9668399999999999,0
0.9668200000000001,0.9668,0.96685,0
0.9668100000000001,0.9668100000000001,0.96685,0
0.9668,0.9668200000000001,0.9668399999999999,0
0.9668,0.96683,0.9668399999999999,0
0.9668,0.9668399999999999,0.96683,0
0.9668,0.9668399999999999,0.9668200000000001,0
0.9668100000000001,0.96685,0.9668100000000001,0
0.9668200000000001,0.96685,0.9668,0
0.96683,0.9668399999999999,0.9668,0
0.9668399999999999,0.9668399999999999,0.9668,0
0.9668399999999999,0.96683,0.9668,0
0.96685,0.9668200000000001,0.9668,0
0.96685,0.9668100000000001,0.9668100000000001,0
0.96685,0.9668,0.9668200000000001,0
0.9668399999999999,0.9668,0.96683,0
0.96683,0.9668,0.9668399999999999,0
0.9668200000000001,0.9668,0.96685,0
0.9668100000000001,0.9668100000000001,0.96685,0
0.9668100000000001,0.9668200000000001,0.96685,0
0.9668,0.96683,0.9668399999999999,0
0.9668,0.9668399999999999,0.9668399999999999,0
0.9668,0.9668399999999999,0.96683,0
0.9668,0.96685,0.9668200000000001,0
0.9668100000000001,0.96685,0.9668100000000001,0
0.9668200000000001,0.96685,0.9668,0
0.96683,0.9668399999999999,0.9668,0
0.9668399999999999,0.9668399999999999,0.9668,0
0.96685,0.96683,0.9668,0
0.96685,0.9668200000000001,0.9668100000000001,0
0.96685,0.9668100000000001,0.9668200000000001,0
0.96685,0.9668,0.96683,0
0.9668399999999999,0.9668,0.9668399999999999,0
0.96683,0.9668,0.9668399999999999,0
0.9668200000000001,0.9668,0.96685,0
0.9668100000000001,0.9668100000000001,0.96685,0
0.9668,0.9668200000000001,0.96685,0
0.9668,0.96683,0.9668399999999999,0
0.9668,0.9668399999999999,0.9668399999999999,0
0.9668,0.96685,0.96683,0
0.9668100000000001,0.96685,0.9668200000000001,0
0.9668200000000001,0.96685,0.9668100000000001,0
0.96683,0.96685,0.9668,0
0.9668399999999999,0.9668399999999999,0.9668,0
0.9668399999999999,0.96683,0.9668,0
0.96685,0.9668200000000001,0.9668,0
0.96685,0.9668100000000001,0.9668100000000001,0
0.96685,0.9668100000000001,0.9668200000000001,0
0.96685,0.9668,0.96683,0
0.9668399999999999,0.9668,0.9668399999999999,0
0.96683,0.9668,0.96685,0
0.9668200000000001,0.9668100000000001,0.96685,0
0.9668100000000001,0.9668200000000001,0.96685,0
0.9668,0.96683,0.96685,0
0.9668,0.9668399999999999,0.9668399999999999,0
0.9668,0.9668399999999999,0.9668399999999999,0
0.9668,0.96685,0.96683,0
0.9668100000000001,0.96685,0.9668200000000001,0
0.9668200000000001,0.96685,0.9668100000000001,0
0.96683,0.96685,0.9668,0
0.9668399999999999,0.9668399999999999,0.9668,0
0.96685,0.96683,0.9668,0
0.96685,0.9668200000000001,0.9668100000000001,0
0.96685,0.9668100000000001,0.9668200000000001,0
0.96685,0.9668100000000001,0.96683,0
0.96685,0.9668,0.9668399999999999,0
0.9668399999999999,0.9668,0.9668399999999999,0
0.96683,0.9668,0.96685,0
0.9668200000000001,0.9668100000000001,0.96685,0
0.9668100000000001,0.9668200000000001,0.96685,0
0.9668,0.96683,0.96685,0
0.9668,0.9668399999999999,0.9668399999999999,0
0.9668,0.96685,0.9668399999999999,0
0.9668100000000001,0.96685,0.96683,0
0.9668200000000001,0.96685,0.9668200000000001,0
0.96683,0.96685,0.9668100000000001,0
0.9668399999999999,0.96685,0.9668,0
0.9668399999999999,0.9668399999999999,0.9668,0
0.96685,0.96683,0.9668100000000001,0
0.96685,0.9668200000000001,0.9668100000000001,0
0.96686,0.9668100000000001,0.9668200000000001,0
0.96685,0.9668100000000001,0.96683,0
0.96685,0.9668,0.9668399999999999,0
0.9668399999999999,0.9668,0.96685,0
0.96683,0.9668100000000001,0.96685,0
0.9668200000000001,0.9668200000000001,0.96686,0
0.9668100000000001,0.96683,0.96685,0
0.9668100000000001,0.9668399999999999,0.96685,0
0.9668,0.96685,0.9668399999999999,0
0.9668100000000001,0.96685,0.96683,0
0.9668100000000001,0.96686,0.9668200000000001,0
0.9668200000000001,0.96686,0.9668200000000001,0
0.96683,0.96685,0.9668100000000001,0
0.9668399999999999,0.96685,0.9668100000000001,0
0.96685,0.9668399999999999,0.9668100000000001,0
0.96686,0.96683,0.9668100000000001,0
0.96686,0.9668200000000001,0.9668200000000001,0
0.96686,0.9668100000000001,0.96683,0
0.96685,0.9668100000000001,0.9668399999999999,0
0.96685,0.9668100000000001,0.96685,0
0.9668399999999999,0.9668100000000001,0.96685,0
0.96683,0.9668100000000001,0.96686,0
0.9668200000000001,0.9668200000000001,0.96686,0
0.9668100000000001,0.96683,0.96686,0
0.9668100000000001,0.9668399999999999,0.96685,0
0.9668100000000001,0.96685,0.9668399999999999,0
0.9668100000000001,0.96686,0.96683,0
0.9668200000000001,0.96686,0.9668200000000001,0
0.96683,0.96686,0.9668200000000001,0
0.9668399999999999,0.96686,0.9668100000000001,0
0.96685,0.96685,0.9668100000000001,0
0.96685,0.9668399999999999,0.9668100000000001,0
0.96686,0.96683,0.9668100000000001,0
0.96686,0.9668200000000001,0.9668200000000001,0
0.96686,0.9668100000000001,0.96683,0
0.96685,0.9668100000000001,0.9668399999999999,0
0.96685,0.9668100000000001,0.96685,0
0.9668399999999999,0.9668100000000001,0.96686,0
0.96683,0.9668200000000001,0.96686,0
0.9668200000000001,0.96683,0.96686,0
0.9668100000000001,0.9668399999999999,0.96686,0
0.9668100000000001,0.96685,0.96685,0
0.9668100000000001,0.96685,0.9668399999999999,0
0.9668100000000001,0.96686,0.96683,0
0.9668200000000001,0.96686,0.9668200000000001,0
0.96683,0.96686,0.9668200000000001,0
0.9668399999999999,0.96686,0.9668100000000001,0
0.96685,0.96685,0.9668100000000001,0
0.96686,0.9668399999999999,0.9668100000000001,0
0.96686,0.96683,0.9668200000000001,0
0.96686,0.9668200000000001,0.96683,0
0.96686,0.9668100000000001,0.9668399999999999,0
0.96685,0.9668100000000001,0.96685,0
0.96685,0.9668100000000001,0.96686,0
0.9668399999999999,0.9668200000000001,0.96686,0
0.96683,0.9668200000000001,0.96686,0
0.9668200000000001,0.96683,0.96686,0
0.9668100000000001,0.9668399999999999,0.96686,0
0.9668100000000001,0.96685,0.96685,0
0.9668100000000001,0.96686,0.9668399999999999,0
0.9668200000000001,0.96686,0.96683,0
0.96683,0.96686,0.9668200000000001,0
0.9668399999999999,0.96686,0.9668200000000001,0
0.96685,0.96686,0.9668100000000001,0
0.96686,0.96685,0.9668100000000001,0
0.96686,0.9668399999999999,0.9668200000000001,0
0.9668700000000001,0.96683,0.9668200000000001,0
0.96686,0.9668200000000001,0.96683,0
0.96686,0.9668200000000001,0.9668399999999999,0
0.96685,0.9668100000000001,0.96685,0
0.9668399999999999,0.9668200000000001,0.96686,0
0.9668399999999999,0.9668200000000001,0.9668700000000001,0
0.96683,0.96683,0.9668700000000001,0
0.9668200000000001,0.9668399999999999,0.96686,0
0.9668100000000001,0.96685,0.96686,0
0.9668100000000001,0.96686,0.96685,0
0.9668200000000001,0.96686,0.9668399999999999,0
0.96683,0.9668700000000001,0.96683,0
0.96683,0.9668700000000001,0.9668200000000001,0
0.9668399999999999,0.96686,0.9668200000000001,0
0.96685,0.96686,0.9668200000000001,0
0.96686,0.96685,0.9668200000000001,0
0.9668700000000001,0.9668399999999999,0.9668200000000001,0
0.9668700000000001,0.96683,0.96683,0
0.9668700000000001,0.9668200000000001,0.9668399999999999,0
0.96686,0.9668200000000001,0.96685,0
0.96685,0.9668200000000001,0.96686,0
0.9668399999999999,0.9668200000000001,0.9668700000000001,0
0.96683,0.96683,0.9668700000000001,0
0.96683,0.9668399999999999,0.9668700000000001,0
0.9668200000000001,0.96685,0.9668700000000001,0
0.9668200000000001,0.96686,0.96686,0
0.9668200000000001,0.96686,0.96685,0
0.9668200000000001,0.9668700000000001,0.9668399999999999,0
0.96683,0.9668700000000001,0.96683,0
0.9668399999999999,0.9668700000000001,0.9668200000000001,0
0.96685,0.96686,0.9668200000000001,0
0.96686,0.96686,0.9668200000000001,0
0.9668700000000001,0.96685,0.9668200000000001,0
0.9668700000000001,0.9668399999999999,0.96683,0
0.9668700000000001,0.96683,0.9668399999999999,0
0.9668700000000001,0.9668200000000001,0.96685,0
0.96686,0.9668200000000001,0.96686,0
0.96685,0.9668200000000001,0.96686,0
0.9668399999999999,0.9668200000000001,0.9668700000000001,0
0.96683,0.96683,0.9668700000000001,0
0.96683,0.9668399999999999,0.9668700000000001,0
0.9668200000000001,0.96685,0.9668700000000001,0
0.9668200000000001,0.96686,0.96686,0
0.9668200000000001,0.9668700000000001,0.96685,0
0.96683,0.9668700000000001,0.9668399999999999,0
0.9668399999999999,0.9668700000000001,0.96683,0
0.96685,0.9668700000000001,0.9668200000000001,0
0.96686,0.96686,0.9668200000000001,0
0.9668700000000001,0.96686,0.9668200000000001,0
0.9668700000000001,0.96685,0.96683,0
0.9668700000000001,0.9668399999999999,0.96683,0
0.9668700000000001,0.96683,0.9668399999999999,0
0.9668700000000001,0.9668200000000001,0.96685,0
0.96686,0.9668200000000001,0.96686,0
0.96685,0.9668200000000001,0.9668700000000001,0
0.9668399999999999,0.96683,0.9668700000000001,0
0.96683,0.9668399999999999,0.96688,0
0.96683,0.96685,0.9668700000000001,0
0.9668200000000001,0.96686,0.9668700000000001,0
0.9668200000000001,0.9668700000000001,0.96686,0
0.96683,0.9668700000000001,0.96685,0
0.96683,0.96688,0.9668399999999999,0
0.9668399999999999,0.96688,0.96683,0
0.96685,0.9668700000000001,0.96683,0
0.96686,0.9668700000000001,0.9668200000000001,0
0.9668700000000001,0.96686,0.96683,0
0.96688,0.96685,0.96683,0
0.96688,0.9668399999999999,0.9668399999999999,0
0.96688,0.96683,0.96685,0
0.9668700000000001,0.96683,0.96686,0
0.96686,0.9668200000000001,0.9668700000000001,0
0.96685,0.96683,0.9668700000000001,0
0.9668399999999999,0.96683,0.96688,0
0.9668399999999999,0.9668399999999999,0.96688,0
0.96683,0.96685,0.9668700000000001,0
0.96683,0.96686,0.9668700000000001,0
0.96683,0.9668700000000001,0.96686,0
0.96683,0.96688,0.96685,0
0.9668399999999999,0.96688,0.9668399999999999,0
0.96685,0.96688,0.96683,0
0.96686,0.9668700000000001,0.96683,0
0.9668700000000001,0.9668700000000001,0.96683,0
0.96688,0.96686,0.96683,0
0.96688,0.96685,0.9668399999999999,0
0.96688,0.9668399999999999,0.96685,0
0.96688,0.96683,0.96686,0
0.9668700000000001,0.96683,0.96686,0
0.96686,0.96683,0.9668700000000001,0
0.96685,0.96683,0.96688,0
0.9668399999999999,0.9668399999999999,0.96688,0
0.9668399999999999,0.96685,0.96688,0
0.96683,0.96686,0.96688,0
0.96683,0.9668700000000001,0.9668700000000001,0
0.96683,0.96688,0.96686,0
0.9668399999999999,0.96688,0.96685,0
0.96685,0.96688,0.9668399999999999,0
0.96686,0.96688,0.96683,0
0.9668700000000001,0.9668700000000001,0.96683,0
0.9668700000000001,0.9668700000000001,0.96683,0
0.96688,0.96686,0.96683,0
0.96688,0.96685,0.9668399999999999,0
0.96688,0.9668399999999999,0.96685,0
0.96688,0.96683,0.96686,0
0.9668700000000001,0.96683,0.9668700000000001,0
0.96686,0.96683,0.96688,0
0.96685,0.9668399999999999,0.96688,0
0.9668399999999999,0.96685,0.96688,0
0.9668399999999999,0.96686,0.96688,0
0.96683,0.9668700000000001,0.96688,0
0.96683,0.96688,0.9668700000000001,0
0.9668399999999999,0.96688,0.96686,0
0.9668399999999999,0.96688,0.96685,0
0.96685,0.96688,0.9668399999999999,0
0.96686,0.96688,0.9668399999999999,0
0.9668700000000001,0.9668700000000001,0.96683,0
0.96688,0.9668700000000001,0.96683,0
0.96688,0.96686,0.9668399999999999,0
0.9668899999999999,0.96685,0.96685,0
0.96688,0.9668399999999999,0.96686,0
0.96688,0.96683,0.9668700000000001,0
0.9668700000000001,0.96683,0.96688,0
0.96686,0.9668399999999999,0.96688,0
0.96685,0.9668399999999999,0.9668899999999999,0
0.9668399999999999,0.96685,0.9668899999999999,0
0.9668399999999999,0.96686,0.96688,0
0.96683,0.9668700000000001,0.96688,0
0.9668399999999999,0.96688,0.9668700000000001,0
0.9668399999999999,0.9668899999999999,0.96686,0
0.96685,0.9668899999999999,0.96685,0
0.96686,0.9668899999999999,0.9668399999999999,0
0.9668700000000001,0.96688,0.9668399999999999,0
0.96688,0.9668700000000001,0.9668399999999999,0
0.96688,0.9668700000000001,0.9668399999999999,0
0.9668899999999999,0.96686,0.9668399999999999,0
0.9668899999999999,0.96685,0.96685,0
0.9668899999999999,0.9668399999999999,0.96686,0
0.96688,0.9668399999999999,0.9668700000000001,0
0.9668700000000001,0.9668399999999999,0.96688,0
0.96686,0.9668399999999999,0.9668899999999999,0
0.96685,0.96685,0.9668899999999999,0
0.9668399999999999,0.96686,0.9668899999999999,0
0.9668399999999999,0.9668700000000001,0.96688,0
0.9668399999999999,0.96688,0.96688,0
0.9668399999999999,0.9668899999999999,0.9668700000000001,0
0.96685,0.9668899999999999,0.96686,0
0.96685,0.9668899999999999,0.96685,0
0.96686,0.9668899999999999,0.9668399999999999,0
0.9668700000000001,0.96688,0.9668399999999999,0
0.96688,0.9668700000000001,0.9668399999999999,0
0.9668899999999999,0.9668700000000001,0.9668399999999999,0
0.9668899999999999,0.96686,0.96685,0
0.9668899999999999,0.96685,0.96686,0
0.9668899999999999,0.9668399999999999,0.9668700000000001,0
0.96688,0.9668399999999999,0.96688,0
0.9668700000000001,0.9668399999999999,0.9668899999999999,0
0.96686,0.96685,0.9668899999999999,0
0.96685,0.96686,0.9668899999999999,0
0.96685,0.9668700000000001,0.9668899999999999,0
0.9668399999999999,0.96688,0.9668899999999999,0
0.9668399999999999,0.96688,0.96688,0
0.9668399999999999,0.9668899999999999,0.9668700000000001,0
0.96685,0.9668899999999999,0.96686,0
0.96686,0.9668899999999999,0.96685,0
0.9668700000000001,0.9668899999999999,0.9668399999999999,0
0.96688,0.96688,0.9668399999999999,0
0.9668899999999999,0.9668700000000001,0.9668399999999999,0
0.9668899999999999,0.96686,0.96685,0
0.9668899999999999,0.96686,0.96686,0
0.9668899999999999,0.96685,0.9668700000000001,0
0.9668899999999999,0.9668399999999999,0.96688,0
0.96688,0.9668399999999999,0.96688,0
0.9668700000000001,0.96685,0.9668899999999999,0
0.96686,0.96685,0.9668899999999999,0
0.96685,0.96686,0.9668899999999999,0
0.96685,0.9668700000000001,0.9668899999999999,0
0.9668399999999999,0.96688,0.9668899999999999,0
0.9668399999999999,0.9668899999999999,0.96688,0
0.96685,0.9668899999999999,0.9668700000000001,0
0.96686,0.9669,0.96686,0
0.9668700000000001,0.9668899999999999,0.96685,0
0.96688,0.9668899999999999,0.9668399999999999,0
0.9668899999999999,0.96688,0.9668399999999999,0
0.9668899999999999,0.9668700000000001,0.96685,0
0.9669,0.96686,0.96685,0
0.9669,0.96685,0.96686,0
0.9668899999999999,0.96685,0.9668700000000001,0
0.9668899999999999,0.9668399999999999,0.96688,0
0.96688,0.96685,0.9668899999999999,0
0.9668700000000001,0.96685,0.9669,0
0.96686,0.96686,0.9669,0
0.96685,0.9668700000000001,0.9669,0
0.96685,0.96688,0.9668899999999999,0
0.96685,0.9668899999999999,0.9668899999999999,0
0.96685,0.9668899999999999,0.96688,0
0.96685,0.9669,0.9668700000000001,0
0.96686,0.9669,0.96686,0
0.9668700000000001,0.9669,0.96685,0
0.96688,0.9668899999999999,0.96685,0
0.9668899999999999,0.96688,0.96685,0
0.9669,0.9668700000000001,0.96685,0
0.9669,0.96686,0.96686,0
0.9669,0.96685,0.9668700000000001,0
0.9668899999999999,0.96685,0.96688,0
0.9668899999999999,0.96685,0.9668899999999999,0
0.96688,0.96685,0.9668899999999999,0
0.9668700000000001,0.96685,0.9669,0
0.96686,0.96686,0.9669,0
0.96685,0.9668700000000001,0.9669,0
0.96685,0.96688,0.9668899999999999,0
0.96685,0.9668899999999999,0.96688,0
0.96685,0.9669,0.96688,0
0.96686,0.9669,0.9668700000000001,0
0.9668700000000001,0.9669,0.96686,0
0.96688,0.9669,0.96685,0
0.9668899999999999,0.9668899999999999,0.96685,0
0.9668899999999999,0.96688,0.96685,0
0.9669,0.9668700000000001,0.96685,0
0.9669,0.96686,0.96686,0
0.9669,0.96685,0.9668700000000001,0
0.9668899999999999,0.96685,0.96688,0
0.9668899999999999,0.96685,0.9668899999999999,0
0.96688,0.96685,0.9669,0
0.9668700000000001,0.96686,0.9669,0
0.96686,0.9668700000000001,0.9669,0
0.96685,0.96688,0.9669,0
0.96685,0.9668899999999999,0.9668899999999999,0
0.96685,0.9669,0.96688,0
0.96686,0.9669,0.9668700000000001,0
0.96686,0.9669,0.96686,0
0.9668700000000001,0.9669,0.96686,0
0.96688,0.9669,0.96685,0
0.9668899999999999,0.9668899999999999,0.96685,0
0.9669,0.96688,0.96685,0
0.9669,0.9668700000000001,0.96686,0
0.9669,0.96686,0.9668700000000001,0
0.9669,0.96685,0.96688,0
0.9668899999999999,0.96685,0.9668899999999999,0
0.9668899999999999,0.96685,0.9669,0
0.96688,0.96686,0.9669,0
0.9668700000000001,0.96686,0.9669,0
0.96686,0.9668700000000001,0.9669,0
0.96685,0.96688,0.9669,0
0.96685,0.9668899999999999,0.9668899999999999,0
0.96685,0.9669,0.96688,0
0.96686,0.9669,0.9668700000000001,0
0.9668700000000001,0.9669,0.96686,0
0.96688,0.9669,0.96686,0
0.9668899999999999,0.9669,0.96685,0
0.9669,0.9668899999999999,0.96685,0
0.9669,0.96688,0.96686,0
0.96691,0.9668700000000001,0.96686,0
0.9669,0.96686,0.9668700000000001,0
0.9669,0.96685,0.96688,0
0.9668899999999999,0.96685,0.9668899999999999,0
0.9668899999999999,0.96685,0.9669,0
0.96688,0.96686,0.9669,0
0.9668700000000001,0.9668700000000001,0.96691,0
0.96686,0.96688,0.9669,0
0.96685,0.9668899999999999,0.9669,0
0.96685,0.9669,0.9668899999999999,0
0.96686,0.9669,0.96688,0
0.96686,0.96691,0.9668700000000001,0
0.9668700000000001,0.96691,0.96686,0
0.96688,0.9669,0.96686,0
0.9668899999999999,0.9669,0.96685,0
0.9669,0.9668899999999999,0.96686,0
0.96691,0.96688,0.96686,0
0.96691,0.9668700000000001,0.9668700000000001,0
0.96691,0.96686,0.96688,0
0.9669,0.96686,0.9668899999999999,0
0.9668899999999999,0.96685,0.9669,0
0.96688,0.96686,0.9669,0
0.9668700000000001,0.96686,0.96691,0
0.96686,0.9668700000000001,0.96691,0
0.96686,0.96688,0.9669,0
0.96685,0.9668899999999999,0.9669,0
0.96686,0.9669,0.9668899999999999,0
0.96686,0.96691,0.96688,0
0.9668700000000001,0.96691,0.9668700000000001,0
0.96688,0.96691,0.96686,0
0.9668899999999999,0.9669,0.96686,0
0.9669,0.9668899999999999,0.96686,0
0.9669,0.9668899999999999,0.96686,0
0.96691,0.96688,0.96686,0
0.96691,0.9668700000000001,0.9668700000000001,0
0.96691,0.96686,0.96688,0
0.9669,0.96686,0.9668899999999999,0
0.9668899999999999,0.96686,0.9669,0
0.96688,0.96686,0.96691,0
0.9668700000000001,0.9668700000000001,0.96691,0
0.96686,0.96688,0.96691,0
0.96686,0.9668899999999999,0.9669,0
0.96686,0.9669,0.9669,0
0.96686,0.9669,0.9668899999999999,0
0.96686,0.96691,0.96688,0
0.9668700000000001,0.96691,0.9668700000000001,0
0.96688,0.96691,0.96686,0
0.9668899999999999,0.9669,0.96686,0
0.9669,0.9668899999999999,0.96686,0
0.96691,0.96688,0.96686,0
0.96691,0.9668700000000001,0.9668700000000001,0
0.96691,0.96686,0.96688,0
0.9669,0.96686,0.9668899999999999,0
0.9669,0.96686,0.9669,0
0.9668899999999999,0.96686,0.9669,0
0.96688,0.96686,0.96691,0
0.9668700000000001,0.9668700000000001,0.96691,0
0.96686,0.96688,0.96691,0
0.96686,0.9668899999999999,0.9669,0
0.96686,0.9669,0.9668899999999999,0
0.96686,0.96691,0.96688,0
0.9668700000000001,0.96691,0.96688,0
0.96688,0.96691,0.9668700000000001,0
0.9668899999999999,0.96691,0.96686,0
0.9669,0.9669,0.96686,0
0.9669,0.9668899999999999,0.96686,0
0.96691,0.96688,0.96686,0
0.96691,0.9668700000000001,0.9668700000000001,0
0.96691,0.96686,0.96688,0
0.9669,0.96686,0.9668899999999999,0
0.9669,0.96686,0.9669,0
0.9668899999999999,0.96686,0.96691,0
0.96688,0.9668700000000001,0.96691,0
0.9668700000000001,0.96688,0.96691,0
0.96686,0.9668899999999999,0.96691,0
0.96686,0.9669,0.9669,0
0.96686,0.9669,0.9668899999999999,0
0.96686,0.96691,0.96688,0
0.9668700000000001,0.96691,0.9668700000000001,0
0.96688,0.96691,0.96686,0
0.9668899999999999,0.9669,0.96686,0
0.9669,0.9669,0.96686,0
0.96691,0.9668899999999999,0.96686,0
0.96691,0.96688,0.9668700000000001,0
0.96691,0.9668700000000001,0.96688,0
0.96691,0.96686,0.9668899999999999,0
0.9669,0.96686,0.9668899999999999,0
0.9668899999999999,0.96686,0.9669,0
0.96688,0.96686,0.96691,0
0.9668700000000001,0.9668700000000001,0.96691,0
0.9668700000000001,0.96688,0.96691,0
0.96686,0.9668899999999999,0.96691,0
0.96686,0.9669,0.9669,0
0.96686,0.96691,0.9668899999999999,0
0.9668700000000001,0.96691,0.96688,0
0.9668700000000001,0.96691,0.9668700000000001,0
0.96688,0.96691,0.96686,0
0.9668899999999999,0.9669,0.96686,0
0.9669,0.9668899999999999,0.96686,0
0.96691,0.9668899999999999,0.96686,0
0.96691,0.96688,0.9668700000000001,0
0.96691,0.9668700000000001,0.96688,0
0.96691,0.96686,0.9668899999999999,0
0.9669,0.96686,0.9669,0
0.9668899999999999,0.96686,0.96691,0
0.96688,0.9668700000000001,0.96691,0
0.9668700000000001,0.9668700000000001,0.96691,0
0.96686,0.96688,0.96691,0
0.96686,0.9668899999999999,0.9669,0
0.96686,0.9669,0.9669,0
0.96686,0.96691,0.9668899999999999,0
0.9668700000000001,0.96691,0.96688,0
0.96688,0.96691,0.9668700000000001,0
0.9668899999999999,0.96691,0.96686,0
0.9669,0.9669,0.96686,0
0.9669,0.9668899999999999,0.96686,0
0.96691,0.96688,0.96686,0
0.96691,0.9668700000000001,0.9668700000000001,0
0.96691,0.96686,0.96688,0
0.9669,0.96686,0.9668899999999999,0
0.9669,0.96686,0.9669,0
0.9668899999999999,0.96686,0.96691,0
0.96688,0.9668700000000001,0.96691,0
0.9668700000000001,0.96688,0.96691,0
0.96686,0.9668899999999999,0.96691,0
0.96686,0.9669,0.9669,0
0.96686,0.9669,0.9668899999999999,0
0.96686,0.96691,0.96688,0
0.9668700000000001,0.96691,0.9668700000000001,0
0.96688,0.96691,0.9668700000000001,0
0.9668899999999999,0.9669,0.96686,0
0.9669,0.9669,0.96686,0
0.96691,0.9668899999999999,0.96686,0
0.96691,0.96688,0.9668700000000001,0
0.96691,0.9668700000000001,0.96688,0
0.96691,0.96686,0.9668899999999999,0
0.9669,0.96686,0.9668899999999999,0
0.9668899999999999,0.96686,0.9669,0
0.96688,0.96686,0.96691,0
0.9668700000000001,0.9668700000000001,0.96691,0
0.9668700000000001,0.96688,0.96691,0
0.96686,0.9668899999999999,0.96691,0
0.96686,0.9669,0.9669,0
0.96686,0.96691,0.9668899999999999,0
0.9668700000000001,0.96691,0.96688,0
0.9668700000000001,0.96691,0.9668700000000001,0
0.96688,0.96691,0.96686,0
0.9668899999999999,0.9669,0.96686,0
0.9669,0.9668899999999999,0.96686,0
0.96691,0.96688,0.96686,0
0.96691,0.9668700000000001,0.9668700000000001,0
0.96691,0.9668700000000001,0.96688,0
0.96691,0.96686,0.9668899999999999,0
0.9669,0.96686,0.9669,0
0.9668899999999999,0.96686,0.9669,0
0.96688,0.96686,0.96691,0
0.9668700000000001,0.9668700000000001,0.96691,0
0.96686,0.96688,0.96691,0
0.96686,0.9668899999999999,0.9669,0
0.96686,0.9669,0.9668899999999999,0
0.96686,0.96691,0.9668899999999999,0
0.9668700000000001,0.96691,0.96688,0
0.96688,0.96691,0.9668700000000001,0
0.9668899999999999,0.96691,0.96686,0
0.9669,0.9669,0.96686,0
0.9669,0.9668899999999999,0.96686,0
0.96691,0.96688,0.96686,0
0.96691,0.9668700000000001,0.9668700000000001,0
0.96691,0.96686,0.96688,0
0.9669,0.96686,0.9668899999999999,0
0.9669,0.96686,0.9669,0
0.9668899999999999,0.96686,0.96691,0
0.96688,0.9668700000000001,0.96691,0
0.9668700000000001,0.9668700000000001,0.96691,0
0.96686,0.96688,0.96691,0
0.96686,0.9668899999999999,0.9669,0
0.96686,0.9669,0.9668899999999999,0
0.96686,0.96691,0.96688,0
0.9668700000000001,0.96691,0.9668700000000001,0
0.96688,0.96691,0.96686,0
0.9668899999999999,0.9669,0.96686,0
0.9669,0.9669,0.96686,0
0.9669,0.9668899999999999,0.96686,0
0.96691,0.96688,0.96686,0
0.96691,0.9668700000000001,0.9668700000000001,0
0.96691,0.96686,0.96688,0
0.9669,0.96686,0.9668899999999999,0
0.9668899999999999,0.96686,0.9669,0
0.96688,0.96686,0.96691,0
0.9668700000000001,0.9668700000000001,0.96691,0
0.96686,0.96688,0.96691,0
0.96686,0.9668899999999999,0.9669,0
0.96686,0.9669,0.9669,0
0.96686,0.9669,0.9668899999999999,0
0.96686,0.96691,0.96688,0
0.9668700000000001,0.96691,0.9668700000000001,0
0.96688,0.96691,0.96686,0
0.9668899999999999,0.9669,0.96686,0
0.9669,0.9668899999999999,0.96686,0
0.9669,0.96688,0.96686,0
0.96691,0.9668700000000001,0.9668700000000001,0
0.96691,0.96686,0.96688,0
0.9669,0.96686,0.96688,0
0.9669,0.96685,0.9668899999999999,0
0.9668899999999999,0.96686,0.9669,0
0.96688,0.96686,0.96691,0
0.9668700000000001,0.9668700000000001,0.96691,0
0.96686,0.96688,0.9669,0
0.96685,0.9668899999999999,0.9669,0
0.96685,0.9669,0.9668899999999999,0
0.96686,0.9669,0.96688,0
0.96686,0.96691,0.9668700000000001,0
0.9668700000000001,0.96691,0.96686,0
0.96688,0.9669,0.96686,0
0.9668899999999999,0.9669,0.96685,0
0.9669,0.9668899999999999,0.96685,0
0.9669,0.96688,0.96686,0
0.96691,0.9668700000000001,0.9668700000000001,0
0.9669,0.96686,0.96688,0
0.9669,0.96685,0.9668899999999999,0
0.9668899999999999,0.96685,0.9669,0
0.96688,0.96686,0.9669,0
0.9668700000000001,0.96686,0.9669,0
0.96686,0.9668700000000001,0.9669,0
0.96686,0.96688,0.9669,0
0.96685,0.9668899999999999,0.9669,0
0.96685,0.9669,0.9668899999999999,0
0.96686,0.9669,0.96688,0
0.9668700000000001,0.9669,0.9668700000000001,0
0.9668700000000001,0.9669,0.96686,0
0.96688,0.9669,0.96685,0
0.9668899999999999,0.9668899999999999,0.96685,0
0.9669,0.96688,0.96685,0
0.9669,0.9668700000000001,0.96686,0
0.9669,0.96686,0.9668700000000001,0
0.9669,0.96686,0.96688,0
0.9668899999999999,0.96685,0.9668899999999999,0
0.9668899999999999,0.96685,0.9669,0
0.96688,0.96686,0.9669,0
0.9668700000000001,0.96686,0.9669,0
0.96686,0.9668700000000001,0.9669,0
0.96685,0.96688,0.9669,0
0.96685,0.9668899999999999,0.9668899999999999,0
0.96685,0.9669,0.96688,0
0.96686,0.9669,0.9668700000000001,0
0.9668700000000001,0.9669,0.96686,0
0.96688,0.9669,0.96685,0
0.9668899999999999,0.9668899999999999,0.96685,0
0.9668899999999999,0.9668899999999999,0.96685,0
0.9669,0.96688,0.96685,0
0.9669,0.9668700000000001,0.96686,0
0.9669,0.96686,0.9668700000000001,0
0.9669,0.96685,0.96688,0
0.9668899999999999,0.96685,0.9668899999999999,0
0.96688,0.96685,0.9669,0
0.9668700000000001,0.96686,0.9669,0
0.96686,0.96686,0.9669,0
0.96685,0.9668700000000001,0.9669,0
0.96685,0.96688,0.9668899999999999,0
0.96685,0.9668899999999999,0.9668899999999999,0
0.96685,0.9669,0.96688,0
0.96686,0.9669,0.9668700000000001,0
0.9668700000000001,0.9669,0.96686,0
0.96688,0.9669,0.96685,0
0.9668899999999999,0.9668899999999999,0.96685,0
0.9668899999999999,0.96688,0.96685,0
0.9669,0.9668700000000001,0.96685,0
0.9669,0.96686,0.96686,0
0.9669,0.96685,0.9668700000000001,0
0.9668899999999999,0.96685,0.96688,0
0.9668899999999999,0.96685,0.9668899999999999,0
0.96688,0.96685,0.9669,0
0.9668700000000001,0.96686,0.9669,0
0.96686,0.96686,0.9669,0
0.96685,0.9668700000000001,0.9669,0
0.96685,0.96688,0.9668899999999999,0
0.96685,0.9668899999999999,0.96688,0
0.96685,0.9669,0.9668700000000001,0
0.96686,0.9669,0.96686,0
0.9668700000000001,0.9669,0.96685,0
0.96688,0.9668899999999999,0.96685,0
0.9668899999999999,0.96688,0.96685,0
0.9668899999999999,0.96688,0.96685,0
0.9669,0.9668700000000001,0.96685,0
0.9669,0.96686,0.96686,0
0.9668899999999999,0.96685,0.9668700000000001,0
0.9668899999999999,0.96685,0.96688,0
0.96688,0.96685,0.9668899999999999,0
0.9668700000000001,0.96685,0.9668899999999999,0
0.96686,0.96686,0.9669,0
0.96685,0.9668700000000001,0.9669,0
0.96685,0.96688,0.9668899999999999,0
0.9668399999999999,0.96688,0.96688,0
0.96685,0.9668899999999999,0.96688,0
0.96685,0.9669,0.9668700000000001,0
0.96686,0.9669,0.96686,0
0.9668700000000001,0.9668899999999999,0.96685,0
0.96688,0.9668899999999999,0.9668399999999999,0
0.9668899999999999,0.96688,0.9668399999999999,0
0.9668899999999999,0.9668700000000001,0.96685,0
0.9669,0.96686,0.96685,0
0.9668899999999999,0.96685,0.96686,0
0.9668899999999999,0.96685,0.9668700000000001,0
0.96688,0.9668399999999999,0.96688,0
0.9668700000000001,0.9668399999999999,0.9668899999999999,0
0.96686,0.96685,0.9668899999999999,0
0.96686,0.96686,0.9668899999999999,0
0.96685,0.9668700000000001,0.9668899999999999,0
0.9668399999999999,0.96688,0.9668899999999999,0
0.9668399999999999,0.96688,0.96688,0
0.9668399999999999,0.9668899999999999,0.9668700000000001,0
0.96685,0.9668899999999999,0.96686,0
0.96686,0.9668899999999999,0.96685,0
0.9668700000000001,0.9668899999999999,0.9668399999999999,0
0.96688,0.96688,0.9668399999999999,0
0.9668899999999999,0.9668700000000001,0.9668399999999999,0
0.9668899999999999,0.96686,0.96685,0
0.9668899999999999,0.96685,0.96685,0
0.9668899999999999,0.96685,0.96686,0
0.9668899999999999,0.9668399999999999,0.9668700000000001,0
0.96688,0.9668399999999999,0.96688,0
0.9668700000000001,0.9668399999999999,0.9668899999999999,0
0.96686,0.96685,0.9668899999999999,0
0.96685,0.96686,0.9668899999999999,0
0.9668399999999999,0.9668700000000001,0.9668899999999999,0
0.9668399999999999,0.96688,0.96688,0
0.9668399999999999,0.96688,0.9668700000000001,0
0.9668399999999999,0.9668899999999999,0.96686,0
0.96685,0.9668899999999999,0.96685,0
0.96686,0.9668899999999999,0.96685,0
0.9668700000000001,0.96688,0.9668399999999999,0
0.96688,0.96688,0.9668399999999999,0
0.9668899999999999,0.9668700000000001,0.9668399999999999,0
0.9668899999999999,0.96686,0.96685,0
0.9668899999999999,0.96685,0.96685,0
0.9668899999999999,0.9668399999999999,0.96686,0
0.96688,0.9668399999999999,0.9668700000000001,0
0.9668700000000001,0.9668399999999999,0.96688,0
0.96686,0.9668399999999999,0.9668899999999999,0
0.96685,0.96685,0.9668899999999999,0
0.9668399999999999,0.96686,0.9668899999999999,0
0.9668399999999999,0.9668700000000001,0.96688,0
0.9668399999999999,0.96688,0.96688,0
0.9668399999999999,0.96688,0.9668700000000001,0
0.9668399999999999,0.9668899999999999,0.96686,0
0.96685,0.9668899999999999,0.96685,0
0.96686,0.9668899999999999,0.9668399999999999,0
0.9668700000000001,0.96688,0.9668399999999999,0
0.96688,0.9668700000000001,0.9668399999999999,0
0.96688,0.96686,0.9668399999999999,0
0.9668899999999999,0.96685,0.96685,0
0.9668899999999999,0.9668399999999999,0.96685,0
0.96688,0.9668399999999999,0.96686,0
0.96688,0.96683,0.9668700000000001,0
0.9668700000000001,0.9668399999999999,0.96688,0
0.96686,0.9668399999999999,0.9668899999999999,0
0.96685,0.96685,0.9668899999999999,0
0.9668399999999999,0.96686,0.96688,0
0.96683,0.9668700000000001,0.96688,0
0.96683,0.96688,0.9668700000000001,0
0.9668399999999999,0.96688,0.96686,0
0.9668399999999999,0.9668899999999999,0.96685,0
0.96685,0.9668899999999999,0.9668399999999999,0
0.96686,0.96688,0.9668399999999999,0
0.9668700000000001,0.9668700000000001,0.96683,0
0.96688,0.9668700000000001,0.96683,0
0.96688,0.96686,0.9668399999999999,0
0.96688,0.96685,0.96685,0
0.96688,0.9668399999999999,0.96686,0
0.96688,0.96683,0.9668700000000001,0
0.9668700000000001,0.96683,0.9668700000000001,0
0.96686,0.96683,0.96688,0
0.96685,0.9668399999999999,0.96688,0
0.9668399999999999,0.96685,0.96688,0
0.96683,0.96686,0.96688,0
0.96683,0.9668700000000001,0.9668700000000001,0
0.96683,0.96688,0.9668700000000001,0
0.9668399999999999,0.96688,0.96686,0
0.9668399999999999,0.96688,0.96685,0
0.96685,0.96688,0.9668399999999999,0
0.96686,0.96688,0.96683,0
0.9668700000000001,0.9668700000000001,0.96683,0
0.96688,0.96686,0.96683,0
0.96688,0.96685,0.9668399999999999,0
0.96688,0.9668399999999999,0.96685,0
0.96688,0.96683,0.96686,0
0.9668700000000001,0.96683,0.9668700000000001,0
0.96686,0.96683,0.9668700000000001,0
0.96685,0.96683,0.96688,0
0.9668399999999999,0.9668399999999999,0.96688,0
0.9668399999999999,0.96685,0.96688,0
0.96683,0.96686,0.96688,0
0.96683,0.9668700000000001,0.9668700000000001,0
0.96683,0.9668700000000001,0.96686,0
0.9668399999999999,0.96688,0.96685,0
0.9668399999999999,0.96688,0.9668399999999999,0
0.96685,0.96688,0.96683,0
0.96686,0.9668700000000001,0.96683,0
0.9668700000000001,0.96686,0.96683,0
0.96688,0.96685,0.96683,0
0.96688,0.9668399999999999,0.9668399999999999,0
0.96688,0.9668399999999999,0.96685,0
0.9668700000000001,0.96683,0.96686,0
0.9668700000000001,0.96683,0.9668700000000001,0
0.96686,0.96683,0.9668700000000001,0
0.96685,0.96683,0.96688,0
0.9668399999999999,0.9668399999999999,0.96688,0
0.96683,0.96685,0.96688,0
0.96683,0.96686,0.9668700000000001,0
0.96683,0.9668700000000001,0.96686,0
0.96683,0.9668700000000001,0.96685,0
0.96683,0.96688,0.9668399999999999,0
0.9668399999999999,0.96688,0.96683,0
0.96685,0.9668700000000001,0.96683,0
0.96686,0.9668700000000001,0.9668200000000001,0
0.9668700000000001,0.96686,0.96683,0
0.9668700000000001,0.96685,0.96683,0
0.96688,0.9668399999999999,0.9668399999999999,0
0.9668700000000001,0.96683,0.96685,0
0.9668700000000001,0.9668200000000001,0.96686,0
0.96686,0.9668200000000001,0.9668700000000001,0
0.96685,0.96683,0.9668700000000001,0
0.9668399999999999,0.96683,0.9668700000000001,0
0.96683,0.9668399999999999,0.9668700000000001,0
0.96683,0.96685,0.9668700000000001,0
0.9668200000000001,0.96686,0.9668700000000001,0
0.9668200000000001,0.9668700000000001,0.96686,0
0.96683,0.9668700000000001,0.96685,0
0.96683,0.9668700000000001,0.9668399999999999,0
0.9668399999999999,0.9668700000000001,0.96683,0
0.96685,0.9668700000000001,0.9668200000000001,0
0.96686,0.96686,0.9668200000000001,0
0.9668700000000001,0.96685,0.9668200000000001,0
0.9668700000000001,0.9668399999999999,0.96683,0
0.9668700000000001,0.96683,0.9668399999999999,0
0.9668700000000001,0.96683,0.96685,0
0.96686,0.9668200000000001,0.96686,0
0.96686,0.9668200000000001,0.96686,0
0.96685,0.9668200000000001,0.9668700000000001,0
0.9668399999999999,0.96683,0.9668700000000001,0
0.96683,0.9668399999999999,0.9668700000000001,0
0.9668200000000001,0.96685,0.9668700000000001,0
0.9668200000000001,0.96686,0.96686,0
0.9668200000000001,0.9668700000000001,0.96685,0
0.96683,0.9668700000000001,0.9668399999999999,0
0.96683,0.9668700000000001,0.96683,0
0.9668399999999999,0.9668700000000001,0.9668200000000001,0
0.96685,0.96686,0.9668200000000001,0
0.96686,0.96686,0.9668200000000001,0
0.9668700000000001,0.96685,0.9668200000000001,0
0.9668700000000001,0.9668399999999999,0.96683,0
0.9668700000000001,0.96683,0.9668399999999999,0
0.9668700000000001,0.9668200000000001,0.96685,0
0.96686,0.9668200000000001,0.96686,0
0.96685,0.9668200000000001,0.96686,0
0.9668399999999999,0.9668200000000001,0.9668700000000001,0
0.96683,0.96683,0.9668700000000001,0
0.9668200000000001,0.9668399999999999,0.9668700000000001,0
0.9668200000000001,0.96685,0.96686,0
0.9668200000000001,0.96686,0.96685,0
0.9668200000000001,0.9668700000000001,0.96685,0
0.96683,0.9668700000000001,0.9668399999999999,0
0.9668399999999999,0.9668700000000001,0.96683,0
0.9668399999999999,0.96686,0.9668200000000001,0
0.96685,0.96686,0.9668200000000001,0
0.96686,0.96685,0.9668200000000001,0
0.9668700000000001,0.9668399999999999,0.9668200000000001,0
0.9668700000000001,0.96683,0.96683,0
0.9668700000000001,0.9668200000000001,0.9668399999999999,0
0.96686,0.9668200000000001,0.96685,0
0.96685,0.9668200000000001,0.96686,0
0.9668399999999999,0.9668200000000001,0.96686,0
0.96683,0.9668200000000001,0.9668700000000001,0
0.96683,0.96683,0.9668700000000001,0
0.9668200000000001,0.9668399999999999,0.96686,0
0.9668100000000001,0.96685,0.96686,0
0.9668200000000001,0.96686,0.96685,0
0.9668200000000001,0.96686,0.9668399999999999,0
0.96683,0.9668700000000001,0.96683,0
0.9668399999999999,0.9668700000000001,0.9668200000000001,0
0.96685,0.96686,0.9668200000000001,0
0.96685,0.96685,0.9668100000000001,0
0.96686,0.9668399999999999,0.9668200000000001,0
0.96686,0.96683,0.9668200000000001,0
0.9668700000000001,0.9668200000000001,0.96683,0
0.96686,0.9668200000000001,0.9668399999999999,0
0.96686,0.9668100000000001,0.96685,0
0.96685,0.9668100000000001,0.96686,0
0.9668399999999999,0.9668200000000001,0.96686,0
0.96683,0.9668200000000001,0.96686,0
0.9668200000000001,0.96683,0.96686,0
0.9668100000000001,0.9668399999999999,0.96686,0
0.9668100000000001,0.96685,0.96685,0
0.9668100000000001,0.96686,0.9668399999999999,0
0.9668200000000001,0.96686,0.96683,0
0.96683,0.96686,0.9668200000000001,0
0.9668399999999999,0.96686,0.9668200000000001,0
0.96685,0.96686,0.9668100000000001,0
0.96685,0.96685,0.9668100000000001,0
0.96686,0.9668399999999999,0.9668100000000001,0
0.96686,0.96683,0.9668200000000001,0
0.96686,0.9668200000000001,0.96683,0
0.96686,0.9668100000000001,0.9668399999999999,0
0.96685,0.9668100000000001,0.96685,0
0.9668399999999999,0.9668100000000001,0.96686,0
0.96683,0.9668200000000001,0.96686,0
0.9668200000000001,0.9668200000000001,0.96686,0
0.9668200000000001,0.96683,0.96686,0
0.9668100000000001,0.9668399999999999,0.96686,0
0.9668100000000001,0.96685,0.96685,0
0.9668100000000001,0.96686,0.9668399999999999,0
0.9668200000000001,0.96686,0.96683,0
0.96683,0.96686,0.9668200000000001,0
0.9668399999999999,0.96686,0.9668100000000001,0
0.96685,0.96685,0.9668100000000001,0
0.96685,0.9668399999999999,0.9668100000000001,0
0.96686,0.96683,0.9668100000000001,0
0.96686,0.9668200000000001,0.9668200000000001,0
0.96686,0.9668200000000001,0.96683,0
0.96685,0.9668100000000001,0.9668399999999999,0
0.96685,0.9668100000000001,0.96685,0
0.9668399999999999,0.9668100000000001,0.96686,0
0.96683,0.9668200000000001,0.96686,0
0.9668200000000001,0.9668200000000001,0.96686,0
0.9668100000000001,0.96683,0.96686,0
0.9668100000000001,0.9668399999999999,0.96685,0
0.9668100000000001,0.96685,0.9668399999999999,0
0.9668100000000001,0.96686,0.96683,0
0.9668200000000001,0.96686,0.9668200000000001,0
0.96683,0.96686,0.9668100000000001,0
0.9668399999999999,0.96685,0.9668100000000001,0
0.96685,0.96685,0.9668100000000001,0
0.96685,0.9668399999999999,0.9668100000000001,0
0.96686,0.96683,0.9668100000000001,0
0.96686,0.9668200000000001,0.9668200000000001,0
0.96686,0.9668100000000001,0.96683,0
0.96685,0.9668100000000001,0.9668399999999999,0
0.9668399999999999,0.9668100000000001,0.96685,0
0.96683,0.9668100000000001,0.96686,0
0.9668200000000001,0.9668200000000001,0.96686,0
0.9668100000000001,0.96683,0.96686,0
0.9668100000000001,0.9668399999999999,0.96685,0
0.9668100000000001,0.9668399999999999,0.96685,0
0.9668100000000001,0.96685,0.9668399999999999,0
0.9668100000000001,0.96686,0.96683,0
0.9668200000000001,0.96686,0.9668200000000001,0
0.96683,0.96685,0.9668100000000001,0
0.9668399999999999,0.96685,0.9668100000000001,0
0.96685,0.9668399999999999,0.9668,0
0.96685,0.96683,0.9668100000000001,0
0.96686,0.9668200000000001,0.9668100000000001,0
0.96686,0.9668100000000001,0.9668200000000001,0
0.96685,0.9668100000000001,0.96683,0
0.96685,0.9668,0.9668399999999999,0
0.9668399999999999,0.9668,0.96685,0
0.96683,0.9668100000000001,0.96685,0
0.9668200000000001,0.9668200000000001,0.96686,0
0.9668100000000001,0.96683,0.96685,0
0.9668,0.9668399999999999,0.96685,0
0.9668,0.96685,0.9668399999999999,0
0.9668100000000001,0.96685,0.96683,0
0.9668100000000001,0.96685,0.9668200000000001,0
0.9668200000000001,0.96685,0.9668100000000001,0
0.96683,0.96685,0.9668100000000001,0
0.9668399999999999,0.96685,0.9668,0
0.96685,0.9668399999999999,0.9668,0
0.96685,0.96683,0.9668100000000001,0
0.96685,0.9668200000000001,0.9668200000000001,0
0.96685,0.9668100000000001,0.9668200000000001,0
0.96685,0.9668,0.96683,0
0.9668399999999999,0.9668,0.9668399999999999,0
0.96683,0.9668,0.96685,0
0.9668200000000001,0.9668100000000001,0.96685,0
0.9668100000000001,0.9668200000000001,0.96685,0
0.9668100000000001,0.96683,0.96685,0
0.9668,0.9668399999999999,0.96685,0
0.9668,0.96685,0.9668399999999999,0
0.9668100000000001,0.96685,0.96683,0
0.9668100000000001,0.96685,0.9668200000000001,0
0.9668200000000001,0.96685,0.9668100000000001,0
0.96683,0.96685,0.9668,0
0.9668399999999999,0.9668399999999999,0.9668,0
0.96685,0.96683,0.9668,0
0.96685,0.9668200000000001,0.9668100000000001,0
0.96685,0.9668100000000001,0.9668200000000001,0
0.96685,0.9668100000000001,0.96683,0
0.9668399999999999,0.9668,0.9668399999999999,0
0.9668399999999999,0.9668,0.9668399999999999,0
0.96683,0.9668,0.96685,0
0.9668200000000001,0.9668100000000001,0.96685,0
0.9668100000000001,0.9668200000000001,0.96685,0
0.9668,0.96683,0.96685,0
0.9668,0.9668399999999999,0.9668399999999999,0
0.9668,0.96685,0.96683,0
0.9668100000000001,0.96685,0.9668200000000001,0
0.9668100000000001,0.96685,0.9668100000000001,0
0.9668200000000001,0.96685,0.9668100000000001,0
0.96683,0.9668399999999999,0.9668,0
0.9668399999999999,0.9668399999999999,0.9668,0
0.96685,0.96683,0.9668,0
0.96685,0.9668200000000001,0.9668100000000001,0
0.96685,0.9668100000000001,0.9668200000000001,0
0.96685,0.9668,0.96683,0
0.9668399999999999,0.9668,0.9668399999999999,0
0.96683,0.9668,0.9668399999999999,0
0.9668200000000001,0.9668,0.96685,0
0.9668100000000001,0.9668100000000001,0.96685,0
0.9668,0.9668200000000001,0.96685,0
0.9668,0.96683,0.9668399999999999,0
0.9668,0.9668399999999999,0.9668399999999999,0
0.9668,0.96685,0.96683,0
0.9668100000000001,0.96685,0.9668200000000001,0
0.9668200000000001,0.96685,0.9668100000000001,0
0.96683,0.96685,0.9668,0
0.9668399999999999,0.9668399999999999,0.9668,0
0.9668399999999999,0.96683,0.9668,0
0.96685,0.9668200000000001,0.9668,0
0.96685,0.9668100000000001,0.9668100000000001,0
0.96685,0.9668,0.9668200000000001,0
0.9668399999999999,0.9668,0.96683,0
0.9668399999999999,0.9668,0.9668399999999999,0
0.96683,0.9668,0.96685,0
0.9668200000000001,0.9668100000000001,0.96685,0
0.9668100000000001,0.9668100000000001,0.96685,0
0.9668,0.9668200000000001,0.96685,0
0.9668,0.96683,0.9668399999999999,0
0.9668,0.9668399999999999,0.96683,0
0.9668,0.96685,0.9668200000000001,0
0.9668100000000001,0.96685,0.9668100000000001,0
0.9668200000000001,0.96685,0.9668,0
0.96683,0.9668399999999999,0.9668,0
0.9668399999999999,0.9668399999999999,0.9668,0
0.9668399999999999,0.96683,0.9668,0
0.96685,0.9668200000000001,0.9668,0
0.96685,0.9668100000000001,0.9668100000000001,0
0.96685,0.9668,0.9668200000000001,0
0.9668399999999999,0.9668,0.96683,0
0.96683,0.9668,0.9668399999999999,0
0.9668200000000001,0.9668,0.96685,0
0.9668100000000001,0.9668100000000001,0.96685,0
0.9668,0.9668200000000001,0.96685,0
0.9668,0.96683,0.9668399999999999,0
0.9668,0.9668399999999999,0.9668399999999999,0
0.9668,0.9668399999999999,0.96683,0
0.9668,0.96685,0.9668200000000001,0
0.9668100000000001,0.96685,0.9668100000000001,0
0.9668200000000001,0.96685,0.9668,0
0.96683,0.9668399999999999,0.9668,0
0.9668399999999999,0.96683,0.9668,0
0.9668399999999999,0.9668200000000001,0.9668,0
0.96685,0.9668100000000001,0.9668100000000001,0
0.96685,0.9668100000000001,0.9668100000000001,0
0.9668399999999999,0.9668,0.9668200000000001,0
0.9668399999999999,0.9668,0.96683,0
0.96683,0.9668,0.9668399999999999,0
0.9668200000000001,0.9668,0.96685,0
0.9668100000000001,0.9668100000000001,0.96685,0
0.9668,0.9668200000000001,0.96685,0
0.9668,0.96683,0.9668399999999999,0
0.9668,0.9668399999999999,0.96683,0
0.9668,0.9668399999999999,0.9668200000000001,0
0.9668,0.96685,0.9668100000000001,0
0.9668100000000001,0.96685,0.9668100000000001,0
0.9668200000000001,0.9668399999999999,0.9668,0
0.96683,0.9668399999999999,0.9668,0
0.9668399999999999,0.96683,0.9668,0
0.9668399999999999,0.9668200000000001,0.9668,0
0.96685,0.9668100000000001,0.9668100000000001,0
0.96685,0.9668,0.9668200000000001,0
0.9668399999999999,0.9668,0.96683,0
0.96683,0.9667899999999999,0.9668399999999999,0
0.96683,0.9668,0.9668399999999999,0
0.9668200000000001,0.9668,0.96685,0
0.9668100000000001,0.9668100000000001,0.96685,0
0.9668,0.9668200000000001,0.9668399999999999,0
0.9668,0.96683,0.9668399999999999,0
0.9667899999999999,0.9668399999999999,0.96683,0
0.9668,0.9668399999999999,0.9668200000000001,0
0.9668100000000001,0.96685,0.9668100000000001,0
0.9668200000000001,0.96685,0.9668,0
0.9668200000000001,0.9668399999999999,0.9668,0
0.96683,0.96683,0.9667899999999999,0
0.9668399999999999,0.96683,0.9668,0
0.96685,0.9668200000000001,0.9668,0
0.96685,0.9668100000000001,0.9668100000000001,0
0.9668399999999999,0.9668,0.9668200000000001,0
0.9668399999999999,0.9667899999999999,0.96683,0
0.96683,0.9667899999999999,0.9668399999999999,0
0.9668200000000001,0.9668,0.9668399999999999,0
0.9668100000000001,0.9668,0.96685,0
0.9668,0.9668100000000001,0.96685,0
0.9668,0.9668200000000001,0.9668399999999999,0
0.9667899999999999,0.96683,0.9668399999999999,0
0.9668,0.9668399999999999,0.96683,0
0.9668,0.9668399999999999,0.9668200000000001,0
0.9668100000000001,0.96685,0.9668100000000001,0
0.9668200000000001,0.9668399999999999,0.9668,0
0.96683,0.9668399999999999,0.9667899999999999,0
0.9668399999999999,0.96683,0.9667899999999999,0
0.9668399999999999,0.9668200000000001,0.9668,0
0.96685,0.9668100000000001,0.9668,0
0.96685,0.9668,0.9668100000000001,0
0.9668399999999999,0.9668,0.9668200000000001,0
0.9668399999999999,0.9667899999999999,0.96683,0
0.96683,0.9667899999999999,0.9668399999999999,0
0.9668200000000001,0.9668,0.9668399999999999,0
0.9668100000000001,0.9668100000000001,0.96685,0
0.9668,0.9668200000000001,0.9668399999999999,0
0.9668,0.96683,0.9668399999999999,0
0.9667899999999999,0.96683,0.96683,0
0.9668,0.9668399999999999,0.9668200000000001,0
0.9668,0.96685,0.9668100000000001,0
0.9668100000000001,0.96685,0.9668,0
0.9668200000000001,0.9668399999999999,0.9668,0
0.96683,0.9668399999999999,0.9667899999999999,0
0.9668399999999999,0.96683,0.9667899999999999,0
0.9668399999999999,0.9668200000000001,0.9668,0
0.96685,0.9668100000000001,0.9668100000000001,0
0.9668399999999999,0.9668,0.9668200000000001,0
0.9668399999999999,0.9668,0.9668200000000001,0
0.96683,0.9667899999999999,0.96683,0
0.9668200000000001,0.9668,0.9668399999999999,0
0.9668100000000001,0.9668,0.9668399999999999,0
0.9668100000000001,0.9668100000000001,0.96685,0
0.9668,0.9668200000000001,0.9668399999999999,0
0.9667899999999999,0.96683,0.9668399999999999,0
0.9667899999999999,0.9668399999999999,0.96683,0
0.9668,0.9668399999999999,0.9668200000000001,0
0.9668,0.96685,0.9668100000000001,0
0.9668100000000001,0.9668399999999999,0.9668,0
0.9668200000000001,0.9668399999999999,0.9668,0
0.96683,0.96683,0.9667899999999999,0
0.9668399999999999,0.96683,0.9667899999999999,0
0.9668399999999999,0.9668200000000001,0.9668,0
0.96685,0.9668100000000001,0.9668100000000001,0
0.9668399999999999,0.9668,0.9668200000000001,0
0.9668399999999999,0.9667899999999999,0.96683,0
0.96683,0.9667899999999999,0.9668399999999999,0
0.9668200000000001,0.9668,0.9668399999999999,0
0.9668100000000001,0.9668,0.96685,0
0.9668,0.9668100000000001,0.96685,0
0.9668,0.9668200000000001,0.9668399999999999,0
0.9667899999999999,0.96683,0.9668399999999999,0
0.9667899999999999,0.9668399999999999,0.96683,0
0.9668,0.9668399999999999,0.9668200000000001,0
0.9668100000000001,0.96685,0.9668100000000001,0
0.9668200000000001,0.9668399999999999,0.9668,0
0.96683,0.9668399999999999,0.9667899999999999,0
0.9668399999999999,0.96683,0.9667899999999999,0
0.9668399999999999,0.9668200000000001,0.9668,0
0.96685,0.9668100000000001,0.9668,0
0.96685,0.9668,0.9668100000000001,0
0.9668399999999999,0.9668,0.9668200000000001,0
0.9668399999999999,0.9667899999999999,0.96683,0
0.96683,0.9667899999999999,0.9668399999999999,0
0.9668200000000001,0.9668,0.9668399999999999,0
0.9668100000000001,0.9668100000000001,0.96685,0
0.9668,0.9668200000000001,0.9668399999999999,0
0.9668,0.96683,0.9668399999999999,0
0.9667899999999999,0.96683,0.96683,0
0.9668,0.9668399999999999,0.9668200000000001,0
0.9668,0.96685,0.9668100000000001,0
0.9668100000000001,0.96685,0.9668,0
0.9668200000000001,0.9668399999999999,0.9668,0
0.96683,0.9668399999999999,0.9667899999999999,0
0.9668399999999999,0.96683,0.9667899999999999,0
0.9668399999999999,0.9668200000000001,0.9668,0
0.96685,0.9668100000000001,0.9668100000000001,0
0.96685,0.9668,0.9668200000000001,0
0.9668399999999999,0.9668,0.9668200000000001,0
0.96683,0.9667899999999999,0.96683,0
0.9668200000000001,0.9668,0.9668399999999999,0
0.9668200000000001,0.9668,0.96685,0
0.9668100000000001,0.9668100000000001,0.96685,0
0.9668,0.9668200000000001,0.9668399999999999,0
0.9667899999999999,0.96683,0.9668399999999999,0
0.9667899999999999,0.9668399999999999,0.96683,0
0.9668,0.9668399999999999,0.9668200000000001,0
0.9668,0.96685,0.9668100000000001,0
0.9668100000000001,0.96685,0.9668,0
0.9668200000000001,0.9668399999999999,0.9668,0
0.96683,0.9668399999999999,0.9667899999999999,0
0.9668399999999999,0.96683,0.9668,0
0.96685,0.9668200000000001,0.9668,0
0.96685,0.9668100000000001,0.9668100000000001,0
0.9668399999999999,0.9668,0.9668200000000001,0
0.9668399999999999,0.9668,0.96683,0
0.96683,0.9667899999999999,0.9668399999999999,0
0.9668200000000001,0.9668,0.9668399999999999,0
0.9668100000000001,0.9668,0.96685,0
0.9668,0.9668100000000001,0.96685,0
0.9668,0.9668200000000001,0.9668399999999999,0
0.9667899999999999,0.96683,0.9668399999999999,0
0.9668,0.9668399999999999,0.96683,0
0.9668,0.96685,0.9668200000000001,0
0.9668100000000001,0.96685,0.9668100000000001,0
0.9668200000000001,0.96685,0.9668,0
0.96683,0.9668399999999999,0.9668,0
0.9668399999999999,0.96683,0.9667899999999999,0
0.9668399999999999,0.9668200000000001,0.9668,0
0.96685,0.9668100000000001,0.9668,0
0.96685,0.9668100000000001,0.9668100000000001,0
0.9668399999999999,0.9668,0.9668200000000001,0
0.9668399999999999,0.9668,0.96683,0
0.96683,0.9668,0.9668399999999999,0
0.9668200000000001,0.9668,0.96685,0
0.9668100000000001,0.9668100000000001,0.96685,0
0.9668,0.9668200000000001,0.96685,0
0.9668,0.96683,0.9668399999999999,0
0.9668,0.9668399999999999,0.96683,0
0.9668,0.9668399999999999,0.96683,0
0.9668,0.96685,0.9668200000000001,0
0.9668100000000001,0.96685,0.9668100000000001,0
0.9668200000000001,0.9668399999999999,0.9668,0
0.96683,0.9668399999999999,0.9668,0
0.9668399999999999,0.96683,0.9668,0
0.96685,0.9668200000000001,0.9668,0
0.96685,0.9668100000000001,0.9668100000000001,0
0.96685,0.9668,0.9668200000000001,0
0.9668399999999999,0.9668,0.96683,0
0.9668399999999999,0.9668,0.9668399999999999,0
0.96683,0.9668,0.9668399999999999,0
0.9668200000000001,0.9668,0.96685,0
0.9668100000000001,0.9668100000000001,0.96685,0
0.9668,0.9668200000000001,0.96685,0
0.9668,0.96683,0.9668399999999999,0
0.9668,0.9668399999999999,0.96683,0
0.9668,0.96685,0.9668200000000001,0
0.9668100000000001,0.96685,0.9668100000000001,0
0.9668200000000001,0.96685,0.9668,0
0.96683,0.9668399999999999,0.9668,0
0.9668399999999999,0.9668399999999999,0.9668,0
0.9668399999999999,0.96683,0.9668,0
0.96685,0.9668200000000001,0.9668,0
0.96685,0.9668100000000001,0.9668100000000001,0
0.96685,0.9668,0.9668200000000001,0
0.9668399999999999,0.9668,0.96683,0
0.96683,0.9668,0.9668399999999999,0
0.9668200000000001,0.9668,0.96685,0
0.9668100000000001,0.9668100000000001,0.96685,0
0.9668100000000001,0.9668200000000001,0.96685,0
0.9668,0.96683,0.96685,0
0.9668,0.96683,0.9668399999999999,0
0.9668,0.9668399999999999,0.96683,0
0.9668,0.96685,0.9668200000000001,0
0.9668100000000001,0.96685,0.9668100000000001,0
0.9668200000000001,0.96685,0.9668,0
0.96683,0.9668399999999999,0.9668,0
0.9668399999999999,0.9668399999999999,0.9668,0
0.96685,0.96683,0.9668,0
0.96685,0.9668200000000001,0.9668100000000001,0
0.96685,0.9668100000000001,0.9668100000000001,0
0.96685,0.9668,0.9668200000000001,0
0.9668399999999999,0.9668,0.96683,0
0.96683,0.9668,0.9668399999999999,0
0.9668200000000001,0.9668,0.96685,0
0.9668100000000001,0.9668100000000001,0.96685,0
0.9668,0.9668200000000001,0.96685,0
0.9668,0.96683,0.9668399999999999,0
0.9668,0.9668399999999999,0.9668399999999999,0
0.9668,0.96685,0.96683,0
0.9668100000000001,0.96685,0.9668200000000001,0
0.9668100000000001,0.96685,0.9668100000000001,0
0.9668200000000001,0.96685,0.9668,0
0.96683,0.9668399999999999,0.9668,0
0.9668399999999999,0.96683,0.9668,0
0.96685,0.9668200000000001,0.9668,0
0.96685,0.9668100000000001,0.9668100000000001,0
0.96685,0.9668100000000001,0.9668200000000001,0
0.96685,0.9668,0.96683,0
0.9668399999999999,0.9668,0.9668399999999999,0
0.96683,0.9668,0.96685,0
0.9668200000000001,0.9668100000000001,0.96685,0
0.9668100000000001,0.9668100000000001,0.96685,0
0.9668,0.9668200000000001,0.96685,0
0.9668,0.96683,0.9668399999999999,0
0.9668,0.9668399999999999,0.9668399999999999,0
0.9668,0.96685,0.96683,0
0.9668100000000001,0.96685,0.9668200000000001,0
0.9668200000000001,0.96685,0.9668100000000001,0
0.96683,0.96685,0.9668,0
0.9668399999999999,0.9668399999999999,0.9668,0
0.96685,0.96683,0.9668,0
0.96685,0.9668200000000001,0.9668100000000001,0
0.96685,0.9668100000000001,0.9668100000000001,0
0.96685,0.9668100000000001,0.9668200000000001,0
0.96685,0.9668,0.96683,0
0.9668399999999999,0.9668,0.9668399999999999,0
0.96683,0.9668,0.96685,0
0.9668200000000001,0.9668100000000001,0.96685,0
0.9668100000000001,0.9668200000000001,0.96685,0
0.9668,0.96683,0.96685,0
0.9668,0.9668399999999999,0.9668399999999999,0
0.9668,0.96685,0.96683,0
0.9668100000000001,0.96685,0.9668200000000001,0
0.9668100000000001,0.96685,0.9668200000000001,0
0.9668200000000001,0.96685,0.9668100000000001,0
0.96683,0.96685,0.9668,0
0.9668399999999999,0.9668399999999999,0.9668,0
0.96685,0.96683,0.9668,0
0.96685,0.9668200000000001,0.9668100000000001,0
0.96685,0.9668100000000001,0.9668200000000001,0
0.96685,0.9668,0.96683,0
0.9668399999999999,0.9668,0.9668399999999999,0
0.9668399999999999,0.9668,0.96685,0
0.96683,0.9668100000000001,0.96685,0
0.9668200000000001,0.9668100000000001,0.96685,0
0.9668100000000001,0.9668200000000001,0.96685,0
0.9668,0.96683,0.96685,0
0.9668,0.9668399999999999,0.9668399999999999,0
0.9668,0.96685,0.96683,0
0.9668100000000001,0.96685,0.9668200000000001,0
0.9668200000000001,0.96685,0.9668100000000001,0
0.96683,0.96685,0.9668100000000001,0
0.9668399999999999,0.96685,0.9668,0
0.96685,0.9668399999999999,0.9668,0
0.96685,0.96683,0.9668100000000001,0
0.96685,0.9668200000000001,0.9668100000000001,0
0.96685,0.9668100000000001,0.9668200000000001,0
0.96685,0.9668,0.96683,0
0.9668399999999999,0.9668,0.9668399999999999,0
0.96683,0.9668,0.96685,0
0.9668200000000001,0.9668100000000001,0.96685,0
0.9668200000000001,0.9668200000000001,0.96686,0
0.9668100000000001,0.96683,0.96685,0
0.9668,0.9668399999999999,0.96685,0
0.9668,0.96685,0.9668399999999999,0
0.9668100000000001,0.96685,0.96683,0
0.9668100000000001,0.96686,0.9668200000000001,0
0.9668200000000001,0.96686,0.9668100000000001,0
0.96683,0.96685,0.9668100000000001,0
0.9668399999999999,0.96685,0.9668,0
0.96685,0.9668399999999999,0.9668,0
0.96685,0.96683,0.9668100000000001,0
0.96686,0.9668200000000001,0.9668200000000001,0
0.96685,0.9668100000000001,0.96683,0
0.96685,0.9668100000000001,0.9668399999999999,0
0.9668399999999999,0.9668,0.96685,0
0.96683,0.9668100000000001,0.96685,0
0.9668200000000001,0.9668100000000001,0.96686,0
0.9668100000000001,0.9668200000000001,0.96686,0
0.9668100000000001,0.96683,0.96685,0
0.9668,0.9668399999999999,0.96685,0
0.9668100000000001,0.96685,0.9668399999999999,0
0.9668100000000001,0.96686,0.96683,0
0.9668200000000001,0.96686,0.9668200000000001,0
0.96683,0.96686,0.9668100000000001,0
0.9668399999999999,0.96685,0.9668100000000001,0
0.96685,0.9668399999999999,0.9668100000000001,0
0.96685,0.9668399999999999,0.9668100000000001,0
0.96686,0.96683,0.9668100000000001,0
0.96686,0.9668200000000001,0.9668200000000001,0
0.96685,0.9668100000000001,0.96683,0
0.96685,0.9668100000000001,0.9668399999999999,0
0.9668399999999999,0.9668100000000001,0.96685,0
0.96683,0.9668100000000001,0.96686,0
0.9668200000000001,0.9668200000000001,0.96686,0
0.9668100000000001,0.96683,0.96686,0
0.9668100000000001,0.9668399999999999,0.96685,0
0.9668100000000001,0.96685,0.96685,0
0.9668100000000001,0.96685,0.9668399999999999,0
0.9668100000000001,0.96686,0.96683,0
0.9668200000000001,0.96686,0.9668200000000001,0
0.96683,0.96686,0.9668100000000001,0
0.9668399999999999,0.96685,0.9668100000000001,0
0.96685,0.9668399999999999,0.9668100000000001,0
0.96686,0.96683,0.9668100000000001,0
0.96686,0.9668200000000001,0.9668200000000001,0
0.96686,0.9668200000000001,0.96683,0
0.96686,0.9668100000000001,0.9668399999999999,0
0.96685,0.9668100000000001,0.96685,0
0.9668399999999999,0.9668100000000001,0.96685,0
0.96683,0.9668100000000001,0.96686,0
0.9668200000000001,0.9668200000000001,0.96686,0
0.9668100000000001,0.96683,0.96686,0
0.9668100000000001,0.9668399999999999,0.96685,0
0.9668100000000001,0.96685,0.96685,0
0.9668100000000001,0.96686,0.9668399999999999,0
0.9668200000000001,0.96686,0.96683,0
0.96683,0.96686,0.9668200000000001,0
0.9668399999999999,0.96686,0.9668100000000001,0
0.96685,0.96685,0.9668100000000001,0
0.96685,0.9668399999999999,0.9668100000000001,0
0.96686,0.96683,0.9668200000000001,0
0.96686,0.9668200000000001,0.9668200000000001,0
0.96686,0.9668200000000001,0.96683,0
0.96686,0.9668100000000001,0.9668399999999999,0
0.96685,0.9668100000000001,0.96685,0
0.9668399999999999,0.9668100000000001,0.96686,0
0.96683,0.9668200000000001,0.96686,0
0.9668200000000001,0.96683,0.96686,0
0.9668100000000001,0.9668399999999999,0.96686,0
0.9668100000000001,0.96685,0.96685,0
0.9668100000000001,0.96686,0.9668399999999999,0
0.9668200000000001,0.96686,0.96683,0
0.9668200000000001,0.96686,0.96683,0
0.96683,0.96686,0.9668200000000001,0
0.9668399999999999,0.96686,0.9668100000000001,0
0.96685,0.96685,0.9668100000000001,0
0.96686,0.9668399999999999,0.9668100000000001,0
0.96686,0.96683,0.9668200000000001,0
0.96686,0.9668200000000001,0.96683,0
0.96686,0.9668200000000001,0.9668399999999999,0
0.96685,0.9668100000000001,0.96685,0
0.96685,0.9668100000000001,0.96686,0
0.9668399999999999,0.9668200000000001,0.96686,0
0.96683,0.9668200000000001,0.96686,0
0.9668200000000001,0.96683,0.96686,0
0.9668100000000001,0.9668399999999999,0.96686,0
0.9668100000000001,0.96685,0.96685,0
0.9668100000000001,0.96686,0.9668399999999999,0
0.9668200000000001,0.96686,0.96683,0
0.96683,0.96686,0.9668200000000001,0
0.9668399999999999,0.96686,0.9668200000000001,0
0.96685,0.96686,0.9668100000000001,0
0.96686,0.96685,0.9668100000000001,0
0.96686,0.9668399999999999,0.9668200000000001,0
0.9668700000000001,0.96683,0.9668200000000001,0
0.96686,0.9668200000000001,0.96683,0
0.96686,0.9668200000000001,0.9668399999999999,0
0.96685,0.9668100000000001,0.96685,0
0.96685,0.9668100000000001,0.96686,0
0.9668399999999999,0.9668200000000001,0.96686,0
0.96683,0.96683,0.9668700000000001,0
0.9668200000000001,0.9668399999999999,0.96686,0
0.9668100000000001,0.96685,0.96686,0
0.9668100000000001,0.96686,0.96685,0
0.9668200000000001,0.96686,0.9668399999999999,0
0.9668200000000001,0.9668700000000001,0.96683,0
0.96683,0.9668700000000001,0.9668200000000001,0
0.9668399999999999,0.96686,0.9668200000000001,0
0.96685,0.96686,0.9668100000000001,0
0.96686,0.96685,0.9668200000000001,0
0.9668700000000001,0.9668399999999999,0.9668200000000001,0
0.9668700000000001,0.96683,0.96683,0
0.9668700000000001,0.9668200000000001,0.9668399999999999,0
0.96686,0.9668200000000001,0.96685,0
0.96685,0.9668200000000001,0.96686,0
0.9668399999999999,0.9668200000000001,0.96686,0
0.9668399999999999,0.9668200000000001,0.9668700000000001,0
0.96683,0.96683,0.9668700000000001,0
0.9668200000000001,0.9668399999999999,0.96686,0
0.9668200000000001,0.96685,0.96686,0
0.9668200000000001,0.96686,0.96685,0
0.9668200000000001,0.9668700000000001,0.9668399999999999,0
0.96683,0.9668700000000001,0.96683,0
0.9668399999999999,0.9668700000000001,0.9668200000000001,0
0.96685,0.96686,0.9668200000000001,0
0.96686,0.96686,0.9668200000000001,0
0.96686,0.96685,0.9668200000000001,0
0.9668700000000001,0.9668399999999999,0.96683,0
0.9668700000000001,0.96683,0.96683,0
0.9668700000000001,0.9668200000000001,0.9668399999999999,0
0.96686,0.9668200000000001,0.96685,0
0.96685,0.9668200000000001,0.96686,0
0.9668399999999999,0.9668200000000001,0.9668700000000001,0
0.96683,0.96683,0.9668700000000001,0
0.96683,0.9668399999999999,0.9668700000000001,0
0.9668200000000001,0.96685,0.9668700000000001,0
0.9668200000000001,0.96686,0.96686,0
0.9668200000000001,0.9668700000000001,0.96685,0
0.96683,0.9668700000000001,0.9668399999999999,0
0.96683,0.9668700000000001,0.96683,0
0.9668399999999999,0.9668700000000001,0.9668200000000001,0
0.96685,0.96686,0.9668200000000001,0
0.96686,0.96686,0.9668200000000001,0
0.9668700000000001,0.96685,0.9668200000000001,0
0.9668700000000001,0.9668399999999999,0.96683,0
0.9668700000000001,0.96683,0.9668399999999999,0
0.9668700000000001,0.9668200000000001,0.96685,0
0.96686,0.9668200000000001,0.96686,0
0.96685,0.9668200000000001,0.9668700000000001,0
0.9668399999999999,0.96683,0.9668700000000001,0
0.96683,0.96683,0.9668700000000001,0
0.96683,0.9668399999999999,0.9668700000000001,0
0.9668200000000001,0.96685,0.9668700000000001,0
0.9668200000000001,0.96686,0.96686,0
0.9668200000000001,0.9668700000000001,0.96685,0
0.96683,0.9668700000000001,0.9668399999999999,0
0.9668399999999999,0.9668700000000001,0.96683,0
0.96685,0.9668700000000001,0.9668200000000001,0
0.96686,0.96686,0.9668200000000001,0
0.9668700000000001,0.96686,0.9668200000000001,0
0.9668700000000001,0.96685,0.96683,0
0.9668700000000001,0.9668399999999999,0.9668399999999999,0
0.9668700000000001,0.96683,0.9668399999999999,0
0.9668700000000001,0.9668200000000001,0.96685,0
0.96686,0.9668200000000001,0.96686,0
0.96685,0.9668200000000001,0.9668700000000001,0
0.9668399999999999,0.96683,0.9668700000000001,0
0.96683,0.9668399999999999,0.9668700000000001,0
0.96683,0.96685,0.9668700000000001,0
0.9668200000000001,0.96686,0.9668700000000001,0
0.9668200000000001,0.9668700000000001,0.96686,0
0.96683,0.9668700000000001,0.96685,0
0.9668399999999999,0.96688,0.9668399999999999,0
0.96685,0.9668700000000001,0.96683,0
0.96686,0.9668700000000001,0.96683,0
0.96686,0.96686,0.9668200000000001,0
0.9668700000000001,0.96685,0.96683,0
0.96688,0.9668399999999999,0.96683,0
0.96688,0.9668399999999999,0.9668399999999999,0
0.9668700000000001,0.96683,0.96685,0
0.9668700000000001,0.9668200000000001,0.96686,0
0.96686,0.9668200000000001,0.9668700000000001,0
0.96685,0.96683,0.9668700000000001,0
0.9668399999999999,0.9668399999999999,0.96688,0
0.96683,0.96685,0.96688,0
0.96683,0.96686,0.9668700000000001,0
0.96683,0.96686,0.9668700000000001,0
0.96683,0.9668700000000001,0.96686,0
0.96683,0.96688,0.96685,0
0.9668399999999999,0.96688,0.9668399999999999,0
0.96685,0.96688,0.96683,0
0.96686,0.9668700000000001,0.96683,0
0.9668700000000001,0.96686,0.96683,0
0.96688,0.96685,0.96683,0
0.96688,0.9668399999999999,0.9668399999999999,0
0.96688,0.9668399999999999,0.96685,0
0.9668700000000001,0.96683,0.96686,0
0.9668700000000001,0.96683,0.9668700000000001,0
0.96686,0.96683,0.9668700000000001,0
0.96685,0.96683,0.96688,0
0.9668399999999999,0.9668399999999999,0.96688,0
0.96683,0.96685,0.96688,0
0.96683,0.96686,0.9668700000000001,0
0.96683,0.9668700000000001,0.9668700000000001,0
0.96683,0.96688,0.96686,0
0.9668399999999999,0.96688,0.96685,0
0.96685,0.96688,0.9668399999999999,0
0.96686,0.96688,0.96683,0
0.9668700000000001,0.9668700000000001,0.96683,0
0.9668700000000001,0.96686,0.96683,0
0.96688,0.96685,0.96683,0
0.96688,0.9668399999999999,0.9668399999999999,0
0.96688,0.9668399999999999,0.96685,0
0.96688,0.96683,0.96686,0
0.9668700000000001,0.96683,0.9668700000000001,0
0.96686,0.96683,0.96688,0
0.96685,0.9668399999999999,0.96688,0
0.9668399999999999,0.96685,0.96688,0
0.96683,0.96686,0.96688,0
0.96683,0.9668700000000001,0.9668700000000001,0
0.96683,0.9668700000000001,0.96686,0
0.96683,0.96688,0.96686,0
0.9668399999999999,0.96688,0.96685,0
0.96685,0.96688,0.9668399999999999,0
0.96686,0.96688,0.96683,0
0.9668700000000001,0.9668700000000001,0.96683,0
0.96688,0.96686,0.96683,0
0.96688,0.96685,0.9668399999999999,0
0.96688,0.9668399999999999,0.96685,0
0.96688,0.9668399999999999,0.96686,0
0.96688,0.96683,0.9668700000000001,0
0.9668700000000001,0.96683,0.96688,0
0.96686,0.9668399999999999,0.96688,0
0.96685,0.9668399999999999,0.96688,0
0.9668399999999999,0.96685,0.96688,0
0.96683,0.96686,0.96688,0
0.96683,0.9668700000000001,0.9668700000000001,0
0.96683,0.96688,0.96686,0
0.9668399999999999,0.96688,0.96685,0
0.96685,0.9668899999999999,0.96685,0
0.96686,0.96688,0.9668399999999999,0
0.9668700000000001,0.96688,0.96683,0
0.96688,0.9668700000000001,0.96683,0
0.96688,0.96686,0.9668399999999999,0
0.9668899999999999,0.96685,0.9668399999999999,0
0.9668899999999999,0.9668399999999999,0.96685,0
0.96688,0.9668399999999999,0.96686,0
0.96688,0.96683,0.9668700000000001,0
0.9668700000000001,0.9668399999999999,0.96688,0
0.96686,0.9668399999999999,0.9668899999999999,0
0.96685,0.96685,0.9668899999999999,0
0.9668399999999999,0.96686,0.9668899999999999,0
0.9668399999999999,0.9668700000000001,0.96688,0
0.96683,0.96688,0.9668700000000001,0
0.9668399999999999,0.96688,0.96686,0
0.9668399999999999,0.9668899999999999,0.96685,0
0.96685,0.9668899999999999,0.96685,0
0.96686,0.96688,0.9668399999999999,0
0.9668700000000001,0.96688,0.9668399999999999,0
0.96688,0.9668700000000001,0.9668399999999999,0
0.9668899999999999,0.96686,0.9668399999999999,0
0.9668899999999999,0.96685,0.96685,0
0.9668899999999999,0.9668399999999999,0.96686,0
0.96688,0.9668399999999999,0.9668700000000001,0
0.96688,0.9668399999999999,0.96688,0
0.9668700000000001,0.9668399999999999,0.96688,0
0.96686,0.96685,0.9668899999999999,0
0.96685,0.96685,0.9668899999999999,0
0.9668399999999999,0.96686,0.9668899999999999,0
0.9668399999999999,0.9668700000000001,0.96688,0
0.9668399999999999,0.96688,0.9668700000000001,0
0.9668399999999999,0.9668899999999999,0.96686,0
0.96685,0.9668899999999999,0.96685,0
0.96686,0.9668899999999999,0.96685,0
0.9668700000000001,0.96688,0.9668399999999999,0
0.96688,0.96688,0.9668399999999999,0
0.9668899999999999,0.9668700000000001,0.9668399999999999,0
0.9668899999999999,0.96686,0.96685,0
0.9668899999999999,0.96685,0.96685,0
0.9668899999999999,0.9668399999999999,0.96686,0
0.96688,0.9668399999999999,0.9668700000000001,0
0.9668700000000001,0.9668399999999999,0.96688,0
0.9668700000000001,0.9668399999999999,0.9668899999999999,0
0.96686,0.96685,0.9668899999999999,0
0.96685,0.96686,0.9668899999999999,0
0.9668399999999999,0.9668700000000001,0.9668899999999999,0
0.9668399999999999,0.96688,0.96688,0
0.9668399999999999,0.9668899999999999,0.9668700000000001,0
0.96685,0.9668899999999999,0.96686,0
0.96685,0.9668899999999999,0.96685,0
0.96686,0.9668899999999999,0.96685,0
0.9668700000000001,0.9668899999999999,0.9668399999999999,0
0.96688,0.96688,0.9668399999999999,0
0.9668899999999999,0.9668700000000001,0.9668399999999999,0
0.9668899999999999,0.96686,0.96685,0
0.9668899999999999,0.96685,0.96686,0
0.9668899999999999,0.9668399999999999,0.9668700000000001,0
0.96688,0.9668399999999999,0.96688,0
0.9668700000000001,0.9668399999999999,0.9668899999999999,0
0.96686,0.96685,0.9668899999999999,0
0.96686,0.96686,0.9668899999999999,0
0.96685,0.9668700000000001,0.9668899999999999,0
0.9668399999999999,0.96688,0.9668899999999999,0
0.9668399999999999,0.96688,0.96688,0
0.9668399999999999,0.9668899999999999,0.9668700000000001,0
0.96685,0.9668899999999999,0.96686,0
0.96686,0.9668899999999999,0.96685,0
0.9668700000000001,0.9668899999999999,0.96685,0
0.96688,0.9668899999999999,0.9668399999999999,0
0.9668899999999999,0.96688,0.9668399999999999,0
0.9668899999999999,0.9668700000000001,0.96685,0
0.9669,0.96686,0.96686,0
0.9668899999999999,0.96685,0.9668700000000001,0
0.9668899999999999,0.9668399999999999,0.96688,0
0.96688,0.9668399999999999,0.96688,0
0.9668700000000001,0.96685,0.9668899999999999,0
0.96686,0.96685,0.9669,0
0.96685,0.96686,0.9669,0
0.96685,0.9668700000000001,0.9668899999999999,0
0.9668399999999999,0.96688,0.9668899999999999,0
0.9668399999999999,0.9668899999999999,0.96688,0
0.96685,0.9668899999999999,0.9668700000000001,0
0.96686,0.9669,0.96686,0
0.9668700000000001,0.9669,0.96685,0
0.96688,0.9668899999999999,0.96685,0
0.9668899999999999,0.9668899999999999,0.9668399999999999,0
0.9668899999999999,0.96688,0.96685,0
0.9669,0.9668700000000001,0.96685,0
0.9669,0.96686,0.96686,0
0.9669,0.96685,0.9668700000000001,0
0.9668899999999999,0.96685,0.96688,0
0.96688,0.96685,0.9668899999999999,0
0.9668700000000001,0.96685,0.9669,0
0.96686,0.96686,0.9669,0
0.96685,0.9668700000000001,0.9669,0
0.96685,0.96688,0.9668899999999999,0
0.96685,0.9668899999999999,0.9668899999999999,0
0.96685,0.9668899999999999,0.96688,0
0.96685,0.9669,0.9668700000000001,0
0.96686,0.9669,0.96686,0
0.9668700000000001,0.9669,0.96685,0
0.96688,0.9668899999999999,0.96685,0
0.9668899999999999,0.96688,0.96685,0
0.9669,0.96688,0.96685,0
0.9669,0.9668700000000001,0.96686,0
0.9669,0.96686,0.9668700000000001,0
0.9669,0.96685,0.96688,0
0.9668899999999999,0.96685,0.9668899999999999,0
0.96688,0.96685,0.9668899999999999,0
0.9668700000000001,0.96685,0.9669,0
0.96686,0.96686,0.9669,0
0.96685,0.9668700000000001,0.9669,0
0.96685,0.96688,0.9668899999999999,0
0.96685,0.9668899999999999,0.9668899999999999,0
0.96685,0.9669,0.96688,0
0.96686,0.9669,0.9668700000000001,0
0.9668700000000001,0.9669,0.96686,0
0.96688,0.9669,0.96685,0
0.9668899999999999,0.9668899999999999,0.96685,0
0.9668899999999999,0.96688,0.96685,0
0.9669,0.9668700000000001,0.96686,0
0.9669,0.96686,0.96686,0
0.9669,0.96686,0.9668700000000001,0
0.9669,0.96685,0.96688,0
0.9668899999999999,0.96685,0.9668899999999999,0
0.96688,0.96685,0.9669,0
0.9668700000000001,0.96686,0.9669,0
0.96686,0.9668700000000001,0.9669,0
0.96685,0.96688,0.9669,0
0.96685,0.9668899999999999,0.9668899999999999,0
0.96685,0.9669,0.9668899999999999,0
0.96686,0.9669,0.96688,0
0.96686,0.9669,0.9668700000000001,0
0.9668700000000001,0.9669,0.96686,0
0.96688,0.9669,0.96685,0
0.9668899999999999,0.9668899999999999,0.96685,0
0.9669,0.96688,0.96685,0
0.9669,0.9668700000000001,0.96686,0
0.9669,0.96686,0.9668700000000001,0
0.9669,0.96686,0.96688,0
0.9669,0.96685,0.9668899999999999,0
0.9668899999999999,0.96685,0.9669,0
0.96688,0.96686,0.9669,0
0.9668700000000001,0.96686,0.9669,0
0.96686,0.9668700000000001,0.9669,0
0.96686,0.96688,0.9669,0
0.96685,0.9668899999999999,0.9668899999999999,0
0.96685,0.9669,0.9668899999999999,0
0.96686,0.9669,0.96688,0
0.9668700000000001,0.96691,0.9668700000000001,0
0.96688,0.9669,0.96686,0
0.9668899999999999,0.9669,0.96685,0
0.9669,0.9668899999999999,0.96685,0
0.9669,0.96688,0.96686,0
0.96691,0.9668700000000001,0.96686,0
0.96691,0.96686,0.9668700000000001,0
0.9669,0.96686,0.96688,0
0.9669,0.96685,0.9668899999999999,0
0.9668899999999999,0.96686,0.9669,0
0.96688,0.96686,0.96691,0
0.9668700000000001,0.9668700000000001,0.96691,0
0.96686,0.96688,0.96691,0
0.96686,0.9668899999999999,0.9669,0
0.96686,0.9669,0.9668899999999999,0
0.96686,0.9669,0.96688,0
0.96686,0.96691,0.9668700000000001,0
0.9668700000000001,0.96691,0.9668700000000001,0
0.96688,0.9669,0.96686,0
0.9668899999999999,0.9669,0.96686,0
0.9669,0.9668899999999999,0.96686,0
0.96691,0.96688,0.96686,0
0.96691,0.9668700000000001,0.9668700000000001,0
0.96691,0.96686,0.96688,0
0.9669,0.96686,0.9668899999999999,0
0.9669,0.96686,0.9669,0
0.9668899999999999,0.96686,0.9669,0
0.96688,0.96686,0.96691,0
0.9668700000000001,0.9668700000000001,0.96691,0
0.96686,0.96688,0.96691,0
0.96686,0.9668899999999999,0.9669,0
0.96686,0.9669,0.9668899999999999,0
0.96686,0.96691,0.96688,0
0.9668700000000001,0.96691,0.9668700000000001,0
0.96688,0.96691,0.9668700000000001,0
0.9668899999999999,0.9669,0.96686,0
0.9669,0.9669,0.96686,0
0.9669,0.9668899999999999,0.96686,0
0.96691,0.96688,0.9668700000000001,0
0.96691,0.9668700000000001,0.9668700000000001,0
0.96691,0.96686,0.96688,0
0.9669,0.96686,0.9668899999999999,0
0.9668899999999999,0.96686,0.9669,0
0.9668899999999999,0.96686,0.96691,0
0.96688,0.9668700000000001,0.96691,0
0.9668700000000001,0.96688,0.96691,0
0.96686,0.9668899999999999,0.96691,0
0.96686,0.9669,0.9669,0
0.96686,0.96691,0.9668899999999999,0
0.9668700000000001,0.96691,0.96688,0
0.9668700000000001,0.96691,0.9668700000000001,0
0.96688,0.96691,0.96686,0
0.9668899999999999,0.9669,0.96686,0
0.9669,0.9669,0.96686,0
0.96691,0.9668899999999999,0.96686,0
0.96691,0.96688,0.9668700000000001,0
0.96691,0.9668700000000001,0.96688,0
0.96691,0.96686,0.9668899999999999,0
0.9669,0.96686,0.9669,0
0.9668899999999999,0.96686,0.96691,0
0.96688,0.9668700000000001,0.96691,0
0.9668700000000001,0.9668700000000001,0.96691,0
0.9668700000000001,0.96688,0.96691,0
0.96686,0.9668899999999999,0.96691,0
0.96686,0.9669,0.9669,0
0.96686,0.96691,0.9668899999999999,0
0.9668700000000001,0.96691,0.96688,0
0.96688,0.96691,0.9668700000000001,0
0.9668899999999999,0.96691,0.96686,0
0.9669,0.9669,0.96686,0
0.96691,0.9669,0.96686,0
0.96691,0.9668899999999999,0.9668700000000001,0
0.96691,0.96688,0.9668700000000001,0
0.96691,0.9668700000000001,0.96688,0
0.96691,0.96686,0.9668899999999999,0
0.9669,0.96686,0.9669,0
0.9668899999999999,0.96686,0.96691,0
0.96688,0.9668700000000001,0.96691,0
0.9668700000000001,0.96688,0.96691,0
0.9668700000000001,0.9668899999999999,0.96691,0
0.96686,0.9669,0.96691,0
0.96686,0.96691,0.9669,0
0.9668700000000001,0.96691,0.9668899999999999,0
0.9668700000000001,0.96691,0.96688,0
0.96688,0.96691,0.9668700000000001,0
0.9668899999999999,0.96691,0.96686,0
0.9669,0.9669,0.96686,0
0.96691,0.9668899999999999,0.96686,0
0.96691,0.96688,0.9668700000000001,0
0.96691,0.9668700000000001,0.96688,0
0.96691,0.9668700000000001,0.9668899999999999,0
0.96691,0.96686,0.9669,0
0.9669,0.96686,0.96691,0
0.9668899999999999,0.9668700000000001,0.96691,0
0.96688,0.9668700000000001,0.9669200000000001,0
0.9668700000000001,0.96688,0.96691,0
0.9668700000000001,0.9668899999999999,0.96691,0
0.96686,0.9669,0.9669,0
0.96686,0.96691,0.9669,0
0.9668700000000001,0.96691,0.9668899999999999,0
0.96688,0.9669200000000001,0.96688,0
0.9668899999999999,0.96691,0.9668700000000001,0
0.9669,0.96691,0.96686,0
0.96691,0.9669,0.96686,0
0.96691,0.9668899999999999,0.9668700000000001,0
0.9669200000000001,0.96688,0.9668700000000001,0
0.9669200000000001,0.9668700000000001,0.96688,0
0.96691,0.9668700000000001,0.9668899999999999,0
0.96691,0.96686,0.9669,0
0.9669,0.96686,0.96691,0
0.9668899999999999,0.9668700000000001,0.96691,0
0.96688,0.96688,0.9669200000000001,0
0.9668700000000001,0.9668899999999999,0.96691,0
0.9668700000000001,0.9669,0.96691,0
0.96686,0.96691,0.9669,0
0.9668700000000001,0.96691,0.9668899999999999,0
0.9668700000000001,0.9669200000000001,0.96688,0
0.96688,0.9669200000000001,0.9668700000000001,0
0.9668899999999999,0.96691,0.9668700000000001,0
0.9669,0.96691,0.96686,0
0.96691,0.9669,0.9668700000000001,0
0.96691,0.9668899999999999,0.9668700000000001,0
0.9669200000000001,0.96688,0.96688,0
0.9669200000000001,0.9668700000000001,0.9668899999999999,0
0.96691,0.9668700000000001,0.9669,0
0.9669,0.96686,0.96691,0
0.9669,0.9668700000000001,0.96691,0
0.9668899999999999,0.9668700000000001,0.9669200000000001,0
0.96688,0.96688,0.9669200000000001,0
0.9668700000000001,0.9668899999999999,0.96691,0
0.9668700000000001,0.9669,0.96691,0
0.9668700000000001,0.96691,0.9669,0
0.9668700000000001,0.9669200000000001,0.9668899999999999,0
0.96688,0.9669200000000001,0.96688,0
0.9668899999999999,0.9669200000000001,0.9668700000000001,0
0.9669,0.96691,0.9668700000000001,0
0.96691,0.96691,0.9668700000000001,0
0.96691,0.9669,0.9668700000000001,0
0.9669200000000001,0.9668899999999999,0.9668700000000001,0
0.9669200000000001,0.96688,0.96688,0
0.9669200000000001,0.9668700000000001,0.9668899999999999,0
0.96691,0.9668700000000001,0.9669,0
0.9669,0.9668700000000001,0.96691,0
0.9668899999999999,0.9668700000000001,0.9669200000000001,0
0.96688,0.96688,0.9669200000000001,0
0.9668700000000001,0.9668899999999999,0.9669200000000001,0
0.9668700000000001,0.9669,0.96691,0
0.9668700000000001,0.9669,0.96691,0
0.9668700000000001,0.96691,0.9669,0
0.9668700000000001,0.9669200000000001,0.9668899999999999,0
0.96688,0.9669200000000001,0.96688,0
0.9668899999999999,0.9669200000000001,0.9668700000000001,0
0.9669,0.96691,0.9668700000000001,0
0.96691,0.9669,0.9668700000000001,0
0.96691,0.9668899999999999,0.9668700000000001,0
0.9669200000000001,0.96688,0.96688,0
0.9669200000000001,0.96688,0.96688,0
0.96691,0.9668700000000001,0.9668899999999999,0
0.96691,0.9668700000000001,0.9669,0
0.9669,0.9668700000000001,0.96691,0
0.9668899999999999,0.9668700000000001,0.9669200000000001,0
0.96688,0.96688,0.9669200000000001,0
0.9668700000000001,0.9668899999999999,0.9669200000000001,0
0.9668700000000001,0.9669,0.96691,0
0.9668700000000001,0.96691,0.9669,0
0.9668700000000001,0.96691,0.9669,0
0.96688,0.9669200000000001,0.9668899999999999,0
0.96688,0.9669200000000001,0.96688,0
0.9668899999999999,0.9669200000000001,0.9668700000000001,0
0.9669,0.96691,0.9668700000000001,0
0.96691,0.9669,0.9668700000000001,0
0.9669200000000001,0.9668899999999999,0.9668700000000001,0
0.9669200000000001,0.96688,0.96688,0
0.9669200000000001,0.9668700000000001,0.9668899999999999,0
0.96691,0.9668700000000001,0.9669,0
0.96691,0.9668700000000001,0.96691,0
0.9669,0.9668700000000001,0.96691,0
0.9668899999999999,0.9668700000000001,0.9669200000000001,0
0.96688,0.96688,0.9669200000000001,0
0.9668700000000001,0.9668899999999999,0.9669200000000001,0
0.9668700000000001,0.9669,0.96691,0
0.9668700000000001,0.96691,0.9669,0
0.9668700000000001,0.9669200000000001,0.9668899999999999,0
0.96688,0.9669200000000001,0.96688,0
0.9668899999999999,0.9669200000000001,0.9668700000000001,0
0.9669,0.96691,0.9668700000000001,0
0.96691,0.96691,0.9668700000000001,0
0.96691,0.9669,0.9668700000000001,0
0.9669200000000001,0.9668899999999999,0.9668700000000001,0
0.9669200000000001,0.96688,0.96688,0
0.9669200000000001,0.9668700000000001,0.9668899999999999,0
0.96691,0.9668700000000001,0.9669,0
0.9669,0.9668700000000001,0.96691,0
0.9668899999999999,0.9668700000000001,0.9669200000000001,0
0.96688,0.96688,0.9669200000000001,0
0.96688,0.9668899999999999,0.9669200000000001,0
0.9668700000000001,0.9669,0.96691,0
0.9668700000000001,0.96691,0.96691,0
0.9668700000000001,0.96691,0.9669,0
0.9668700000000001,0.9669200000000001,0.9668899999999999,0
0.96688,0.9669200000000001,0.96688,0
0.9668899999999999,0.9669200000000001,0.9668700000000001,0
0.9669,0.96691,0.9668700000000001,0
0.96691,0.9669,0.9668700000000001,0
0.9669200000000001,0.9668899999999999,0.9668700000000001,0
0.9669200000000001,0.9668899999999999,0.96688,0
0.9669200000000001,0.96688,0.9668899999999999,0
0.9669200000000001,0.9668700000000001,0.9669,0
0.96691,0.9668700000000001,0.9669,0
0.9669,0.9668700000000001,0.96691,0
0.9668899999999999,0.9668700000000001,0.9669200000000001,0
0.96688,0.96688,0.9669200000000001,0
0.9668700000000001,0.9668899999999999,0.9669200000000001,0
0.9668700000000001,0.9669,0.96691,0
0.9668700000000001,0.96691,0.96691,0
0.9668700000000001,0.96691,0.9669,0
0.96688,0.9669200000000001,0.9668899999999999,0
0.96688,0.9669200000000001,0.96688,0
0.9668899999999999,0.9669200000000001,0.9668700000000001,0
0.9669,0.96691,0.9668700000000001,0
0.96691,0.9669,0.9668700000000001,0
0.9669200000000001,0.9668899999999999,0.9668700000000001,0
0.9669200000000001,0.96688,0.96688,0
0.9669200000000001,0.9668700000000001,0.9668899999999999,0
0.96691,0.9668700000000001,0.9669,0
0.96691,0.9668700000000001,0.96691,0
0.9669,0.9668700000000001,0.96691,0
0.9668899999999999,0.9668700000000001,0.9669200000000001,0
0.96688,0.96688,0.9669200000000001,0
0.9668700000000001,0.9668899999999999,0.9669200000000001,0
0.9668700000000001,0.9669,0.96691,0
0.9668700000000001,0.96691,0.9669,0
0.9668700000000001,0.9669200000000001,0.9668899999999999,0
0.96688,0.9669200000000001,0.96688,0
0.9668899999999999,0.9669200000000001,0.9668700000000001,0
0.9669,0.96691,0.9668700000000001,0
0.96691,0.96691,0.9668700000000001,0
0.96691,0.9669,0.9668700000000001,0
0.9669200000000001,0.9668899999999999,0.9668700000000001,0
0.9669200000000001,0.96688,0.96688,0
0.9669200000000001,0.9668700000000001,0.9668899999999999,0
0.96691,0.9668700000000001,0.9669,0
0.9669,0.9668700000000001,0.96691,0
0.9668899999999999,0.9668700000000001,0.96691,0
0.96688,0.96688,0.9669200000000001,0
0.9668700000000001,0.9668899999999999,0.9669200000000001,0
0.9668700000000001,0.9669,0.96691,0
0.9668700000000001,0.9669,0.96691,0
0.9668700000000001,0.96691,0.9669,0
0.9668700000000001,0.9669200000000001,0.9668899999999999,0
0.96688,0.9669200000000001,0.96688,0
0.9668899999999999,0.9669200000000001,0.9668700000000001,0
0.9669,0.96691,0.9668700000000001,0
0.96691,0.9669,0.9668700000000001,0
0.96691,0.9668899999999999,0.9668700000000001,0
0.9669200000000001,0.96688,0.9668700000000001,0
0.9669200000000001,0.9668700000000001,0.96688,0
0.96691,0.9668700000000001,0.9668899999999999,0
0.96691,0.96686,0.9669,0
0.9669,0.9668700000000001,0.96691,0
0.9668899999999999,0.9668700000000001,0.9669200000000001,0
0.96688,0.96688,0.9669200000000001,0
0.9668700000000001,0.9668899999999999,0.9669200000000001,0
0.9668700000000001,0.9669,0.96691,0
0.96686,0.96691,0.9669,0
0.9668700000000001,0.96691,0.9668899999999999,0
0.9668700000000001,0.9669200000000001,0.96688,0
0.96688,0.9669200000000001,0.9668700000000001,0
0.9668899999999999,0.96691,0.9668700000000001,0
0.9669,0.96691,0.96686,0
0.96691,0.9669,0.96686,0
0.96691,0.9668899999999999,0.9668700000000001,0
0.9669200000000001,0.96688,0.96688,0
0.9669200000000001,0.9668700000000001,0.9668899999999999,0
0.96691,0.9668700000000001,0.9669,0
0.9669,0.96686,0.9669,0
0.9668899999999999,0.9668700000000001,0.96691,0
0.96688,0.9668700000000001,0.9669200000000001,0
0.96688,0.96688,0.9669200000000001,0
0.9668700000000001,0.9668899999999999,0.96691,0
0.96686,0.9669,0.96691,0
0.96686,0.96691,0.9669,0
0.9668700000000001,0.96691,0.9668899999999999,0
0.9668700000000001,0.9669200000000001,0.96688,0
0.96688,0.96691,0.9668700000000001,0
0.9668899999999999,0.96691,0.9668700000000001,0
0.9669,0.9669,0.96686,0
0.96691,0.9668899999999999,0.96686,0
0.96691,0.96688,0.9668700000000001,0
0.9669200000000001,0.96688,0.96688,0
0.96691,0.9668700000000001,0.9668899999999999,0
0.96691,0.96686,0.9669,0
0.9669,0.96686,0.96691,0
0.9668899999999999,0.9668700000000001,0.96691,0
0.96688,0.9668700000000001,0.96691,0
0.9668700000000001,0.96688,0.96691,0
0.96686,0.9668899999999999,0.96691,0
0.96686,0.9669,0.9669,0
0.96686,0.96691,0.9668899999999999,0
0.9668700000000001,0.96691,0.96688,0
0.96688,0.96691,0.96688,0
0.9668899999999999,0.96691,0.9668700000000001,0
0.9669,0.96691,0.96686,0
0.9669,0.9669,0.96686,0
0.96691,0.9668899999999999,0.96686,0
0.96691,0.96688,0.9668700000000001,0
0.96691,0.9668700000000001,0.96688,0
0.96691,0.96686,0.9668899999999999,0
0.9669,0.96686,0.9669,0
0.9668899999999999,0.96686,0.96691,0
0.96688,0.9668700000000001,0.96691,0
0.96688,0.9668700000000001,0.96691,0
0.9668700000000001,0.96688,0.96691,0
0.96686,0.9668899999999999,0.96691,0
0.96686,0.9669,0.9669,0
0.96686,0.96691,0.9668899999999999,0
0.9668700000000001,0.96691,0.96688,0
0.96688,0.96691,0.9668700000000001,0
0.9668899999999999,0.96691,0.96686,0
0.9669,0.9669,0.96686,0
0.9669,0.9668899999999999,0.96686,0
0.96691,0.96688,0.96686,0
0.96691,0.96688,0.9668700000000001,0
0.96691,0.9668700000000001,0.96688,0
0.96691,0.96686,0.9668899999999999,0
0.9669,0.96686,0.9669,0
0.9668899999999999,0.96686,0.96691,0
0.96688,0.9668700000000001,0.96691,0
0.9668700000000001,0.96688,0.96691,0
0.96686,0.9668899999999999,0.96691,0
0.96686,0.9668899999999999,0.9669,0
0.96686,0.9669,0.9668899999999999,0
0.96686,0.96691,0.96688,0
0.9668700000000001,0.96691,0.96688,0
0.96688,0.96691,0.9668700000000001,0
0.9668899999999999,0.96691,0.96686,0
0.9669,0.9669,0.96686,0
0.9669,0.9668899999999999,0.96686,0
0.96691,0.96688,0.96686,0
0.96691,0.9668700000000001,0.9668700000000001,0
0.96691,0.96686,0.96688,0
0.9669,0.96686,0.9668899999999999,0
0.9668899999999999,0.96686,0.9669,0
0.96688,0.96686,0.96691,0
0.9668700000000001,0.9668700000000001,0.96691,0
0.9668700000000001,0.96688,0.96691,0
0.96686,0.9668899999999999,0.9669,0
0.96686,0.9669,0.9669,0
0.96686,0.9669,0.9668899999999999,0
0.96686,0.96691,0.96688,0
0.9668700000000001,0.96691,0.9668700000000001,0
0.96688,0.96691,0.96686,0
0.9668899999999999,0.9669,0.96686,0
0.9669,0.9668899999999999,0.96686,0
0.9669,0.96688,0.96686,0
0.96691,0.9668700000000001,0.9668700000000001,0
0.96691,0.9668700000000001,0.9668700000000001,0
0.9669,0.96686,0.96688,0
0.9669,0.96686,0.9668899999999999,0
0.9668899999999999,0.96686,0.9669,0
0.96688,0.96686,0.96691,0
0.9668700000000001,0.9668700000000001,0.96691,0
0.96686,0.96688,0.96691,0
0.96686,0.9668899999999999,0.9669,0
0.96685,0.9669,0.9668899999999999,0
0.96686,0.9669,0.96688,0
0.96686,0.96691,0.9668700000000001,0
0.9668700000000001,0.96691,0.96686,0
0.96688,0.9669,0.96686,0
0.9668899999999999,0.9669,0.96685,0
0.9669,0.9668899999999999,0.96685,0
0.9669,0.96688,0.96686,0
0.96691,0.9668700000000001,0.9668700000000001,0
0.9669,0.96686,0.96688,0
0.9669,0.96685,0.96688,0
0.9668899999999999,0.96685,0.9668899999999999,0
0.96688,0.96685,0.9669,0
0.9668700000000001,0.96686,0.9669,0
0.96686,0.9668700000000001,0.9669,0
0.96686,0.96688,0.9669,0
0.96685,0.9668899999999999,0.9669,0
0.96685,0.9669,0.9668899999999999,0
0.96686,0.9669,0.96688,0
0.96686,0.9669,0.9668700000000001,0
0.9668700000000001,0.9669,0.96686,0
0.96688,0.9669,0.96685,0
0.9668899999999999,0.9668899999999999,0.96685,0
0.9669,0.96688,0.96685,0
0.9669,0.9668700000000001,0.96686,0
0.9669,0.96686,0.9668700000000001,0
0.9669,0.96686,0.96688,0
0.9669,0.96685,0.9668899999999999,0
0.9668899999999999,0.96685,0.9668899999999999,0
0.96688,0.96685,0.9669,0
0.9668700000000001,0.96686,0.9669,0
0.96686,0.9668700000000001,0.9669,0
0.96685,0.96688,0.9669,0
0.96685,0.9668899999999999,0.9668899999999999,0
0.96685,0.9669,0.96688,0
0.96686,0.9669,0.9668700000000001,0
0.96686,0.9669,0.96686,0
0.9668700000000001,0.9669,0.96685,0
0.96688,0.9668899999999999,0.96685,0
0.9668899999999999,0.9668899999999999,0.96685,0
0.9669,0.96688,0.96685,0
0.9669,0.9668700000000001,0.96686,0
0.9669,0.96686,0.9668700000000001,0
0.9669,0.96685,0.96688,0
0.9668899999999999,0.96685,0.9668899999999999,0
0.96688,0.96685,0.9668899999999999,0
0.9668700000000001,0.96685,0.9669,0
0.96686,0.96686,0.9669,0
0.96685,0.9668700000000001,0.9669,0
0.96685,0.96688,0.9668899999999999,0
0.96685,0.9668899999999999,0.9668899999999999,0
0.96685,0.9669,0.96688,0
0.96686,0.9669,0.9668700000000001,0
0.96686,0.9669,0.96686,0
0.9668700000000001,0.9669,0.96685,0
0.96688,0.9668899999999999,0.96685,0
0.9668899999999999,0.96688,0.96685,0
0.9669,0.9668700000000001,0.96685,0
0.9669,0.96686,0.96686,0
0.9669,0.96685,0.9668700000000001,0
0.9668899999999999,0.96685,0.96688,0
0.9668899999999999,0.96685,0.9668899999999999,0
0.96688,0.96685,0.9668899999999999,0
0.9668700000000001,0.96685,0.9669,0
0.96686,0.96686,0.9669,0
0.96685,0.9668700000000001,0.9668899999999999,0
0.9668399999999999,0.96688,0.9668899999999999,0
0.9668399999999999,0.9668899999999999,0.96688,0
0.96685,0.9668899999999999,0.9668700000000001,0
0.96686,0.9669,0.96686,0
0.96686,0.9669,0.96685,0
0.9668700000000001,0.9668899999999999,0.96685,0
0.96688,0.96688,0.9668399999999999,0
0.9668899999999999,0.9668700000000001,0.9668399999999999,0
0.9668899999999999,0.9668700000000001,0.96685,0
0.9669,0.96686,0.96686,0
0.9668899999999999,0.96685,0.9668700000000001,0
0.9668899999999999,0.9668399999999999,0.96688,0
0.96688,0.9668399999999999,0.9668899999999999,0
0.9668700000000001,0.96685,0.9668899999999999,0
0.96686,0.96685,0.9668899999999999,0
0.96685,0.96686,0.9668899999999999,0
0.9668399999999999,0.9668700000000001,0.9668899999999999,0
0.9668399999999999,0.96688,0.96688,0
0.9668399999999999,0.9668899999999999,0.9668700000000001,0
0.96685,0.9668899999999999,0.96686,0
0.96686,0.9668899999999999,0.96685,0
0.96686,0.9668899999999999,0.96685,0
0.9668700000000001,0.9668899999999999,0.9668399999999999,0
0.96688,0.96688,0.9668399999999999,0
0.9668899999999999,0.9668700000000001,0.9668399999999999,0
0.9668899999999999,0.96686,0.96685,0
0.9668899999999999,0.96685,0.96686,0
0.9668899999999999,0.9668399999999999,0.9668700000000001,0
0.96688,0.9668399999999999,0.96688,0
0.9668700000000001,0.9668399999999999,0.96688,0
0.96686,0.9668399999999999,0.9668899999999999,0
0.96685,0.96685,0.9668899999999999,0
0.96685,0.96686,0.9668899999999999,0
0.9668399999999999,0.9668700000000001,0.96688,0
0.9668399999999999,0.96688,0.96688,0
0.9668399999999999,0.9668899999999999,0.9668700000000001,0
0.96685,0.9668899999999999,0.96686,0
0.96686,0.9668899999999999,0.96685,0
0.96686,0.9668899999999999,0.9668399999999999,0
0.9668700000000001,0.96688,0.9668399999999999,0
0.96688,0.9668700000000001,0.9668399999999999,0
0.9668899999999999,0.96686,0.9668399999999999,0
0.9668899999999999,0.96685,0.96685,0
0.9668899999999999,0.9668399999999999,0.96686,0
0.96688,0.9668399999999999,0.9668700000000001,0
0.96688,0.9668399999999999,0.96688,0
0.9668700000000001,0.9668399999999999,0.96688,0
0.96686,0.9668399999999999,0.9668899999999999,0
0.96685,0.96685,0.9668899999999999,0
0.9668399999999999,0.96686,0.9668899999999999,0
0.9668399999999999,0.9668700000000001,0.96688,0
0.9668399999999999,0.96688,0.9668700000000001,0
0.9668399999999999,0.96688,0.96686,0
0.96685,0.9668899999999999,0.96685,0
0.96686,0.9668899999999999,0.9668399999999999,0
0.96686,0.96688,0.9668399999999999,0
0.9668700000000001,0.96688,0.96683,0
0.96688,0.9668700000000001,0.9668399999999999,0
0.9668899999999999,0.96686,0.9668399999999999,0
0.9668899999999999,0.96685,0.96685,0
0.96688,0.9668399999999999,0.96686,0
0.96688,0.96683,0.9668700000000001,0
0.9668700000000001,0.96683,0.96688,0
0.96686,0.9668399999999999,0.96688,0
0.96685,0.9668399999999999,0.9668899999999999,0
0.9668399999999999,0.96685,0.96688,0
0.9668399999999999,0.96686,0.96688,0
0.96683,0.9668700000000001,0.9668700000000001,0
0.96683,0.96688,0.9668700000000001,0
0.9668399999999999,0.96688,0.96686,0
0.96685,0.96688,0.96685,0
0.96686,0.96688,0.9668399999999999,0
0.96686,0.96688,0.96683,0
0.9668700000000001,0.9668700000000001,0.96683,0
0.96688,0.96686,0.96683,0
0.96688,0.96685,0.9668399999999999,0
0.96688,0.9668399999999999,0.96685,0
0.96688,0.96683,0.96686,0
0.9668700000000001,0.96683,0.9668700000000001,0
0.96686,0.96683,0.96688,0
0.96685,0.9668399999999999,0.96688,0
0.9668399999999999,0.9668399999999999,0.96688,0
0.9668399999999999,0.96685,0.96688,0
0.96683,0.96686,0.96688,0
0.96683,0.9668700000000001,0.9668700000000001,0
0.96683,0.96688,0.96686,0
0.9668399999999999,0.96688,0.96685,0
0.96685,0.96688,0.9668399999999999,0
0.96686,0.96688,0.96683,0
0.96686,0.9668700000000001,0.96683,0
0.9668700000000001,0.96686,0.96683,0
0.96688,0.96685,0.96683,0
0.96688,0.9668399999999999,0.9668399999999999,0
0.96688,0.96683,0.96685,0
0.9668700000000001,0.96683,0.96686,0
0.9668700000000001,0.96683,0.9668700000000001,0
0.96686,0.96683,0.9668700000000001,0
0.96685,0.96683,0.96688,0
0.9668399999999999,0.9668399999999999,0.96688,0
0.96683,0.96685,0.96688,0
0.96683,0.96686,0.9668700000000001,0
0.96683,0.9668700000000001,0.96686,0
0.96683,0.96688,0.96685,0
0.9668399999999999,0.96688,0.9668399999999999,0
0.96685,0.96688,0.96683,0
0.96686,0.9668700000000001,0.96683,0
0.96686,0.9668700000000001,0.9668200000000001,0
0.9668700000000001,0.96686,0.96683,0
0.96688,0.96685,0.96683,0
0.96688,0.9668399999999999,0.9668399999999999,0
0.9668700000000001,0.96683,0.96685,0
0.9668700000000001,0.9668200000000001,0.96686,0
0.96686,0.9668200000000001,0.9668700000000001,0
0.96685,0.96683,0.9668700000000001,0
0.9668399999999999,0.96683,0.96688,0
0.96683,0.9668399999999999,0.96688,0
0.96683,0.96685,0.9668700000000001,0
0.9668200000000001,0.96686,0.96686,0
0.9668200000000001,0.9668700000000001,0.96686,0
0.96683,0.9668700000000001,0.96685,0
0.9668399999999999,0.9668700000000001,0.9668399999999999,0
0.96685,0.9668700000000001,0.96683,0
0.96686,0.9668700000000001,0.9668200000000001,0
0.96686,0.96686,0.9668200000000001,0
0.9668700000000001,0.96685,0.9668200000000001,0
0.9668700000000001,0.9668399999999999,0.96683,0
0.9668700000000001,0.96683,0.9668399999999999,0
0.9668700000000001,0.9668200000000001,0.96685,0
0.96686,0.9668200000000001,0.96686,0
0.96685,0.9668200000000001,0.9668700000000001,0
0.9668399999999999,0.96683,0.9668700000000001,0
0.9668399999999999,0.96683,0.9668700000000001,0
0.96683,0.9668399999999999,0.9668700000000001,0
0.9668200000000001,0.96685,0.9668700000000001,0
0.9668200000000001,0.96686,0.96686,0
0.9668200000000001,0.9668700000000001,0.96685,0
0.96683,0.9668700000000001,0.9668399999999999,0
0.9668399999999999,0.9668700000000001,0.96683,0
0.96685,0.9668700000000001,0.9668200000000001,0
0.96686,0.96686,0.9668200000000001,0
0.96686,0.96685,0.9668200000000001,0
0.9668700000000001,0.9668399999999999,0.9668200000000001,0
0.9668700000000001,0.96683,0.96683,0
0.9668700000000001,0.96683,0.9668399999999999,0
0.9668700000000001,0.9668200000000001,0.96685,0
0.96686,0.9668200000000001,0.96686,0
0.96685,0.9668200000000001,0.96686,0
0.9668399999999999,0.9668200000000001,0.9668700000000001,0
0.96683,0.96683,0.9668700000000001,0
0.9668200000000001,0.9668399999999999,0.9668700000000001,0
0.9668200000000001,0.96685,0.96686,0
0.9668200000000001,0.96686,0.96685,0
0.9668200000000001,0.9668700000000001,0.9668399999999999,0
0.96683,0.9668700000000001,0.96683,0
0.9668399999999999,0.9668700000000001,0.9668200000000001,0
0.96685,0.96686,0.9668200000000001,0
0.96686,0.96686,0.9668200000000001,0
0.96686,0.96685,0.9668200000000001,0
0.9668700000000001,0.9668399999999999,0.9668200000000001,0
0.9668700000000001,0.96683,0.96683,0
0.9668700000000001,0.9668200000000001,0.9668399999999999,0
0.96686,0.9668200000000001,0.96685,0
0.96685,0.9668100000000001,0.96686,0
0.9668399999999999,0.9668200000000001,0.96686,0
0.96683,0.9668200000000001,0.9668700000000001,0
0.9668200000000001,0.96683,0.9668700000000001,0
0.9668200000000001,0.9668399999999999,0.96686,0
0.9668100000000001,0.96685,0.96686,0
0.9668100000000001,0.96686,0.96685,0
0.9668200000000001,0.96686,0.9668399999999999,0
0.96683,0.9668700000000001,0.96683,0
0.9668399999999999,0.96686,0.9668200000000001,0
0.96685,0.96686,0.9668100000000001,0
0.96685,0.96685,0.9668100000000001,0
0.96686,0.9668399999999999,0.9668200000000001,0
0.96686,0.96683,0.9668200000000001,0
0.96686,0.9668200000000001,0.96683,0
0.96686,0.9668200000000001,0.9668399999999999,0
0.96685,0.9668100000000001,0.96685,0
0.96685,0.9668100000000001,0.96686,0
0.9668399999999999,0.9668200000000001,0.96686,0
0.96683,0.9668200000000001,0.96686,0
0.9668200000000001,0.96683,0.96686,0
0.9668100000000001,0.9668399999999999,0.96686,0
0.9668100000000001,0.96685,0.96685,0
0.9668100000000001,0.96686,0.9668399999999999,0
0.9668200000000001,0.96686,0.96683,0
0.96683,0.96686,0.9668200000000001,0
0.9668399999999999,0.96686,0.9668100000000001,0
0.96685,0.96685,0.9668100000000001,0
0.96685,0.96685,0.9668100000000001,0
0.96686,0.9668399999999999,0.9668100000000001,0
0.96686,0.96683,0.9668200000000001,0
0.96686,0.9668200000000001,0.96683,0
0.96686,0.9668100000000001,0.9668399999999999,0
0.96685,0.9668100000000001,0.96685,0
0.9668399999999999,0.9668100000000001,0.96686,0
0.96683,0.9668200000000001,0.96686,0
0.9668200000000001,0.9668200000000001,0.96686,0
0.9668100000000001,0.96683,0.96686,0
0.9668100000000001,0.9668399999999999,0.96685,0
0.9668100000000001,0.96685,0.9668399999999999,0
0.9668100000000001,0.96686,0.96683,0
0.9668200000000001,0.96686,0.9668200000000001,0
0.96683,0.96686,0.9668200000000001,0
0.9668399999999999,0.96686,0.9668100000000001,0
0.96685,0.96685,0.9668100000000001,0
0.96685,0.9668399999999999,0.9668100000000001,0
0.96686,0.96683,0.9668100000000001,0
0.96686,0.9668200000000001,0.9668200000000001,0
0.96686,0.9668100000000001,0.96683,0
0.96685,0.9668100000000001,0.9668399999999999,0
0.9668399999999999,0.9668100000000001,0.96685,0
0.96683,0.9668100000000001,0.96686,0
0.9668200000000001,0.9668200000000001,0.96686,0
0.9668200000000001,0.9668200000000001,0.96686,0
0.9668100000000001,0.96683,0.96685,0
0.9668100000000001,0.9668399999999999,0.96685,0
0.9668100000000001,0.96685,0.9668399999999999,0
0.9668100000000001,0.96686,0.96683,0
0.9668200000000001,0.96686,0.9668200000000001,0
0.96683,0.96686,0.9668100000000001,0
0.9668399999999999,0.96685,0.9668100000000001,0
0.96685,0.9668399999999999,0.9668,0
0.96685,0.96683,0.9668100000000001,0
0.96686,0.9668200000000001,0.9668100000000001,0
0.96686,0.9668100000000001,0.9668200000000001,0
0.96685,0.9668100000000001,0.96683,0
0.96685,0.9668,0.9668399999999999,0
0.9668399999999999,0.9668,0.96685,0
0.96683,0.9668100000000001,0.96685,0
0.9668200000000001,0.9668200000000001,0.96686,0
0.9668100000000001,0.96683,0.96685,0
0.9668,0.9668399999999999,0.96685,0
0.9668,0.9668399999999999,0.9668399999999999,0
0.9668,0.96685,0.96683,0
0.9668100000000001,0.96685,0.9668200000000001,0
0.9668200000000001,0.96685,0.9668100000000001,0
0.96683,0.96685,0.9668100000000001,0
0.9668399999999999,0.96685,0.9668,0
0.96685,0.9668399999999999,0.9668,0
0.96685,0.96683,0.9668100000000001,0
0.96685,0.9668200000000001,0.9668100000000001,0
0.96685,0.9668100000000001,0.9668200000000001,0
0.96685,0.9668,0.96683,0
0.9668399999999999,0.9668,0.9668399999999999,0
0.96683,0.9668,0.96685,0
0.9668200000000001,0.9668100000000001,0.96685,0
0.9668100000000001,0.9668200000000001,0.96685,0
0.9668100000000001,0.96683,0.96685,0
0.9668,0.9668399999999999,0.96685,0
0.9668,0.9668399999999999,0.9668399999999999,0
0.9668,0.96685,0.96683,0
0.9668100000000001,0.96685,0.9668200000000001,0
0.9668200000000001,0.96685,0.9668100000000001,0
0.96683,0.96685,0.9668,0
0.9668399999999999,0.9668399999999999,0.9668,0
0.96685,0.96683,0.9668,0
0.96685,0.9668200000000001,0.9668100000000001,0
0.96685,0.9668100000000001,0.9668100000000001,0
0.96685,0.9668,0.9668200000000001,0
0.9668399999999999,0.9668,0.96683,0
0.9668399999999999,0.9668,0.9668399999999999,0
0.96683,0.9668,0.96685,0
0.9668200000000001,0.9668100000000001,0.96685,0
0.9668100000000001,0.9668200000000001,0.96685,0
0.9668,0.96683,0.96685,0
0.9668,0.9668399999999999,0.9668399999999999,0
0.9668,0.9668399999999999,0.96683,0
0.9668,0.96685,0.9668200000000001,0
0.9668100000000001,0.96685,0.9668100000000001,0
0.9668200000000001,0.96685,0.9668,0
0.96683,0.9668399999999999,0.9668,0
0.9668399999999999,0.9668399999999999,0.9668,0
0.96685,0.96683,0.9668,0
0.96685,0.9668200000000001,0.9668100000000001,0
0.96685,0.9668100000000001,0.9668100000000001,0
0.96685,0.9668,0.9668200000000001,0
0.9668399999999999,0.9668,0.96683,0
0.96683,0.9668,0.9668399999999999,0
0.9668200000000001,0.9668,0.96685,0
0.9668100000000001,0.9668100000000001,0.96685,0
0.9668,0.9668200000000001,0.96685,0
0.9668,0.96683,0.9668399999999999,0
0.9668,0.9668399999999999,0.9668399999999999,0
0.9668,0.9668399999999999,0.96683,0
0.9668,0.96685,0.9668200000000001,0
0.9668100000000001,0.96685,0.9668100000000001,0
0.9668200000000001,0.96685,0.9668,0
0.96683,0.9668399999999999,0.9668,0
0.9668399999999999,0.96683,0.9668,0
0.96685,0.9668200000000001,0.9668,0
0.96685,0.9668100000000001,0.9668100000000001,0
0.96685,0.9668,0.9668200000000001,0
0.9668399999999999,0.9668,0.96683,0
0.9668399999999999,0.9667899999999999,0.9668399999999999,0
0.96683,0.9668,0.9668399999999999,0
0.9668200000000001,0.9668,0.96685,0
0.9668100000000001,0.9668100000000001,0.96685,0
0.9668,0.9668200000000001,0.96685,0
0.9668,0.96683,0.9668399999999999,0
0.9667899999999999,0.9668399999999999,0.96683,0
0.9668,0.9668399999999999,0.9668200000000001,0
0.9668,0.96685,0.9668100000000001,0
0.9668100000000001,0.96685,0.9668,0
0.9668200000000001,0.9668399999999999,0.9668,0
0.96683,0.9668399999999999,0.9667899999999999,0
0.9668399999999999,0.96683,0.9667899999999999,0
0.9668399999999999,0.9668200000000001,0.9668,0
0.96685,0.9668100000000001,0.9668100000000001,0
0.9668399999999999,0.9668,0.9668200000000001,0
0.9668399999999999,0.9667899999999999,0.96683,0
0.96683,0.9667899999999999,0.9668399999999999,0
0.9668200000000001,0.9668,0.9668399999999999,0
0.9668100000000001,0.9668,0.96685,0
0.9668,0.9668100000000001,0.96685,0
0.9668,0.9668200000000001,0.9668399999999999,0
0.9667899999999999,0.96683,0.9668399999999999,0
0.9667899999999999,0.9668399999999999,0.96683,0
0.9668,0.9668399999999999,0.9668200000000001,0
0.9668100000000001,0.96685,0.9668100000000001,0
0.9668200000000001,0.9668399999999999,0.9668,0
0.96683,0.9668399999999999,0.9667899999999999,0
0.96683,0.96683,0.9667899999999999,0
0.9668399999999999,0.9668200000000001,0.9667899999999999,0
0.9668399999999999,0.9668100000000001,0.9668,0
0.9668399999999999,0.9668,0.9668100000000001,0
0.9668399999999999,0.9668,0.9668200000000001,0
0.9668399999999999,0.9667899999999999,0.96683,0
0.96683,0.9667899999999999,0.9668399999999999,0
0.9668200000000001,0.9668,0.9668399999999999,0
0.9668100000000001,0.9668,0.9668399999999999,0
0.9668,0.9668100000000001,0.9668399999999999,0
0.9667899999999999,0.9668200000000001,0.9668399999999999,0
0.9667899999999999,0.96683,0.96683,0
0.9667899999999999,0.9668399999999999,0.9668200000000001,0
0.9668,0.9668399999999999,0.9668100000000001,0
0.9668100000000001,0.9668399999999999,0.9668,0
0.9668200000000001,0.9668399999999999,0.9668,0
0.96683,0.9668399999999999,0.9667899999999999,0
0.9668399999999999,0.96683,0.9667899999999999,0
0.9668399999999999,0.9668200000000001,0.9668,0
0.9668399999999999,0.9668100000000001,0.9668,0
0.9668399999999999,0.9668,0.9668100000000001,0
0.9668399999999999,0.9667899999999999,0.9668200000000001,0
0.96683,0.9667899999999999,0.96683,0
0.9668200000000001,0.9667899999999999,0.9668399999999999,0
0.9668100000000001,0.9668,0.9668399999999999,0
0.9668,0.9668100000000001,0.9668399999999999,0
0.9668,0.9668200000000001,0.9668399999999999,0
0.9667899999999999,0.96683,0.9668399999999999,0
0.9667899999999999,0.96683,0.96683,0
0.9667899999999999,0.9668399999999999,0.9668200000000001,0
0.9668,0.9668399999999999,0.9668100000000001,0
0.9668100000000001,0.9668399999999999,0.9668,0
0.9668200000000001,0.9668399999999999,0.9667899999999999,0
0.96683,0.96683,0.9667899999999999,0
0.9668399999999999,0.9668200000000001,0.9667899999999999,0
0.9668399999999999,0.9668100000000001,0.9668,0
0.9668399999999999,0.9668,0.9668,0
0.9668399999999999,0.9668,0.9668100000000001,0
0.9668399999999999,0.9667899999999999,0.9668200000000001,0
0.96683,0.9667899999999999,0.96683,0
0.9668200000000001,0.9667899999999999,0.9668399999999999,0
0.9668100000000001,0.9668,0.9668399999999999,0
0.9668,0.9668100000000001,0.9668399999999999,0
0.9667899999999999,0.9668200000000001,0.9668399999999999,0
0.9667899999999999,0.96683,0.96683,0
0.9667899999999999,0.96683,0.9668200000000001,0
0.9667899999999999,0.9668399999999999,0.9668100000000001,0
0.9668,0.9668399999999999,0.9668,0
0.9668100000000001,0.9668399999999999,0.9668,0
0.9668200000000001,0.9668399999999999,0.9667899999999999,0
0.96683,0.96683,0.9667899999999999,0
0.9668399999999999,0.9668200000000001,0.9667899999999999,0
0.9668399999999999,0.9668100000000001,0.9668,0
0.9668399999999999,0.9668,0.9668100000000001,0
0.9668399999999999,0.9667899999999999,0.9668200000000001,0
0.96683,0.9667899999999999,0.96683,0
0.9668200000000001,0.9667899999999999,0.96683,0
0.9668100000000001,0.9667899999999999,0.9668399999999999,0
0.9668,0.9668,0.9668399999999999,0
0.9668,0.9668100000000001,0.9668399999999999,0
0.9667899999999999,0.9668200000000001,0.9668399999999999,0
0.9667899999999999,0.96683,0.96683,0
0.9667899999999999,0.9668399999999999,0.9668200000000001,0
0.9668,0.9668399999999999,0.9668100000000001,0
0.9668,0.9668399999999999,0.9668,0
0.9668100000000001,0.9668399999999999,0.9667899999999999,0
0.9668200000000001,0.96683,0.9667899999999999,0
0.96683,0.9668200000000001,0.9667899999999999,0
0.9668399999999999,0.9668200000000001,0.9667899999999999,0
0.9668399999999999,0.9668100000000001,0.9668,0
0.9668399999999999,0.9668,0.9668100000000001,0
0.9668399999999999,0.9667899999999999,0.9668200000000001,0
0.96683,0.9667899999999999,0.96683,0
0.9668200000000001,0.9667899999999999,0.9668399999999999,0
0.9668100000000001,0.9667899999999999,0.9668399999999999,0
0.9668,0.9668,0.9668399999999999,0
0.9667899999999999,0.9668100000000001,0.9668399999999999,0
0.9667899999999999,0.9668200000000001,0.96683,0
0.9667899999999999,0.96683,0.96683,0
0.9667899999999999,0.9668399999999999,0.9668200000000001,0
0.9668,0.9668399999999999,0.9668100000000001,0
0.9668100000000001,0.9668399999999999,0.9668,0
0.9668200000000001,0.9668399999999999,0.9667899999999999,0
0.96683,0.96683,0.9667899999999999,0
0.96683,0.9668200000000001,0.9667899999999999,0
0.9668399999999999,0.9668100000000001,0.9667899999999999,0
0.9668399999999999,0.9668,0.9668,0
0.9668399999999999,0.9667899999999999,0.9668100000000001,0
0.96683,0.9667899999999999,0.9668200000000001,0
0.96683,0.9667899999999999,0.96683,0
0.9668200000000001,0.9667899999999999,0.9668399999999999,0
0.9668100000000001,0.9668,0.9668399999999999,0
0.9668,0.9668100000000001,0.9668399999999999,0
0.9667899999999999,0.9668200000000001,0.9668399999999999,0
0.9667899999999999,0.96683,0.96683,0
0.9667899999999999,0.96683,0.9668200000000001,0
0.9667899999999999,0.9668399999999999,0.9668100000000001,0
0.9668,0.9668399999999999,0.9668,0
0.9668100000000001,0.9668399999999999,0.9667899999999999,0
0.9668200000000001,0.96683,0.9667899999999999,0
0.96683,0.96683,0.9667899999999999,0
0.9668399999999999,0.9668200000000001,0.9667899999999999,0
0.9668399999999999,0.9668100000000001,0.9668,0
0.9668399999999999,0.9668,0.9668,0
0.9668399999999999,0.9667899999999999,0.9668100000000001,0
0.96683,0.9667899999999999,0.9668200000000001,0
0.9668200000000001,0.9667899999999999,0.96683,0
0.9668100000000001,0.9667899999999999,0.9668399999999999,0
0.9668,0.9668,0.9668399999999999,0
0.9668,0.9668100000000001,0.9668399999999999,0
0.9667899999999999,0.9668200000000001,0.9668399999999999,0
0.9667899999999999,0.96683,0.96683,0
0.9667899999999999,0.9668399999999999,0.9668200000000001,0
0.9667899999999999,0.9668399999999999,0.9668100000000001,0
0.9668,0.9668399999999999,0.9668,0
0.9668100000000001,0.9668399999999999,0.9667899999999999,0
0.9668200000000001,0.96683,0.9667899999999999,0
0.96683,0.9668200000000001,0.9667899999999999,0
0.9668399999999999,0.9668100000000001,0.9667899999999999,0
0.9668399999999999,0.9668,0.9668,0
0.9668399999999999,0.9668,0.9668100000000001,0
0.9668399999999999,0.9667899999999999,0.9668200000000001,0
0.96683,0.9667899999999999,0.96683,0
0.9668200000000001,0.9667899999999999,0.96683,0
0.9668100000000001,0.9667899999999999,0.9668399999999999,0
0.9668,0.9668,0.9668399999999999,0
0.9667899999999999,0.9668100000000001,0.9668399999999999,0
0.9667899999999999,0.9668200000000001,0.96683,0
0.9667899999999999,0.96683,0.96683,0
0.9667899999999999,0.9668399999999999,0.9668200000000001,0
0.9668,0.9668399999999999,0.9668100000000001,0
0.9668100000000001,0.9668399999999999,0.9668,0
0.9668200000000001,0.9668399999999999,0.9667899999999999,0
0.96683,0.96683,0.9667899999999999,0
0.96683,0.9668200000000001,0.9667899999999999,0
0.9668399999999999,0.9668100000000001,0.9667899999999999,0
0.9668399999999999,0.9668,0.9668,0
0.9668399999999999,0.9667899999999999,0.9668100000000001,0
0.96683,0.9667899999999999,0.9668200000000001,0
0.96683,0.9667899999999999,0.96683,0
0.9668200000000001,0.9667899999999999,0.9668399999999999,0
0.9668100000000001,0.9668,0.9668399999999999,0
0.9668,0.9668100000000001,0.9668399999999999,0
0.9667899999999999,0.9668200000000001,0.9668399999999999,0
0.9667899999999999,0.96683,0.96683,0
0.9667899999999999,0.96683,0.9668200000000001,0
0.9667899999999999,0.9668399999999999,0.9668100000000001,0
0.9668,0.9668399999999999,0.9668,0
0.9668100000000001,0.9668399999999999,0.9668,0
0.9668200000000001,0.9668399999999999,0.9667899999999999,0
0.96683,0.96683,0.9667899999999999,0
0.9668399999999999,0.9668200000000001,0.9667899999999999,0
0.9668399999999999,0.9668100000000001,0.9668,0
0.9668399999999999,0.9668,0.9668,0
0.9668399999999999,0.9667899999999999,0.9668100000000001,0
0.96683,0.9667899999999999,0.9668200000000001,0
0.9668200000000001,0.9667899999999999,0.96683,0
0.9668100000000001,0.9667899999999999,0.9668399999999999,0
0.9668,0.9668,0.9668399999999999,0
0.9668,0.9668100000000001,0.9668399999999999,0
0.9667899999999999,0.9668200000000001,0.9668399999999999,0
0.9667899999999999,0.96683,0.96683,0
0.9667899999999999,0.9668399999999999,0.9668200000000001,0
0.9668,0.9668399999999999,0.9668100000000001,0
0.9668,0.9668399999999999,0.9668,0
0.9668100000000001,0.9668399999999999,0.9667899999999999,0
0.9668200000000001,0.96683,0.9667899999999999,0
0.96683,0.96683,0.9667899999999999,0
0.9668399999999999,0.9668200000000001,0.9667899999999999,0
0.9668399999999999,0.9668100000000001,0.9668,0
0.9668399999999999,0.9668,0.9668100000000001,0
0.9668399999999999,0.9667899999999999,0.9668200000000001,0
0.96683,0.9667899999999999,0.96683,0
0.9668200000000001,0.9667899999999999,0.9668399999999999,0
0.9668100000000001,0.9668,0.9668399999999999,0
0.9668,0.9668,0.9668399999999999,0
0.9667899999999999,0.9668100000000001,0.9668399999999999,0
0.9667899999999999,0.9668200000000001,0.96683,0
0.9667899999999999,0.96683,0.96683,0
0.9667899999999999,0.9668399999999999,0.9668200000000001,0
0.9668,0.9668399999999999,0.9668100000000001,0
0.9668100000000001,0.9668399999999999,0.9668,0
0.9668200000000001,0.9668399999999999,0.9667899999999999,0
0.96683,0.96683,0.9667899999999999,0
0.9668399999999999,0.9668200000000001,0.9667899999999999,0
0.9668399999999999,0.9668100000000001,0.9668,0
0.9668399999999999,0.9668,0.9668,0
0.9668399999999999,0.9668,0.9668100000000001,0
0.9668399999999999,0.9667899999999999,0.9668200000000001,0
0.96683,0.9667899999999999,0.96683,0
0.9668200000000001,0.9667899999999999,0.9668399999999999,0
0.9668100000000001,0.9668,0.9668399999999999,0
0.9668,0.9668100000000001,0.9668399999999999,0
0.9667899999999999,0.9668200000000001,0.9668399999999999,0
0.9667899999999999,0.96683,0.96683,0
0.9667899999999999,0.9668399999999999,0.96683,0
0.9668,0.9668399999999999,0.9668200000000001,0
0.9668,0.9668399999999999,0.9668100000000001,0
0.9668100000000001,0.9668399999999999,0.9668,0
0.9668200000000001,0.9668399999999999,0.9667899999999999,0
0.96683,0.96683,0.9667899999999999,0
0.9668399999999999,0.9668200000000001,0.9667899999999999,0
0.9668399999999999,0.9668100000000001,0.9668,0
0.9668399999999999,0.9668,0.9668100000000001,0
0.9668399999999999,0.9668,0.9668200000000001,0
0.9668399999999999,0.9667899999999999,0.96683,0
0.96683,0.9667899999999999,0.9668399999999999,0
0.9668200000000001,0.9668,0.9668399999999999,0
0.9668100000000001,0.9668,0.9668399999999999,0
0.9668,0.9668100000000001,0.9668399999999999,0
0.9667899999999999,0.9668200000000001,0.9668399999999999,0
0.9667899999999999,0.96683,0.96683,0
0.9667899999999999,0.9668399999999999,0.9668200000000001,0
0.9668,0.9668399999999999,0.9668100000000001,0
0.9668100000000001,0.9668399999999999,0.9668,0
0.9668200000000001,0.9668399999999999,0.9668,0
0.96683,0.9668399999999999,0.9667899999999999,0
0.9668399999999999,0.96683,0.9667899999999999,0
0.9668399999999999,0.9668200000000001,0.9668,0
0.9668399999999999,0.9668100000000001,0.9668,0
0.9668399999999999,0.9668,0.9668100000000001,0
0.9668399999999999,0.9667899999999999,0.9668200000000001,0
0.96683,0.9667899999999999,0.96683,0
0.96683,0.9667899999999999,0.9668399999999999,0
0.9668200000000001,0.9668,0.9668399999999999,0
0.9668100000000001,0.9668100000000001,0.96685,0
0.9668,0.9668200000000001,0.9668399999999999,0
0.9667899999999999,0.96683,0.9668399999999999,0
0.9667899999999999,0.9668399999999999,0.96683,0
0.9668,0.9668399999999999,0.9668200000000001,0
0.9668,0.96685,0.9668100000000001,0
0.9668100000000001,0.96685,0.9668,0
0.9668200000000001,0.9668399999999999,0.9668,0
0.96683,0.9668399999999999,0.9667899999999999,0
0.9668399999999999,0.96683,0.9667899999999999,0
0.9668399999999999,0.9668200000000001,0.9668,0
0.96685,0.9668100000000001,0.9668100000000001,0
0.9668399999999999,0.9668,0.9668200000000001,0
0.9668399999999999,0.9667899999999999,0.96683,0
0.96683,0.9667899999999999,0.9668399999999999,0
0.9668200000000001,0.9668,0.9668399999999999,0
0.9668100000000001,0.9668,0.96685,0
0.9668,0.9668100000000001,0.96685,0
0.9668,0.9668200000000001,0.9668399999999999,0
0.9667899999999999,0.96683,0.9668399999999999,0
0.9667899999999999,0.9668399999999999,0.96683,0
0.9668,0.9668399999999999,0.9668200000000001,0
0.9668100000000001,0.96685,0.9668100000000001,0
0.9668200000000001,0.96685,0.9668,0
0.96683,0.9668399999999999,0.9668,0
0.9668399999999999,0.96683,0.9667899999999999,0
0.9668399999999999,0.96683,0.9668,0
0.96685,0.9668200000000001,0.9668,0
0.96685,0.9668100000000001,0.9668100000000001,0
0.96685,0.9668,0.9668200000000001,0
0.9668399999999999,0.9668,0.96683,0
0.96683,0.9668,0.9668399999999999,0
0.9668200000000001,0.9668,0.96685,0
0.9668100000000001,0.9668100000000001,0.96685,0
0.9668,0.9668200000000001,0.96685,0
0.9668,0.96683,0.9668399999999999,0
0.9668,0.9668399999999999,0.9668399999999999,0
0.9668,0.9668399999999999,0.96683,0
0.9668,0.96685,0.9668200000000001,0
0.9668100000000001,0.96685,0.9668100000000001,0
0.9668200000000001,0.96685,0.9668,0
0.96683,0.9668399999999999,0.9668,0
0.9668399999999999,0.96683,0.9668,0
0.96685,0.9668200000000001,0.9668,0
0.96685,0.9668100000000001,0.9668100000000001,0
0.96685,0.9668100000000001,0.9668200000000001,0
0.96685,0.9668,0.96683,0
0.9668399999999999,0.9668,0.9668399999999999,0
0.96683,0.9668,0.9668399999999999,0
0.9668200000000001,0.9668,0.96685,0
0.9668100000000001,0.9668100000000001,0.96685,0
0.9668,0.9668200000000001,0.96685,0
0.9668,0.96683,0.9668399999999999,0
0.9668,0.9668399999999999,0.9668399999999999,0
0.9668,0.96685,0.96683,0
0.9668100000000001,0.96685,0.9668200000000001,0
0.9668200000000001,0.96685,0.9668100000000001,0
0.96683,0.96685,0.9668,0
0.9668399999999999,0.9668399999999999,0.9668,0
0.9668399999999999,0.96683,0.9668,0
0.96685,0.9668200000000001,0.9668,0
0.96685,0.9668100000000001,0.9668100000000001,0
0.96685,0.9668100000000001,0.9668200000000001,0
0.96685,0.9668,0.96683,0
0.9668399999999999,0.9668,0.9668399999999999,0
0.96683,0.9668,0.96685,0
0.9668200000000001,0.9668100000000001,0.96685,0
0.9668100000000001,0.9668200000000001,0.96685,0
0.9668,0.96683,0.96685,0
0.9668,0.9668399999999999,0.9668399999999999,0
0.9668,0.9668399999999999,0.96683,0
0.9668,0.96685,0.96683,0
0.9668100000000001,0.96685,0.9668200000000001,0
0.9668200000000001,0.96685,0.9668100000000001,0
0.96683,0.96685,0.9668,0
0.9668399999999999,0.9668399999999999,0.9668,0
0.96685,0.96683,0.9668,0
0.96685,0.9668200000000001,0.9668100000000001,0
0.96685,0.9668100000000001,0.9668200000000001,0
0.96685,0.9668,0.96683,0
0.96685,0.9668,0.9668399999999999,0
0.9668399999999999,0.9668,0.9668399999999999,0
0.96683,0.9668,0.96685,0
0.9668200000000001,0.9668100000000001,0.96685,0
0.9668100000000001,0.9668200000000001,0.96685,0
0.9668,0.96683,0.96685,0
0.9668,0.9668399999999999,0.9668399999999999,0
0.9668,0.96685,0.96683,0
0.9668100000000001,0.96685,0.9668200000000001,0
0.9668200000000001,0.96685,0.9668100000000001,0
0.96683,0.96685,0.9668100000000001,0
0.9668399999999999,0.96685,0.9668,0
0.96685,0.9668399999999999,0.9668,0
0.96685,0.96683,0.9668100000000001,0
0.96685,0.9668200000000001,0.9668100000000001,0
0.96685,0.9668100000000001,0.9668200000000001,0
0.96685,0.9668100000000001,0.96683,0
0.9668399999999999,0.9668,0.9668399999999999,0
0.9668399999999999,0.9668,0.96685,0
0.96683,0.9668100000000001,0.96685,0
0.9668200000000001,0.9668200000000001,0.96686,0
0.9668100000000001,0.96683,0.96685,0
0.9668,0.9668399999999999,0.96685,0
0.9668,0.96685,0.9668399999999999,0
0.9668100000000001,0.96685,0.96683,0
0.9668100000000001,0.96686,0.9668200000000001,0
0.9668200000000001,0.96686,0.9668100000000001,0
0.96683,0.96685,0.9668100000000001,0
0.9668399999999999,0.96685,0.9668,0
0.96685,0.9668399999999999,0.9668,0
0.96686,0.96683,0.9668100000000001,0
0.96686,0.9668200000000001,0.9668200000000001,0
0.96686,0.9668100000000001,0.96683,0
0.96685,0.9668100000000001,0.9668399999999999,0
0.9668399999999999,0.9668,0.96685,0
0.9668399999999999,0.9668100000000001,0.96685,0
0.96683,0.9668100000000001,0.96686,0
0.9668200000000001,0.9668200000000001,0.96686,0
0.9668100000000001,0.96683,0.96686,0
0.9668100000000001,0.9668399999999999,0.96685,0
0.9668100000000001,0.96685,0.9668399999999999,0
0.9668100000000001,0.96686,0.96683,0
0.9668200000000001,0.96686,0.9668200000000001,0
0.96683,0.96686,0.9668100000000001,0
0.9668399999999999,0.96685,0.9668100000000001,0
0.96685,0.96685,0.9668100000000001,0
0.96685,0.9668399999999999,0.9668100000000001,0
0.96686,0.96683,0.9668100000000001,0
0.96686,0.9668200000000001,0.9668200000000001,0
0.96686,0.9668100000000001,0.96683,0
0.96685,0.9668100000000001,0.9668399999999999,0
0.9668399999999999,0.9668100000000001,0.96685,0
0.96683,0.9668100000000001,0.96686,0
0.9668200000000001,0.9668200000000001,0.96686,0
0.9668200000000001,0.96683,0.96686,0
0.9668100000000001,0.9668399999999999,0.96686,0
0.9668100000000001,0.96685,0.96685,0
0.9668100000000001,0.96685,0.9668399999999999,0
0.9668100000000001,0.96686,0.96683,0
0.9668200000000001,0.96686,0.9668200000000001,0
0.96683,0.96686,0.9668100000000001,0
0.9668399999999999,0.96685,0.9668100000000001,0
0.96685,0.96685,0.9668100000000001,0
0.96686,0.9668399999999999,0.9668100000000001,0
0.96686,0.96683,0.9668200000000001,0
0.96686,0.9668200000000001,0.96683,0
0.96686,0.9668100000000001,0.9668399999999999,0
0.96685,0.9668100000000001,0.96685,0
0.9668399999999999,0.9668100000000001,0.96686,0
0.96683,0.9668200000000001,0.96686,0
0.9668200000000001,0.9668200000000001,0.96686,0
0.9668200000000001,0.96683,0.96686,0
0.9668100000000001,0.9668399999999999,0.96686,0
0.9668100000000001,0.96685,0.96685,0
0.9668100000000001,0.96686,0.9668399999999999,0
0.9668200000000001,0.96686,0.96683,0
0.96683,0.96686,0.9668200000000001,0
0.9668399999999999,0.96686,0.9668100000000001,0
0.96685,0.96685,0.9668100000000001,0
0.96686,0.96685,0.9668100000000001,0
0.96686,0.9668399999999999,0.9668200000000001,0
0.96686,0.96683,0.9668200000000001,0
0.96686,0.9668200000000001,0.96683,0
0.96686,0.9668100000000001,0.9668399999999999,0
0.96685,0.9668100000000001,0.96685,0
0.9668399999999999,0.9668100000000001,0.96686,0
0.96683,0.9668200000000001,0.96686,0
0.9668200000000001,0.96683,0.96686,0
0.9668200000000001,0.9668399999999999,0.96686,0
0.9668100000000001,0.96685,0.96686,0
0.9668100000000001,0.96686,0.96685,0
0.9668200000000001,0.96686,0.9668399999999999,0
0.9668200000000001,0.9668700000000001,0.96683,0
0.96683,0.96686,0.9668200000000001,0
0.9668399999999999,0.96686,0.9668200000000001,0
0.96685,0.96685,0.9668100000000001,0
0.96686,0.96685,0.9668200000000001,0
0.9668700000000001,0.9668399999999999,0.9668200000000001,0
0.9668700000000001,0.96683,0.96683,0
0.96686,0.9668200000000001,0.9668399999999999,0
0.96686,0.9668100000000001,0.96685,0
0.96685,0.9668100000000001,0.96686,0
0.9668399999999999,0.9668200000000001,0.96686,0
0.96683,0.96683,0.9668700000000001,0
0.9668200000000001,0.96683,0.9668700000000001,0
0.9668200000000001,0.9668399999999999,0.96686,0
0.9668100000000001,0.96685,0.96686,0
0.9668200000000001,0.96686,0.96685,0
0.9668200000000001,0.9668700000000001,0.9668399999999999,0
0.96683,0.9668700000000001,0.96683,0
0.9668399999999999,0.9668700000000001,0.9668200000000001,0
0.96685,0.96686,0.9668200000000001,0
0.96686,0.96685,0.9668200000000001,0
0.9668700000000001,0.9668399999999999,0.9668200000000001,0
0.9668700000000001,0.96683,0.96683,0
0.9668700000000001,0.96683,0.9668399999999999,0
0.9668700000000001,0.9668200000000001,0.96685,0
0.96686,0.9668200000000001,0.96685,0
0.96685,0.9668200000000001,0.96686,0
0.9668399999999999,0.9668200000000001,0.9668700000000001,0
0.96683,0.96683,0.9668700000000001,0
0.9668200000000001,0.9668399999999999,0.9668700000000001,0
0.9668200000000001,0.96685,0.96686,0
0.9668200000000001,0.96686,0.96686,0
0.9668200000000001,0.9668700000000001,0.96685,0
0.96683,0.9668700000000001,0.9668399999999999,0
0.9668399999999999,0.9668700000000001,0.96683,0
0.96685,0.9668700000000001,0.9668200000000001,0
0.96686,0.96686,0.9668200000000001,0
0.96686,0.96685,0.9668200000000001,0
0.9668700000000001,0.9668399999999999,0.9668200000000001,0
0.9668700000000001,0.96683,0.96683,0
0.9668700000000001,0.96683,0.9668399999999999,0
0.9668700000000001,0.9668200000000001,0.96685,0
0.96686,0.9668200000000001,0.96686,0
0.96685,0.9668200000000001,0.9668700000000001,0
0.9668399999999999,0.96683,0.9668700000000001,0
0.96683,0.9668399999999999,0.9668700000000001,0
0.9668200000000001,0.96685,0.9668700000000001,0
0.9668200000000001,0.96686,0.96686,0
0.9668200000000001,0.96686,0.96686,0
0.9668200000000001,0.9668700000000001,0.96685,0
0.96683,0.9668700000000001,0.9668399999999999,0
0.9668399999999999,0.9668700000000001,0.96683,0
0.96685,0.9668700000000001,0.9668200000000001,0
0.96686,0.96686,0.9668200000000001,0
0.9668700000000001,0.96685,0.9668200000000001,0
0.9668700000000001,0.9668399999999999,0.96683,0
0.9668700000000001,0.96683,0.9668399999999999,0
0.9668700000000001,0.96683,0.96685,0
0.9668700000000001,0.9668200000000001,0.96686,0
0.96686,0.9668200000000001,0.9668700000000001,0
0.96685,0.96683,0.9668700000000001,0
0.9668399999999999,0.96683,0.9668700000000001,0
0.96683,0.9668399999999999,0.9668700000000001,0
0.9668200000000001,0.96685,0.9668700000000001,0
0.9668200000000001,0.96686,0.96686,0
0.9668200000000001,0.9668700000000001,0.96686,0
0.96683,0.9668700000000001,0.96685,0
0.9668399999999999,0.96688,0.9668399999999999,0
0.96685,0.9668700000000001,0.96683,0
0.96686,0.9668700000000001,0.9668200000000001,0
0.9668700000000001,0.96686,0.9668200000000001,0
0.9668700000000001,0.96685,0.96683,0
0.96688,0.9668399999999999,0.96683,0
0.96688,0.96683,0.9668399999999999,0
0.9668700000000001,0.96683,0.96685,0
0.9668700000000001,0.9668200000000001,0.96686,0
0.96686,0.96683,0.9668700000000001,0
0.96685,0.96683,0.96688,0
0.9668399999999999,0.9668399999999999,0.96688,0
0.96683,0.96685,0.96688,0
0.96683,0.96686,0.9668700000000001,0
0.9668200000000001,0.9668700000000001,0.96686,0
0.96683,0.9668700000000001,0.96685,0
0.96683,0.96688,0.96685,0
0.9668399999999999,0.96688,0.9668399999999999,0
0.96685,0.96688,0.96683,0
0.96686,0.9668700000000001,0.96683,0
0.9668700000000001,0.96686,0.96683,0
0.96688,0.96685,0.96683,0
0.96688,0.9668399999999999,0.9668399999999999,0
0.96688,0.96683,0.96685,0
0.9668700000000001,0.96683,0.96686,0
0.9668700000000001,0.96683,0.9668700000000001,0
0.96686,0.96683,0.9668700000000001,0
0.96685,0.96683,0.96688,0
0.9668399999999999,0.9668399999999999,0.96688,0
0.96683,0.96685,0.96688,0
0.96683,0.96686,0.9668700000000001,0
0.96683,0.9668700000000001,0.96686,0
0.96683,0.96688,0.96685,0
0.9668399999999999,0.96688,0.9668399999999999,0
0.96685,0.96688,0.9668399999999999,0
0.96686,0.96688,0.96683,0
0.9668700000000001,0.9668700000000001,0.96683,0
0.96688,0.96686,0.96683,0
0.96688,0.96685,0.9668399999999999,0
0.96688,0.9668399999999999,0.9668399999999999,0
0.96688,0.96683,0.96685,0
0.9668700000000001,0.96683,0.96686,0
0.9668700000000001,0.96683,0.9668700000000001,0
0.96686,0.96683,0.96688,0
0.96685,0.9668399999999999,0.96688,0
0.9668399999999999,0.96685,0.96688,0
0.96683,0.96686,0.96688,0
0.96683,0.9668700000000001,0.9668700000000001,0
0.96683,0.96688,0.96686,0
0.9668399999999999,0.96688,0.96685,0
0.9668399999999999,0.96688,0.9668399999999999,0
0.96685,0.96688,0.9668399999999999,0
0.96686,0.96688,0.96683,0
0.9668700000000001,0.9668700000000001,0.96683,0
0.96688,0.96686,0.96683,0
0.96688,0.96685,0.9668399999999999,0
0.96688,0.9668399999999999,0.96685,0
0.96688,0.96683,0.96686,0
0.9668700000000001,0.96683,0.9668700000000001,0
0.9668700000000001,0.96683,0.96688,0
0.96686,0.9668399999999999,0.96688,0
0.96685,0.96685,0.96688,0
0.9668399999999999,0.96685,0.96688,0
0.96683,0.96686,0.96688,0
0.96683,0.9668700000000001,0.9668700000000001,0
0.96683,0.96688,0.96686,0
0.9668399999999999,0.96688,0.96685,0
0.96685,0.9668899999999999,0.9668399999999999,0
0.96686,0.96688,0.9668399999999999,0
0.9668700000000001,0.96688,0.96683,0
0.96688,0.9668700000000001,0.96683,0
0.96688,0.96686,0.9668399999999999,0
0.9668899999999999,0.96685,0.96685,0
0.9668899999999999,0.9668399999999999,0.96686,0
0.96688,0.9668399999999999,0.9668700000000001,0
0.9668700000000001,0.96683,0.9668700000000001,0
0.96686,0.9668399999999999,0.96688,0
0.96686,0.9668399999999999,0.9668899999999999,0
0.96685,0.96685,0.9668899999999999,0
0.9668399999999999,0.96686,0.96688,0
0.9668399999999999,0.9668700000000001,0.96688,0
0.9668399999999999,0.96688,0.9668700000000001,0
0.9668399999999999,0.96688,0.96686,0
0.96685,0.9668899999999999,0.96685,0
0.96686,0.9668899999999999,0.9668399999999999,0
0.9668700000000001,0.96688,0.9668399999999999,0
0.96688,0.96688,0.9668399999999999,0
0.96688,0.9668700000000001,0.9668399999999999,0
0.9668899999999999,0.96686,0.9668399999999999,0
0.9668899999999999,0.96685,0.96685,0
0.9668899999999999,0.9668399999999999,0.96686,0
0.96688,0.9668399999999999,0.9668700000000001,0
0.9668700000000001,0.9668399999999999,0.96688,0
0.96686,0.9668399999999999,0.9668899999999999,0
0.96685,0.96685,0.9668899999999999,0
0.96685,0.96686,0.9668899999999999,0
0.9668399999999999,0.9668700000000001,0.9668899999999999,0
0.9668399999999999,0.96688,0.96688,0
0.9668399999999999,0.96688,0.9668700000000001,0
0.9668399999999999,0.9668899999999999,0.96686,0
0.96685,0.9668899999999999,0.96685,0
0.96686,0.9668899999999999,0.9668399999999999,0
0.9668700000000001,0.96688,0.9668399999999999,0
0.96688,0.96688,0.9668399999999999,0
0.9668899999999999,0.9668700000000001,0.9668399999999999,0
0.9668899999999999,0.96686,0.96685,0
0.9668899999999999,0.96685,0.96686,0
0.9668899999999999,0.9668399999999999,0.9668700000000001,0
0.96688,0.9668399999999999,0.96688,0
0.9668700000000001,0.9668399999999999,0.96688,0
0.96686,0.9668399999999999,0.9668899999999999,0
0.96685,0.96685,0.9668899999999999,0
0.96685,0.96686,0.9668899999999999,0
0.9668399999999999,0.9668700000000001,0.9668899999999999,0
0.9668399999999999,0.96688,0.96688,0
0.9668399999999999,0.9668899999999999,0.9668700000000001,0
0.96685,0.9668899999999999,0.96686,0
0.96686,0.9668899999999999,0.96685,0
0.9668700000000001,0.9668899999999999,0.9668399999999999,0
0.96688,0.96688,0.9668399999999999,0
0.96688,0.96688,0.9668399999999999,0
0.9668899999999999,0.9668700000000001,0.9668399999999999,0
0.9668899999999999,0.96686,0.96685,0
0.9668899999999999,0.96685,0.96686,0
0.9668899999999999,0.9668399999999999,0.9668700000000001,0
0.96688,0.9668399999999999,0.96688,0
0.9668700000000001,0.9668399999999999,0.9668899999999999,0
0.96686,0.96685,0.9668899999999999,0
0.96685,0.96686,0.9668899999999999,0
0.96685,0.9668700000000001,0.9668899999999999,0
0.9668399999999999,0.96688,0.9668899999999999,0
0.9668399999999999,0.9668899999999999,0.96688,0
0.96685,0.9668899999999999,0.9668700000000001,0
0.96685,0.9668899999999999,0.96686,0
0.96686,0.9668899999999999,0.96685,0
0.9668700000000001,0.9668899999999999,0.9668399999999999,0
0.96688,0.96688,0.9668399999999999,0
0.9668899999999999,0.9668700000000001,0.9668399999999999,0
0.9668899999999999,0.96686,0.96685,0
0.9668899999999999,0.96686,0.96686,0
0.9668899999999999,0.96685,0.9668700000000001,0
0.9668899999999999,0.9668399999999999,0.96688,0
0.96688,0.9668399999999999,0.9668899999999999,0
0.9668700000000001,0.96685,0.9668899999999999,0
0.96686,0.96685,0.9669,0
0.96685,0.96686,0.9669,0
0.96685,0.9668700000000001,0.9668899999999999,0
0.9668399999999999,0.96688,0.9668899999999999,0
0.9668399999999999,0.9668899999999999,0.96688,0
0.96685,0.9668899999999999,0.9668700000000001,0
0.96686,0.9669,0.96686,0
0.9668700000000001,0.9668899999999999,0.96685,0
0.96688,0.9668899999999999,0.96685,0
0.9668899999999999,0.96688,0.9668399999999999,0
0.9668899999999999,0.9668700000000001,0.96685,0
0.9669,0.96686,0.96685,0
0.9669,0.96685,0.96686,0
0.9668899999999999,0.96685,0.9668700000000001,0
0.9668899999999999,0.9668399999999999,0.96688,0
0.96688,0.96685,0.9668899999999999,0
0.9668700000000001,0.96685,0.9669,0
0.96686,0.96686,0.9669,0
0.96685,0.9668700000000001,0.9669,0
0.96685,0.96688,0.9668899999999999,0
0.96685,0.9668899999999999,0.96688,0
0.96685,0.9668899999999999,0.96688,0
0.96685,0.9669,0.9668700000000001,0
0.96686,0.9669,0.96686,0
0.9668700000000001,0.9669,0.96685,0
0.96688,0.9668899999999999,0.96685,0
0.9668899999999999,0.96688,0.96685,0
0.9669,0.9668700000000001,0.96685,0
0.9669,0.96686,0.96686,0
0.9669,0.96685,0.9668700000000001,0
0.9668899999999999,0.96685,0.96688,0
0.9668899999999999,0.96685,0.9668899999999999,0
0.96688,0.96685,0.9668899999999999,0
0.9668700000000001,0.96685,0.9669,0
0.96686,0.96686,0.9669,0
0.96685,0.9668700000000001,0.9669,0
0.96685,0.96688,0.9668899999999999,0
0.96685,0.9668899999999999,0.96688,0
0.96685,0.9669,0.9668700000000001,0
0.96686,0.9669,0.96686,0
0.9668700000000001,0.9669,0.96686,0
0.96688,0.9669,0.96685,0
0.9668899999999999,0.9668899999999999,0.96685,0
0.9668899999999999,0.96688,0.96685,0
0.9669,0.9668700000000001,0.96685,0
0.9669,0.96686,0.96686,0
0.9669,0.96685,0.9668700000000001,0
0.9668899999999999,0.96685,0.96688,0
0.9668899999999999,0.96685,0.9668899999999999,0
0.96688,0.96685,0.9669,0
0.9668700000000001,0.96686,0.9669,0
0.96686,0.9668700000000001,0.9669,0
0.96685,0.96688,0.9669,0
0.96685,0.9668899999999999,0.9668899999999999,0
0.96685,0.9668899999999999,0.96688,0
0.96685,0.9669,0.9668700000000001,0
0.96686,0.9669,0.96686,0
0.9668700000000001,0.9669,0.96686,0
0.96688,0.9669,0.96685,0
0.9668899999999999,0.9668899999999999,0.96685,0
0.9669,0.96688,0.96685,0
0.9669,0.9668700000000001,0.96686,0
0.9669,0.96686,0.9668700000000001,0
0.9669,0.96685,0.96688,0
0.9668899999999999,0.96685,0.9668899999999999,0
0.96688,0.96685,0.9669,0
0.9668700000000001,0.96686,0.9669,0
0.9668700000000001,0.96686,0.9669,0
0.96686,0.9668700000000001,0.9669,0
0.96685,0.96688,0.9669,0
0.96685,0.9668899999999999,0.9668899999999999,0
0.96685,0.9669,0.96688,0
0.96686,0.9669,0.9668700000000001,0
0.9668700000000001,0.9669,0.96686,0
0.96688,0.9669,0.96685,0
0.9668899999999999,0.9668899999999999,0.96685,0
0.9669,0.9668899999999999,0.96685,0
0.9669,0.96688,0.96686,0
0.9669,0.9668700000000001,0.96686,0
0.9669,0.96686,0.9668700000000001,0
0.9669,0.96685,0.96688,0
0.9668899999999999,0.96685,0.9668899999999999,0
0.96688,0.96685,0.9669,0
0.9668700000000001,0.96686,0.9669,0
0.96686,0.9668700000000001,0.9669,0
0.96686,0.96688,0.9669,0
0.96685,0.9668899999999999,0.9669,0
0.96685,0.9669,0.9668899999999999,0
0.96686,0.9669,0.96688,0
0.96686,0.9669,0.9668700000000001,0
0.9668700000000001,0.9669,0.96686,0
0.96688,0.9669,0.96685,0
0.9668899999999999,0.9668899999999999,0.96685,0
0.9669,0.96688,0.96685,0
0.9669,0.96688,0.96686,0
0.96691,0.9668700000000001,0.9668700000000001,0
0.9669,0.96686,0.96688,0
0.9669,0.96685,0.9668899999999999,0
0.9668899999999999,0.96685,0.9669,0
0.96688,0.96686,0.9669,0
0.9668700000000001,0.96686,0.96691,0
0.96686,0.9668700000000001,0.96691,0
0.96686,0.96688,0.9669,0
0.96685,0.9668899999999999,0.9669,0
0.96685,0.9669,0.9668899999999999,0
0.96686,0.9669,0.96688,0
0.9668700000000001,0.96691,0.9668700000000001,0
0.96688,0.9669,0.96686,0
0.9668899999999999,0.9669,0.96685,0
0.9669,0.9668899999999999,0.96685,0
0.9669,0.96688,0.96686,0
0.96691,0.9668700000000001,0.96686,0
0.96691,0.96686,0.9668700000000001,0
0.9669,0.96686,0.96688,0
0.9669,0.96685,0.9668899999999999,0
0.9668899999999999,0.96685,0.9669,0
0.96688,0.96686,0.9669,0
0.9668700000000001,0.9668700000000001,0.96691,0
0.96686,0.96688,0.96691,0
0.96686,0.9668899999999999,0.9669,0
0.96685,0.9669,0.9668899999999999,0
0.96686,0.9669,0.96688,0
0.96686,0.96691,0.9668700000000001,0
0.9668700000000001,0.96691,0.9668700000000001,0
0.96688,0.9669,0.96686,0
0.9668899999999999,0.9669,0.96686,0
0.9669,0.9668899999999999,0.96686,0
0.9669,0.96688,0.96686,0
0.96691,0.9668700000000001,0.9668700000000001,0
0.96691,0.96686,0.96688,0
0.9669,0.96686,0.9668899999999999,0
0.9669,0.96685,0.9669,0
0.9668899999999999,0.96686,0.9669,0
0.96688,0.96686,0.96691,0
0.9668700000000001,0.9668700000000001,0.96691,0
0.96686,0.96688,0.96691,0
0.96686,0.9668899999999999,0.9669,0
0.96686,0.9669,0.9668899999999999,0
0.96686,0.96691,0.96688,0
0.9668700000000001,0.96691,0.9668700000000001,0
0.96688,0.96691,0.96686,0
0.9668899999999999,0.9669,0.96686,0
0.9668899999999999,0.9669,0.96686,0
0.9669,0.9668899999999999,0.96686,0
0.96691,0.96688,0.96686,0
0.96691,0.9668700000000001,0.9668700000000001,0
0.96691,0.96686,0.96688,0
0.9669,0.96686,0.9668899999999999,0
0.9668899999999999,0.96686,0.9669,0
0.96688,0.96686,0.96691,0
0.9668700000000001,0.9668700000000001,0.96691,0
0.9668700000000001,0.96688,0.96691,0
0.96686,0.9668899999999999,0.9669,0
0.96686,0.9668899999999999,0.9669,0
0.96686,0.9669,0.9668899999999999,0
0.96686,0.96691,0.96688,0
0.9668700000000001,0.96691,0.9668700000000001,0
0.96688,0.96691,0.96686,0
0.9668899999999999,0.9669,0.96686,0
0.9669,0.9669,0.96686,0
0.96691,0.9668899999999999,0.96686,0
0.96691,0.96688,0.9668700000000001,0
0.96691,0.9668700000000001,0.9668700000000001,0
0.96691,0.96686,0.96688,0
0.9669,0.96686,0.9668899999999999,0
0.9668899999999999,0.96686,0.9669,0
0.96688,0.96686,0.96691,0
0.9668700000000001,0.9668700000000001,0.96691,0
0.96686,0.96688,0.96691,0
0.96686,0.9668899999999999,0.9669,0
0.96686,0.9669,0.9669,0
0.96686,0.9669,0.9668899999999999,0
0.9668700000000001,0.96691,0.96688,0
0.9668700000000001,0.96691,0.9668700000000001,0
0.96688,0.96691,0.96686,0
0.9668899999999999,0.9669,0.96686,0
0.9669,0.9668899999999999,0.96686,0
0.96691,0.96688,0.96686,0
0.96691,0.9668700000000001,0.9668700000000001,0
0.96691,0.9668700000000001,0.96688,0
0.9669,0.96686,0.9668899999999999,0
0.9669,0.96686,0.9669,0
0.9668899999999999,0.96686,0.9669,0
0.96688,0.96686,0.96691,0
0.9668700000000001,0.9668700000000001,0.96691,0
0.96686,0.96688,0.96691,0
0.96686,0.9668899999999999,0.9669,0
0.96686,0.9669,0.9668899999999999,0
0.96686,0.96691,0.96688,0
0.9668700000000001,0.96691,0.96688,0
0.96688,0.96691,0.9668700000000001,0
0.9668899999999999,0.96691,0.96686,0
0.9669,0.9669,0.96686,0
0.9669,0.9668899999999999,0.96686,0
0.96691,0.96688,0.96686,0
0.96691,0.9668700000000001,0.9668700000000001,0
0.96691,0.96686,0.96688,0
0.9669,0.96686,0.9668899999999999,0
0.9669,0.96686,0.9669,0
0.9668899999999999,0.96686,0.96691,0
0.96688,0.9668700000000001,0.96691,0
0.9668700000000001,0.96688,0.96691,0
0.96686,0.9668899999999999,0.96691,0
0.96686,0.9669,0.9669,0
0.96686,0.9669,0.9668899999999999,0
0.96686,0.96691,0.96688,0
0.9668700000000001,0.96691,0.9668700000000001,0
0.96688,0.96691,0.96686,0
0.9668899999999999,0.9669,0.96686,0
0.9669,0.9669,0.96686,0
0.96691,0.9668899999999999,0.96686,0
0.96691,0.96688,0.9668700000000001,0
0.96691,0.9668700000000001,0.96688,0
0.96691,0.96686,0.9668899999999999,0
0.9669,0.96686,0.9669,0
0.9668899999999999,0.96686,0.9669,0
0.96688,0.96686,0.96691,0
0.9668700000000001,0.9668700000000001,0.96691,0
0.9668700000000001,0.96688,0.96691,0
0.96686,0.9668899999999999,0.96691,0
0.96686,0.9669,0.9669,0
0.96686,0.96691,0.9668899999999999,0
0.9668700000000001,0.96691,0.96688,0
0.9668700000000001,0.96691,0.9668700000000001,0
0.96688,0.96691,0.96686,0
0.9668899999999999,0.9669,0.96686,0
0.9669,0.9668899999999999,0.96686,0
0.96691,0.96688,0.96686,0
0.96691,0.9668700000000001,0.9668700000000001,0
0.96691,0.9668700000000001,0.96688,0
0.96691,0.96686,0.9668899999999999,0
0.9669,0.96686,0.9669,0
0.9668899999999999,0.96686,0.96691,0
0.96688,0.9668700000000001,0.96691,0
0.9668700000000001,0.9668700000000001,0.96691,0
0.96686,0.96688,0.96691,0
0.96686,0.9668899999999999,0.9669,0
0.96686,0.9669,0.9669,0
0.96686,0.96691,0.9668899999999999,0
0.9668700000000001,0.96691,0.96688,0
0.96688,0.96691,0.9668700000000001,0
0.9668899999999999,0.96691,0.96686,0
0.9669,0.9669,0.96686,0
0.9669,0.9668899999999999,0.96686,0
0.96691,0.96688,0.96686,0
0.96691,0.9668700000000001,0.9668700000000001,0
0.96691,0.96686,0.96688,0
0.9669,0.96686,0.9668899999999999,0
0.9669,0.96686,0.9669,0
0.9668899999999999,0.96686,0.96691,0
0.96688,0.9668700000000001,0.96691,0
0.9668700000000001,0.96688,0.96691,0
0.96686,0.9668899999999999,0.96691,0
0.96686,0.9669,0.9669,0
0.96686,0.9669,0.9668899999999999,0
0.96686,0.96691,0.96688,0
0.9668700000000001,0.96691,0.9668700000000001,0
0.96688,0.96691,0.96686,0
0.9668899999999999,0.9669,0.96686,0
0.9669,0.9669,0.96686,0
0.96691,0.9668899999999999,0.96686,0
0.96691,0.96688,0.9668700000000001,0
0.96691,0.9668700000000001,0.96688,0
0.96691,0.96686,0.9668899999999999,0
0.9669,0.96686,0.9669,0
0.9668899999999999,0.96686,0.9669,0
0.96688,0.96686,0.96691,0
0.9668700000000001,0.9668700000000001,0.96691,0
0.9668700000000001,0.96688,0.96691,0
0.96686,0.9668899999999999,0.96691,0
0.96686,0.9669,0.9669,0
0.96686,0.96691,0.9668899999999999,0
0.9668700000000001,0.96691,0.96688,0
0.9668700000000001,0.96691,0.9668700000000001,0
0.96688,0.96691,0.96686,0
0.9668899999999999,0.9669,0.96686,0
0.9669,0.9668899999999999,0.96686,0
0.96691,0.96688,0.96686,0
0.96691,0.9668700000000001,0.9668700000000001,0
0.96691,0.9668700000000001,0.96688,0
0.96691,0.96686,0.9668899999999999,0
0.9669,0.96686,0.9669,0
0.9668899999999999,0.96686,0.96691,0
0.96688,0.9668700000000001,0.96691,0
0.9668700000000001,0.9668700000000001,0.96691,0
0.96686,0.96688,0.96691,0
0.96686,0.9668899999999999,0.9669,0
0.96686,0.9669,0.9668899999999999,0
0.96686,0.96691,0.9668899999999999,0
0.9668700000000001,0.96691,0.96688,0
0.96688,0.96691,0.9668700000000001,0
0.9668899999999999,0.96691,0.96686,0
0.9669,0.9669,0.96686,0
0.9669,0.9668899999999999,0.96686,0
0.96691,0.96688,0.96686,0
0.96691,0.9668700000000001,0.9668700000000001,0
0.96691,0.96686,0.96688,0
0.9669,0.96686,0.9668899999999999,0
0.9669,0.96686,0.9669,0
0.9668899999999999,0.96686,0.96691,0
0.96688,0.9668700000000001,0.96691,0
0.9668700000000001,0.96688,0.96691,0
0.96686,0.9668899999999999,0.96691,0
0.96686,0.9669,0.9669,0
0.96686,0.9669,0.9668899999999999,0
0.96686,0.96691,0.96688,0
0.9668700000000001,0.96691,0.9668700000000001,0
0.96688,0.96691,0.96686,0
0.9668899999999999,0.9669,0.96686,0
0.9669,0.9669,0.96686,0
0.96691,0.9668899999999999,0.96686,0
0.96691,0.96688,0.9668700000000001,0
0.96691,0.9668700000000001,0.9668700000000001,0
0.96691,0.96686,0.96688,0
0.9669,0.96686,0.9668899999999999,0
0.9668899999999999,0.96686,0.9669,0
0.96688,0.96686,0.96691,0
0.9668700000000001,0.9668700000000001,0.96691,0
0.96686,0.96688,0.96691,0
0.96686,0.9668899999999999,0.9669,0
0.96686,0.9669,0.9669,0
0.96686,0.9669,0.9668899999999999,0
0.96686,0.96691,0.96688,0
0.9668700000000001,0.96691,0.9668700000000001,0
0.96688,0.96691,0.96686,0
0.9668899999999999,0.9669,0.96686,0
0.9669,0.9668899999999999,0.96686,0
0.96691,0.96688,0.96686,0
0.96691,0.9668700000000001,0.9668700000000001,0
0.96691,0.96686,0.96688,0
0.9669,0.96686,0.9668899999999999,0
0.9669,0.96686,0.9669,0
0.9668899999999999,0.96686,0.9669,0
0.96688,0.96686,0.96691,0
0.9668700000000001,0.9668700000000001,0.96691,0
0.96686,0.96688,0.96691,0
0.96686,0.9668899999999999,0.9669,0
0.96686,0.9669,0.9668899999999999,0
0.96686,0.96691,0.96688,0
0.9668700000000001,0.96691,0.9668700000000001,0
0.96688,0.96691,0.96686,0
0.9668899999999999,0.9669,0.96686,0
0.9668899999999999,0.9669,0.96686,0
0.9669,0.9668899999999999,0.96686,0
0.96691,0.96688,0.96686,0
0.96691,0.9668700000000001,0.9668700000000001,0
0.96691,0.96686,0.96688,0
0.9669,0.96686,0.9668899999999999,0
0.9668899999999999,0.96686,0.9669,0
0.96688,0.96686,0.9669,0
0.9668700000000001,0.96686,0.96691,0
0.96686,0.9668700000000001,0.96691,0
0.96686,0.96688,0.9669,0
0.96686,0.9668899999999999,0.9669,0
0.96686,0.9669,0.9668899999999999,0
0.96686,0.96691,0.96688,0
0.9668700000000001,0.96691,0.9668700000000001,0
0.96688,0.96691,0.96686,0
0.9668899999999999,0.9669,0.96686,0
0.9669,0.9668899999999999,0.96685,0
0.9669,0.96688,0.96686,0
0.96691,0.9668700000000001,0.96686,0
0.96691,0.9668700000000001,0.9668700000000001,0
0.9669,0.96686,0.96688,0
0.9669,0.96685,0.9668899999999999,0
0.9668899999999999,0.96685,0.9669,0
0.96688,0.96686,0.9669,0
0.9668700000000001,0.9668700000000001,0.96691,0
0.96686,0.96688,0.96691,0
0.96686,0.9668899999999999,0.9669,0
0.96685,0.9668899999999999,0.9668899999999999,0
0.96686,0.9669,0.96688,0
0.96686,0.96691,0.9668700000000001,0
0.9668700000000001,0.96691,0.9668700000000001,0
0.96688,0.9669,0.96686,0
0.9668899999999999,0.9669,0.96685,0
0.9669,0.9668899999999999,0.96685,0
0.9669,0.96688,0.96686,0
0.96691,0.9668700000000001,0.96686,0
0.9669,0.96686,0.9668700000000001,0
0.9669,0.96686,0.96688,0
0.9668899999999999,0.96685,0.9668899999999999,0
0.96688,0.96685,0.9669,0
0.9668700000000001,0.96686,0.9669,0
0.9668700000000001,0.9668700000000001,0.96691,0
0.96686,0.96688,0.9669,0
0.96685,0.9668899999999999,0.9669,0
0.96685,0.9669,0.9668899999999999,0
0.96686,0.9669,0.96688,0
0.96686,0.9669,0.9668700000000001,0
0.9668700000000001,0.9669,0.96686,0
0.96688,0.9669,0.96686,0
0.9668899999999999,0.9668899999999999,0.96685,0
0.9669,0.9668899999999999,0.96685,0
0.9669,0.96688,0.96686,0
0.9669,0.9668700000000001,0.9668700000000001,0
0.9669,0.96686,0.96688,0
0.9669,0.96685,0.9668899999999999,0
0.9668899999999999,0.96685,0.9668899999999999,0
0.96688,0.96685,0.9669,0
0.9668700000000001,0.96686,0.9669,0
0.96686,0.9668700000000001,0.9669,0
0.96685,0.96688,0.9669,0
0.96685,0.9668899999999999,0.9668899999999999,0
0.96685,0.9669,0.9668899999999999,0
0.96686,0.9669,0.96688,0
0.96686,0.9669,0.9668700000000001,0
0.9668700000000001,0.9669,0.96686,0
0.96688,0.9669,0.96685,0
0.9668899999999999,0.9668899999999999,0.96685,0
0.9669,0.96688,0.96685,0
0.9669,0.9668700000000001,0.96686,0
0.9669,0.96686,0.9668700000000001,0
0.9669,0.96685,0.96688,0
0.9668899999999999,0.96685,0.9668899999999999,0
0.9668899999999999,0.96685,0.9669,0
0.96688,0.96686,0.9669,0
0.9668700000000001,0.96686,0.9669,0
0.96686,0.9668700000000001,0.9669,0
0.96685,0.96688,0.9669,0
0.96685,0.9668899999999999,0.9668899999999999,0
0.96685,0.9669,0.96688,0
0.96686,0.9669,0.9668700000000001,0
0.9668700000000001,0.9669,0.96686,0
0.96688,0.9669,0.96685,0
0.9668899999999999,0.9668899999999999,0.96685,0
0.9668899999999999,0.9668899999999999,0.96685,0
0.9669,0.96688,0.96685,0
0.9669,0.9668700000000001,0.96686,0
0.9669,0.96686,0.9668700000000001,0
0.9669,0.96685,0.96688,0
0.9668899999999999,0.96685,0.9668899999999999,0
0.96688,0.96685,0.9669,0
0.9668700000000001,0.96686,0.9669,0
0.96686,0.96686,0.9669,0
0.96685,0.9668700000000001,0.9669,0
0.96685,0.96688,0.9668899999999999,0
0.96685,0.9668899999999999,0.9668899999999999,0
0.96685,0.9669,0.96688,0
0.96686,0.9669,0.9668700000000001,0
0.9668700000000001,0.9669,0.96686,0
0.96688,0.9669,0.96685,0
0.9668899999999999,0.9668899999999999,0.96685,0
0.9668899999999999,0.96688,0.96685,0
0.9669,0.9668700000000001,0.96685,0
0.9669,0.96686,0.96686,0
0.9669,0.96685,0.9668700000000001,0
0.9668899999999999,0.96685,0.96688,0
0.9668899999999999,0.96685,0.9668899999999999,0
0.96688,0.96685,0.9669,0
0.9668700000000001,0.96686,0.9669,0
0.96686,0.9668700000000001,0.9669,0
0.96685,0.96688,0.9669,0
0.96685,0.96688,0.9668899999999999,0
0.96685,0.9668899999999999,0.96688,0
0.96685,0.9669,0.9668700000000001,0
0.96686,0.9669,0.96686,0
0.9668700000000001,0.9669,0.96685,0
0.96688,0.9668899999999999,0.96685,0
0.9668899999999999,0.9668899999999999,0.96685,0
0.9668899999999999,0.96688,0.96685,0
0.9669,0.9668700000000001,0.96685,0
0.9669,0.96686,0.96686,0
0.9669,0.96685,0.9668700000000001,0
0.9668899999999999,0.96685,0.96688,0
0.96688,0.96685,0.9668899999999999,0
0.9668700000000001,0.96685,0.9669,0
0.96686,0.96686,0.9669,0
0.96685,0.9668700000000001,0.9669,0
0.96685,0.96688,0.9668899999999999,0
0.96685,0.9668899999999999,0.9668899999999999,0
0.96685,0.9668899999999999,0.96688,0
0.96685,0.9669,0.9668700000000001,0
0.96686,0.9669,0.96686,0
0.9668700000000001,0.9668899999999999,0.96685,0
0.96688,0.9668899999999999,0.96685,0
0.9668899999999999,0.96688,0.9668399999999999,0
0.9668899999999999,0.9668700000000001,0.96685,0
0.9669,0.96686,0.96686,0
0.9669,0.96685,0.96686,0
0.9668899999999999,0.96685,0.9668700000000001,0
0.96688,0.9668399999999999,0.96688,0
0.96688,0.96685,0.9668899999999999,0
0.9668700000000001,0.96685,0.9669,0
0.96686,0.96686,0.9669,0
0.96685,0.9668700000000001,0.9668899999999999,0
0.9668399999999999,0.96688,0.9668899999999999,0
0.9668399999999999,0.9668899999999999,0.96688,0
0.96685,0.9668899999999999,0.9668700000000001,0
0.96685,0.9669,0.96686,0
0.96686,0.9669,0.96685,0
0.9668700000000001,0.9668899999999999,0.96685,0
0.96688,0.96688,0.9668399999999999,0
0.9668899999999999,0.96688,0.9668399999999999,0
0.9668899999999999,0.9668700000000001,0.96685,0
0.9669,0.96686,0.96686,0
0.9668899999999999,0.96685,0.9668700000000001,0
0.9668899999999999,0.9668399999999999,0.96688,0
0.96688,0.9668399999999999,0.96688,0
0.9668700000000001,0.96685,0.9668899999999999,0
0.96686,0.96685,0.9668899999999999,0
0.96685,0.96686,0.9668899999999999,0
0.96685,0.9668700000000001,0.9668899999999999,0
0.9668399999999999,0.96688,0.96688,0
0.9668399999999999,0.9668899999999999,0.96688,0
0.96685,0.9668899999999999,0.9668700000000001,0
0.96685,0.9668899999999999,0.96686,0
0.96686,0.9668899999999999,0.96685,0
0.9668700000000001,0.9668899999999999,0.9668399999999999,0
0.96688,0.96688,0.9668399999999999,0
0.9668899999999999,0.9668700000000001,0.9668399999999999,0
0.9668899999999999,0.96686,0.96685,0
0.9668899999999999,0.96685,0.96686,0
0.9668899999999999,0.9668399999999999,0.9668700000000001,0
0.96688,0.9668399999999999,0.96688,0
0.96688,0.9668399999999999,0.9668899999999999,0
0.9668700000000001,0.9668399999999999,0.9668899999999999,0
0.96686,0.96685,0.9668899999999999,0
0.96685,0.96686,0.9668899999999999,0
0.9668399999999999,0.9668700000000001,0.9668899999999999,0
0.9668399999999999,0.96688,0.96688,0
0.9668399999999999,0.9668899999999999,0.9668700000000001,0
0.96685,0.9668899999999999,0.96686,0
0.96686,0.9668899999999999,0.96685,0
0.9668700000000001,0.9668899999999999,0.9668399999999999,0
0.9668700000000001,0.96688,0.9668399999999999,0
0.96688,0.96688,0.9668399999999999,0
0.9668899999999999,0.9668700000000001,0.9668399999999999,0
0.9668899999999999,0.96686,0.96685,0
0.9668899999999999,0.96685,0.96686,0
0.9668899999999999,0.9668399999999999,0.9668700000000001,0
0.96688,0.9668399999999999,0.96688,0
0.9668700000000001,0.9668399999999999,0.9668899999999999,0
0.96686,0.96685,0.9668899999999999,0
0.96685,0.96685,0.9668899999999999,0
0.9668399999999999,0.96686,0.9668899999999999,0
0.9668399999999999,0.9668700000000001,0.96688,0
0.9668399999999999,0.96688,0.9668700000000001,0
0.9668399999999999,0.9668899999999999,0.9668700000000001,0
0.96685,0.9668899999999999,0.96686,0
0.96686,0.9668899999999999,0.96685,0
0.9668700000000001,0.9668899999999999,0.9668399999999999,0
0.96688,0.96688,0.9668399999999999,0
0.96688,0.9668700000000001,0.9668399999999999,0
0.9668899999999999,0.96686,0.9668399999999999,0
0.9668899999999999,0.96685,0.96685,0
0.9668899999999999,0.9668399999999999,0.96686,0
0.96688,0.9668399999999999,0.9668700000000001,0
0.9668700000000001,0.9668399999999999,0.96688,0
0.9668700000000001,0.9668399999999999,0.9668899999999999,0
0.96686,0.96685,0.9668899999999999,0
0.96685,0.96685,0.9668899999999999,0
0.9668399999999999,0.96686,0.96688,0
0.9668399999999999,0.9668700000000001,0.96688,0
0.9668399999999999,0.96688,0.9668700000000001,0
0.9668399999999999,0.9668899999999999,0.96686,0
0.96685,0.9668899999999999,0.96685,0
0.96686,0.9668899999999999,0.9668399999999999,0
0.9668700000000001,0.96688,0.9668399999999999,0
0.96688,0.9668700000000001,0.96683,0
0.96688,0.96686,0.9668399999999999,0
0.9668899999999999,0.96685,0.9668399999999999,0
0.9668899999999999,0.96685,0.96685,0
0.96688,0.9668399999999999,0.96686,0
0.96688,0.96683,0.9668700000000001,0
0.9668700000000001,0.96683,0.96688,0
0.96686,0.9668399999999999,0.96688,0
0.96685,0.96685,0.9668899999999999,0
0.9668399999999999,0.96686,0.9668899999999999,0
0.9668399999999999,0.9668700000000001,0.96688,0
0.96683,0.9668700000000001,0.9668700000000001,0
0.9668399999999999,0.96688,0.96686,0
0.9668399999999999,0.9668899999999999,0.96685,0
0.96685,0.9668899999999999,0.96685,0
0.96686,0.96688,0.9668399999999999,0
0.9668700000000001,0.96688,0.96683,0
0.96688,0.9668700000000001,0.96683,0
0.96688,0.96686,0.9668399999999999,0
0.9668899999999999,0.96685,0.9668399999999999,0
0.96688,0.9668399999999999,0.96685,0
0.96688,0.96683,0.96686,0
0.9668700000000001,0.96683,0.9668700000000001,0
0.96686,0.96683,0.96688,0
0.96685,0.9668399999999999,0.96688,0
0.9668399999999999,0.96685,0.96688,0
0.9668399999999999,0.96686,0.96688,0
0.96683,0.9668700000000001,0.96688,0
0.96683,0.9668700000000001,0.9668700000000001,0
0.96683,0.96688,0.96686,0
0.9668399999999999,0.96688,0.96685,0
0.96685,0.96688,0.9668399999999999,0
0.96686,0.96688,0.96683,0
0.9668700000000001,0.9668700000000001,0.96683,0
0.96688,0.96686,0.96683,0
0.96688,0.96685,0.9668399999999999,0
0.96688,0.9668399999999999,0.9668399999999999,0
0.96688,0.9668399999999999,0.96685,0
0.96688,0.96683,0.96686,0
0.9668700000000001,0.96683,0.9668700000000001,0
0.96686,0.96683,0.96688,0
0.96685,0.9668399999999999,0.96688,0
0.9668399999999999,0.96685,0.96688,0
0.96683,0.96686,0.96688,0
0.96683,0.9668700000000001,0.9668700000000001,0
0.96683,0.96688,0.96686,0
0.96683,0.96688,0.96685,0
0.9668399999999999,0.96688,0.9668399999999999,0
0.96685,0.96688,0.9668399999999999,0
0.96686,0.96688,0.96683,0
0.9668700000000001,0.9668700000000001,0.96683,0
0.96688,0.96686,0.96683,0
0.96688,0.96685,0.9668399999999999,0
0.96688,0.9668399999999999,0.96685,0
0.96688,0.96683,0.96686,0
0.9668700000000001,0.96683,0.9668700000000001,0
0.96686,0.96683,0.9668700000000001,0
0.96685,0.96683,0.96688,0
0.9668399999999999,0.9668399999999999,0.96688,0
0.9668399999999999,0.96685,0.96688,0
0.96683,0.96686,0.96688,0
0.96683,0.9668700000000001,0.9668700000000001,0
0.96683,0.96688,0.96686,0
0.96683,0.96688,0.96685,0
0.9668399999999999,0.96688,0.9668399999999999,0
0.96685,0.96688,0.96683,0
0.96686,0.9668700000000001,0.96683,0
0.9668700000000001,0.96686,0.96683,0
0.96688,0.96685,0.96683,0
0.96688,0.9668399999999999,0.9668399999999999,0
0.96688,0.96683,0.96685,0
0.9668700000000001,0.96683,0.96686,0
0.9668700000000001,0.96683,0.9668700000000001,0
0.96686,0.96683,0.9668700000000001,0
0.96685,0.96683,0.96688,0
0.9668399999999999,0.9668399999999999,0.96688,0
0.96683,0.96685,0.96688,0
0.96683,0.96686,0.9668700000000001,0
0.96683,0.9668700000000001,0.96686,0
0.96683,0.9668700000000001,0.96685,0
0.9668399999999999,0.96688,0.9668399999999999,0
0.9668399999999999,0.96688,0.96683,0
0.96685,0.9668700000000001,0.96683,0
0.96686,0.9668700000000001,0.9668200000000001,0
0.9668700000000001,0.96686,0.96683,0
0.96688,0.96685,0.96683,0
0.96688,0.9668399999999999,0.9668399999999999,0
0.96688,0.96683,0.96685,0
0.9668700000000001,0.96683,0.96686,0
0.96686,0.9668200000000001,0.9668700000000001,0
0.96685,0.96683,0.9668700000000001,0
0.9668399999999999,0.96683,0.96688,0
0.96683,0.9668399999999999,0.96688,0
0.96683,0.96685,0.9668700000000001,0
0.9668200000000001,0.96686,0.9668700000000001,0
0.9668200000000001,0.9668700000000001,0.96686,0
0.96683,0.9668700000000001,0.96685,0
0.9668399999999999,0.96688,0.9668399999999999,0
0.96685,0.9668700000000001,0.96683,0
0.96686,0.9668700000000001,0.9668200000000001,0
0.96686,0.96686,0.9668200000000001,0
0.9668700000000001,0.96685,0.9668200000000001,0
0.9668700000000001,0.9668399999999999,0.96683,0
0.96688,0.96683,0.9668399999999999,0
0.9668700000000001,0.96683,0.96685,0
0.9668700000000001,0.9668200000000001,0.96686,0
0.96686,0.9668200000000001,0.9668700000000001,0
0.96685,0.96683,0.9668700000000001,0
0.9668399999999999,0.96683,0.9668700000000001,0
0.96683,0.9668399999999999,0.9668700000000001,0
0.9668200000000001,0.96685,0.9668700000000001,0
0.9668200000000001,0.96686,0.96686,0
0.9668200000000001,0.9668700000000001,0.96685,0
0.96683,0.9668700000000001,0.9668399999999999,0
0.9668399999999999,0.9668700000000001,0.96683,0
0.96685,0.9668700000000001,0.96683,0
0.96686,0.9668700000000001,0.9668200000000001,0
0.96686,0.96686,0.9668200000000001,0
0.9668700000000001,0.96685,0.9668200000000001,0
0.9668700000000001,0.9668399999999999,0.96683,0
0.9668700000000001,0.96683,0.9668399999999999,0
0.9668700000000001,0.9668200000000001,0.96685,0
0.96686,0.9668200000000001,0.96686,0
0.96685,0.9668200000000001,0.9668700000000001,0
0.9668399999999999,0.96683,0.9668700000000001,0
0.96683,0.96683,0.9668700000000001,0
0.96683,0.9668399999999999,0.9668700000000001,0
0.9668200000000001,0.96685,0.9668700000000001,0
0.9668200000000001,0.96686,0.96686,0
0.9668200000000001,0.9668700000000001,0.96685,0
0.96683,0.9668700000000001,0.9668399999999999,0
0.9668399999999999,0.9668700000000001,0.96683,0
0.96685,0.9668700000000001,0.9668200000000001,0
0.96686,0.96686,0.9668200000000001,0
0.9668700000000001,0.96685,0.9668200000000001,0
0.9668700000000001,0.9668399999999999,0.9668200000000001,0
0.9668700000000001,0.96683,0.96683,0
0.9668700000000001,0.9668200000000001,0.9668399999999999,0
0.96686,0.9668200000000001,0.96685,0
0.96686,0.9668200000000001,0.96686,0
0.96685,0.9668200000000001,0.9668700000000001,0
0.9668399999999999,0.96683,0.9668700000000001,0
0.96683,0.9668399999999999,0.9668700000000001,0
0.9668200000000001,0.96685,0.9668700000000001,0
0.9668200000000001,0.96686,0.96686,0
0.9668200000000001,0.96686,0.96685,0
0.9668200000000001,0.9668700000000001,0.9668399999999999,0
0.96683,0.9668700000000001,0.96683,0
0.9668399999999999,0.9668700000000001,0.9668200000000001,0
0.96685,0.96686,0.9668200000000001,0
0.96686,0.96686,0.9668200000000001,0
0.9668700000000001,0.96685,0.9668200000000001,0
0.9668700000000001,0.9668399999999999,0.96683,0
0.9668700000000001,0.96683,0.96683,0
0.9668700000000001,0.9668200000000001,0.9668399999999999,0
0.96686,0.9668200000000001,0.96685,0
0.96685,0.9668200000000001,0.96686,0
0.9668399999999999,0.9668200000000001,0.9668700000000001,0
0.96683,0.96683,0.9668700000000001,0
0.9668200000000001,0.9668399999999999,0.9668700000000001,0
0.9668200000000001,0.96685,0.96686,0
0.9668200000000001,0.96686,0.96686,0
0.9668200000000001,0.96686,0.96685,0
0.9668200000000001,0.9668700000000001,0.9668399999999999,0
0.96683,0.9668700000000001,0.96683,0
0.9668399999999999,0.9668700000000001,0.9668200000000001,0
0.96685,0.96686,0.9668200000000001,0
0.96686,0.96685,0.9668200000000001,0
0.9668700000000001,0.9668399999999999,0.9668200000000001,0
0.9668700000000001,0.96683,0.96683,0
0.9668700000000001,0.9668200000000001,0.9668399999999999,0
0.96686,0.9668200000000001,0.9668399999999999,0
0.96686,0.9668100000000001,0.96685,0
0.96685,0.9668200000000001,0.96686,0
0.9668399999999999,0.9668200000000001,0.9668700000000001,0
0.96683,0.96683,0.9668700000000001,0
0.9668200000000001,0.9668399999999999,0.9668700000000001,0
0.9668200000000001,0.96685,0.96686,0
0.9668100000000001,0.96686,0.96685,0
0.9668200000000001,0.96686,0.9668399999999999,0
0.9668200000000001,0.9668700000000001,0.96683,0
0.96683,0.9668700000000001,0.9668200000000001,0
0.9668399999999999,0.96686,0.9668200000000001,0
0.96685,0.96686,0.9668100000000001,0
0.96686,0.96685,0.9668100000000001,0
0.96686,0.9668399999999999,0.9668200000000001,0
0.9668700000000001,0.96683,0.96683,0
0.96686,0.9668200000000001,0.9668399999999999,0
0.96686,0.9668100000000001,0.96685,0
0.96685,0.9668100000000001,0.96686,0
0.9668399999999999,0.9668200000000001,0.96686,0
0.96683,0.9668200000000001,0.9668700000000001,0
0.9668200000000001,0.96683,0.9668700000000001,0
0.9668200000000001,0.9668399999999999,0.96686,0
0.9668100000000001,0.96685,0.96686,0
0.9668100000000001,0.96686,0.96685,0
0.9668200000000001,0.96686,0.9668399999999999,0
0.9668200000000001,0.9668700000000001,0.96683,0
0.96683,0.96686,0.9668200000000001,0
0.9668399999999999,0.96686,0.9668100000000001,0
0.96685,0.96685,0.9668100000000001,0
0.96686,0.9668399999999999,0.9668100000000001,0
0.96686,0.96683,0.9668200000000001,0
0.96686,0.9668200000000001,0.96683,0
0.96686,0.9668200000000001,0.9668399999999999,0
0.96686,0.9668100000000001,0.96685,0
0.96685,0.9668100000000001,0.96686,0
0.9668399999999999,0.9668200000000001,0.96686,0
0.96683,0.9668200000000001,0.96686,0
0.9668200000000001,0.96683,0.96686,0
0.9668100000000001,0.9668399999999999,0.96686,0
0.9668100000000001,0.96685,0.96685,0
0.9668100000000001,0.96686,0.9668399999999999,0
0.9668200000000001,0.96686,0.96683,0
0.96683,0.96686,0.9668200000000001,0
0.9668399999999999,0.96686,0.9668200000000001,0
0.96685,0.96686,0.9668100000000001,0
0.96685,0.96685,0.9668100000000001,0
0.96686,0.9668399999999999,0.9668100000000001,0
0.96686,0.96683,0.9668200000000001,0
0.96686,0.9668200000000001,0.96683,0
0.96686,0.9668100000000001,0.9668399999999999,0
0.96685,0.9668100000000001,0.96685,0
0.9668399999999999,0.9668100000000001,0.96686,0
0.96683,0.9668200000000001,0.96686,0
0.9668200000000001,0.9668200000000001,0.96686,0
0.9668200000000001,0.96683,0.96686,0
0.9668100000000001,0.9668399999999999,0.96686,0
0.9668100000000001,0.96685,0.96685,0
0.9668100000000001,0.96686,0.9668399999999999,0
0.9668200000000001,0.96686,0.96683,0
0.96683,0.96686,0.9668200000000001,0
0.9668399999999999,0.96686,0.9668100000000001,0
0.96685,0.96685,0.9668100000000001,0
0.96685,0.9668399999999999,0.9668100000000001,0
0.96686,0.96683,0.9668100000000001,0
0.96686,0.9668200000000001,0.9668200000000001,0
0.96686,0.9668100000000001,0.96683,0
0.96685,0.9668100000000001,0.9668399999999999,0
0.96685,0.9668100000000001,0.96685,0
0.9668399999999999,0.9668100000000001,0.96686,0
0.96683,0.9668200000000001,0.96686,0
0.9668200000000001,0.96683,0.96686,0
0.9668100000000001,0.9668399999999999,0.96686,0
0.9668100000000001,0.96685,0.96685,0
0.9668100000000001,0.96685,0.9668399999999999,0
0.9668100000000001,0.96686,0.96683,0
0.9668200000000001,0.96686,0.9668200000000001,0
0.96683,0.96686,0.9668100000000001,0
0.9668399999999999,0.96685,0.9668100000000001,0
0.96685,0.96685,0.9668100000000001,0
0.96686,0.9668399999999999,0.9668100000000001,0
0.96686,0.96683,0.9668200000000001,0
0.96686,0.9668200000000001,0.9668200000000001,0
0.96686,0.9668100000000001,0.96683,0
0.96685,0.9668100000000001,0.9668399999999999,0
0.9668399999999999,0.9668100000000001,0.96685,0
0.96683,0.9668100000000001,0.96686,0
0.9668200000000001,0.9668200000000001,0.96686,0
0.9668100000000001,0.96683,0.96686,0
0.9668100000000001,0.9668399999999999,0.96685,0
0.9668100000000001,0.96685,0.96685,0
0.9668100000000001,0.96685,0.9668399999999999,0
0.9668100000000001,0.96686,0.96683,0
0.9668200000000001,0.96686,0.9668200000000001,0
0.96683,0.96686,0.9668100000000001,0
0.9668399999999999,0.96685,0.9668100000000001,0
0.96685,0.9668399999999999,0.9668100000000001,0
0.96686,0.96683,0.9668100000000001,0
0.96686,0.9668200000000001,0.9668200000000001,0
0.96686,0.9668100000000001,0.96683,0
0.96685,0.9668100000000001,0.9668399999999999,0
0.96685,0.9668100000000001,0.96685,0
0.9668399999999999,0.9668100000000001,0.96685,0
0.96683,0.9668100000000001,0.96686,0
0.9668200000000001,0.9668200000000001,0.96686,0
0.9668100000000001,0.96683,0.96686,0
0.9668100000000001,0.9668399999999999,0.96685,0
0.9668100000000001,0.96685,0.9668399999999999,0
0.9668100000000001,0.96685,0.96683,0
0.9668100000000001,0.96686,0.9668200000000001,0
0.9668200000000001,0.96686,0.9668100000000001,0
0.96683,0.96685,0.9668100000000001,0
0.9668399999999999,0.96685,0.9668,0
0.96685,0.9668399999999999,0.9668100000000001,0
0.96686,0.96683,0.9668100000000001,0
0.96686,0.9668200000000001,0.9668200000000001,0
0.96686,0.9668100000000001,0.96683,0
0.96685,0.9668100000000001,0.9668399999999999,0
0.9668399999999999,0.9668,0.96685,0
0.96683,0.9668100000000001,0.96685,0
0.9668200000000001,0.9668100000000001,0.96686,0
0.9668200000000001,0.9668200000000001,0.96686,0
0.9668100000000001,0.96683,0.96685,0
0.9668,0.9668399999999999,0.96685,0
0.9668,0.96685,0.9668399999999999,0
0.9668100000000001,0.96686,0.96683,0
0.9668200000000001,0.96686,0.9668200000000001,0
0.96683,0.96686,0.9668100000000001,0
0.9668399999999999,0.96685,0.9668100000000001,0
0.96685,0.9668399999999999,0.9668,0
0.96685,0.96683,0.9668100000000001,0
0.96686,0.9668200000000001,0.9668100000000001,0
0.96686,0.9668200000000001,0.9668200000000001,0
0.96685,0.9668100000000001,0.96683,0
0.96685,0.9668,0.9668399999999999,0
0.9668399999999999,0.9668,0.96685,0
0.96683,0.9668100000000001,0.96685,0
0.9668200000000001,0.9668100000000001,0.96686,0
0.9668100000000001,0.9668200000000001,0.96686,0
0.9668100000000001,0.96683,0.96685,0
0.9668,0.9668399999999999,0.9668399999999999,0
0.9668,0.96685,0.9668399999999999,0
0.9668100000000001,0.96686,0.96683,0
0.9668200000000001,0.96686,0.9668200000000001,0
0.96683,0.96685,0.9668100000000001,0
0.9668399999999999,0.96685,0.9668,0
0.96685,0.9668399999999999,0.9668,0
0.96685,0.96683,0.9668100000000001,0
0.96686,0.9668200000000001,0.9668100000000001,0
0.96686,0.9668100000000001,0.9668200000000001,0
0.96685,0.9668100000000001,0.96683,0
0.9668399999999999,0.9668,0.9668399999999999,0
0.9668399999999999,0.9668,0.96685,0
0.96683,0.9668100000000001,0.96685,0
0.9668200000000001,0.9668200000000001,0.96686,0
0.9668100000000001,0.96683,0.96685,0
0.9668,0.9668399999999999,0.96685,0
0.9668,0.96685,0.9668399999999999,0
0.9668100000000001,0.96685,0.96683,0
0.9668100000000001,0.96686,0.9668200000000001,0
0.9668200000000001,0.96686,0.9668100000000001,0
0.96683,0.96685,0.9668100000000001,0
0.9668399999999999,0.96685,0.9668,0
0.96685,0.9668399999999999,0.9668,0
0.96685,0.96683,0.9668100000000001,0
0.96686,0.9668200000000001,0.9668200000000001,0
0.96685,0.9668100000000001,0.96683,0
0.96685,0.9668,0.9668399999999999,0
0.9668399999999999,0.9668,0.9668399999999999,0
0.96683,0.9668,0.96685,0
0.9668200000000001,0.9668100000000001,0.96685,0
0.9668100000000001,0.9668200000000001,0.96685,0
0.9668100000000001,0.96683,0.96685,0
0.9668,0.9668399999999999,0.96685,0
0.9668,0.96685,0.9668399999999999,0
0.9668100000000001,0.96685,0.96683,0
0.9668100000000001,0.96685,0.9668200000000001,0
0.9668200000000001,0.96685,0.9668100000000001,0
0.96683,0.96685,0.9668,0
0.9668399999999999,0.9668399999999999,0.9668,0
0.96685,0.96683,0.9668,0
0.96685,0.9668200000000001,0.9668100000000001,0
0.96685,0.9668100000000001,0.9668200000000001,0
0.96685,0.9668100000000001,0.96683,0
0.96685,0.9668,0.9668399999999999,0
0.9668399999999999,0.9668,0.96685,0
0.96683,0.9668100000000001,0.96685,0
0.9668200000000001,0.9668100000000001,0.96685,0
0.9668100000000001,0.9668200000000001,0.96685,0
0.9668,0.96683,0.96685,0
0.9668,0.9668399999999999,0.9668399999999999,0
0.9668,0.96685,0.96683,0
0.9668100000000001,0.96685,0.9668200000000001,0
0.9668200000000001,0.96685,0.9668100000000001,0
0.96683,0.96685,0.9668100000000001,0
0.9668399999999999,0.96685,0.9668,0
0.9668399999999999,0.9668399999999999,0.9668,0
0.96685,0.96683,0.9668,0
0.96685,0.9668200000000001,0.9668100000000001,0
0.96685,0.9668100000000001,0.9668200000000001,0
0.96685,0.9668,0.96683,0
0.9668399999999999,0.9668,0.9668399999999999,0
0.96683,0.9668,0.96685,0
0.9668200000000001,0.9668100000000001,0.96685,0
0.9668100000000001,0.9668100000000001,0.96685,0
0.9668100000000001,0.9668200000000001,0.96685,0
0.9668,0.96683,0.96685,0
0.9668,0.9668399999999999,0.9668399999999999,0
0.9668,0.96685,0.96683,0
0.9668100000000001,0.96685,0.9668200000000001,0
0.9668200000000001,0.96685,0.9668100000000001,0
0.96683,0.96685,0.9668,0
0.9668399999999999,0.9668399999999999,0.9668,0
0.96685,0.9668399999999999,0.9668,0
0.96685,0.96683,0.9668100000000001,0
0.96685,0.9668200000000001,0.9668100000000001,0
0.96685,0.9668100000000001,0.9668200000000001,0
0.96685,0.9668,0.96683,0
0.9668399999999999,0.9668,0.9668399999999999,0
0.96683,0.9668,0.96685,0
0.9668200000000001,0.9668100000000001,0.96685,0
0.9668100000000001,0.9668200000000001,0.96685,0
0.9668,0.96683,0.96685,0
0.9668,0.9668399999999999,0.9668399999999999,0
0.9668,0.96685,0.9668399999999999,0
0.9668,0.96685,0.96683,0
0.9668100000000001,0.96685,0.9668200000000001,0
0.9668200000000001,0.96685,0.9668100000000001,0
0.96683,0.96685,0.9668,0
0.9668399999999999,0.9668399999999999,0.9668,0
0.96685,0.96683,0.9668,0
0.96685,0.9668200000000001,0.9668100000000001,0
0.96685,0.9668100000000001,0.9668200000000001,0
0.96685,0.9668,0.96683,0
0.96685,0.9668,0.9668399999999999,0
0.9668399999999999,0.9668,0.9668399999999999,0
0.96683,0.9668,0.96685,0
0.9668200000000001,0.9668100000000001,0.96685,0
0.9668100000000001,0.9668200000000001,0.96685,0
0.9668,0.96683,0.96685,0
0.9668,0.9668399999999999,0.9668399999999999,0
0.9668,0.96685,0.96683,0
0.9668100000000001,0.96685,0.9668200000000001,0
0.9668200000000001,0.96685,0.9668100000000001,0
0.96683,0.96685,0.9668100000000001,0
0.9668399999999999,0.96685,0.9668,0
0.9668399999999999,0.9668399999999999,0.9668,0
0.96685,0.96683,0.9668,0
0.96685,0.9668200000000001,0.9668100000000001,0
0.96685,0.9668100000000001,0.9668200000000001,0
0.96685,0.9668,0.96683,0
0.9668399999999999,0.9668,0.9668399999999999,0
0.96683,0.9668,0.96685,0
0.9668200000000001,0.9668100000000001,0.96685,0
0.9668100000000001,0.9668100000000001,0.96685,0
0.9668100000000001,0.9668200000000001,0.96685,0
0.9668,0.96683,0.96685,0
0.9668,0.9668399999999999,0.9668399999999999,0
0.9668,0.96685,0.96683,0
0.9668100000000001,0.96685,0.9668200000000001,0
0.9668200000000001,0.96685,0.9668100000000001,0
0.96683,0.96685,0.9668,0
0.9668399999999999,0.9668399999999999,0.9668,0
0.96685,0.96683,0.9668,0
0.96685,0.9668200000000001,0.9668100000000001,0
0.96685,0.9668200000000001,0.9668100000000001,0
0.96685,0.9668100000000001,0.9668200000000001,0
0.96685,0.9668,0.96683,0
0.9668399999999999,0.9668,0.9668399999999999,0
0.96683,0.9668,0.96685,0
0.9668200000000001,0.9668100000000001,0.96685,0
0.9668100000000001,0.9668200000000001,0.96685,0
0.9668,0.96683,0.96685,0
0.9668,0.9668399999999999,0.9668399999999999,0
0.9668,0.96685,0.9668399999999999,0
0.9668,0.96685,0.96683,0
0.9668100000000001,0.96685,0.9668200000000001,0
0.9668200000000001,0.96685,0.9668100000000001,0
0.96683,0.96685,0.9668,0
0.9668399999999999,0.9668399999999999,0.9668,0
0.96685,0.96683,0.9668,0
0.96685,0.9668200000000001,0.9668100000000001,0
0.96685,0.9668100000000001,0.9668200000000001,0
0.96685,0.9668,0.96683,0
0.96685,0.9668,0.9668399999999999,0
0.9668399999999999,0.9668,0.9668399999999999,0
0.96683,0.9668,0.96685,0
0.9668200000000001,0.9668100000000001,0.96685,0
0.9668100000000001,0.9668200000000001,0.96685,0
0.9668,0.96683,0.96685,0
0.9668,0.9668399999999999,0.9668399999999999,0
0.9668,0.96685,0.96683,0
0.9668100000000001,0.96685,0.9668200000000001,0
0.9668200000000001,0.96685,0.9668100000000001,0
0.96683,0.96685,0.9668100000000001,0
0.9668399999999999,0.96685,0.9668,0
0.9668399999999999,0.9668399999999999,0.9668,0
0.96685,0.96683,0.9668,0
0.96685,0.9668200000000001,0.9668100000000001,0
0.96685,0.9668100000000001,0.9668200000000001,0
0.96685,0.9668,0.96683,0
0.9668399999999999,0.9668,0.9668399999999999,0
0.96683,0.9668,0.96685,0
0.9668200000000001,0.9668100000000001,0.96685,0
0.9668100000000001,0.9668100000000001,0.96685,0
0.9668100000000001,0.9668200000000001,0.96685,0
0.9668,0.96683,0.96685,0
0.9668,0.9668399999999999,0.9668399999999999,0
0.9668,0.96685,0.96683,0
0.9668100000000001,0.96685,0.9668200000000001,0
0.9668200000000001,0.96685,0.9668100000000001,0
0.96683,0.96685,0.9668,0
0.9668399999999999,0.9668399999999999,0.9668,0
0.96685,0.9668399999999999,0.9668,0
0.96685,0.96683,0.9668100000000001,0
0.96685,0.9668200000000001,0.9668100000000001,0
0.96685,0.9668100000000001,0.9668200000000001,0
0.96685,0.9668,0.96683,0
0.9668399999999999,0.9668,0.9668399999999999,0
0.96683,0.9668,0.96685,0
0.9668200000000001,0.9668100000000001,0.96685,0
0.9668100000000001,0.9668200000000001,0.96685,0
0.9668100000000001,0.96683,0.96685,0
0.9668,0.9668399999999999,0.96685,0
0.9668,0.96685,0.9668399999999999,0
0.9668100000000001,0.96685,0.96683,0
0.9668100000000001,0.96685,0.9668200000000001,0
0.9668200000000001,0.96685,0.9668100000000001,0
0.96683,0.96685,0.9668,0
0.9668399999999999,0.9668399999999999,0.9668,0
0.96685,0.96683,0.9668,0
0.96685,0.9668200000000001,0.9668100000000001,0
0.96685,0.9668100000000001,0.9668200000000001,0
0.96685,0.9668100000000001,0.96683,0
0.96685,0.9668,0.9668399999999999,0
0.9668399999999999,0.9668,0.96685,0
0.96683,0.9668100000000001,0.96685,0
0.9668200000000001,0.9668100000000001,0.96685,0
0.9668100000000001,0.9668200000000001,0.96685,0
0.9668,0.96683,0.96685,0
0.9668,0.9668399999999999,0.9668399999999999,0
0.9668,0.96685,0.96683,0
0.9668100000000001,0.96685,0.9668200000000001,0
0.9668200000000001,0.96686,0.9668200000000001,0
0.96683,0.96685,0.9668100000000001,0
0.9668399999999999,0.96685,0.9668,0
0.96685,0.9668399999999999,0.9668,0
0.96685,0.96683,0.9668100000000001,0
0.96685,0.9668200000000001,0.9668100000000001,0
0.96685,0.9668100000000001,0.9668200000000001,0
0.96685,0.9668100000000001,0.96683,0
0.9668399999999999,0.9668,0.9668399999999999,0
0.9668399999999999,0.9668,0.96685,0
0.96683,0.9668100000000001,0.96685,0
0.9668200000000001,0.9668200000000001,0.96686,0
0.9668100000000001,0.96683,0.96685,0
0.9668,0.9668399999999999,0.96685,0
0.9668,0.9668399999999999,0.9668399999999999,0
0.9668100000000001,0.96685,0.96683,0
0.9668100000000001,0.96686,0.9668200000000001,0
0.9668200000000001,0.96686,0.9668100000000001,0
0.96683,0.96685,0.9668100000000001,0
0.9668399999999999,0.96685,0.9668,0
0.96685,0.9668399999999999,0.9668,0
0.96685,0.96683,0.9668100000000001,0
0.96686,0.9668200000000001,0.9668200000000001,0
0.96685,0.9668100000000001,0.96683,0
0.96685,0.9668,0.9668399999999999,0
0.9668399999999999,0.9668,0.9668399999999999,0
0.96683,0.9668100000000001,0.96685,0
0.9668200000000001,0.9668100000000001,0.96686,0
0.9668100000000001,0.9668200000000001,0.96686,0
0.9668100000000001,0.96683,0.96685,0
0.9668,0.9668399999999999,0.96685,0
0.9668,0.96685,0.9668399999999999,0
0.9668100000000001,0.96685,0.96683,0
0.9668200000000001,0.96686,0.9668200000000001,0
0.9668200000000001,0.96686,0.9668100000000001,0
0.96683,0.96685,0.9668100000000001,0
0.9668399999999999,0.9668399999999999,0.9668,0
0.96685,0.9668399999999999,0.9668100000000001,0
0.96686,0.96683,0.9668100000000001,0
0.96686,0.9668200000000001,0.9668200000000001,0
0.96685,0.9668100000000001,0.96683,0
0.96685,0.9668,0.9668399999999999,0
0.9668399999999999,0.9668,0.96685,0
0.96683,0.9668100000000001,0.96685,0
0.9668200000000001,0.9668100000000001,0.96686,0
0.9668100000000001,0.9668200000000001,0.96686,0
0.9668100000000001,0.96683,0.96685,0
0.9668,0.9668399999999999,0.96685,0
0.9668100000000001,0.96685,0.9668399999999999,0
0.9668100000000001,0.96686,0.96683,0
0.9668200000000001,0.96686,0.9668200000000001,0
0.96683,0.96686,0.9668100000000001,0
0.9668399999999999,0.96685,0.9668100000000001,0
0.96685,0.9668399999999999,0.9668,0
0.96685,0.96683,0.9668100000000001,0
0.96686,0.9668200000000001,0.9668100000000001,0
0.96686,0.9668100000000001,0.9668200000000001,0
0.96685,0.9668100000000001,0.96683,0
0.96685,0.9668,0.9668399999999999,0
0.9668399999999999,0.9668100000000001,0.96685,0
0.96683,0.9668100000000001,0.96686,0
0.9668200000000001,0.9668200000000001,0.96686,0
0.9668100000000001,0.96683,0.96686,0
0.9668100000000001,0.9668399999999999,0.96685,0
0.9668,0.96685,0.9668399999999999,0
0.9668100000000001,0.96685,0.96683,0
0.9668100000000001,0.96686,0.96683,0
0.9668200000000001,0.96686,0.9668200000000001,0
0.96683,0.96686,0.9668100000000001,0
0.9668399999999999,0.96685,0.9668100000000001,0
0.96685,0.9668399999999999,0.9668100000000001,0
0.96686,0.96683,0.9668100000000001,0
0.96686,0.9668200000000001,0.9668200000000001,0
0.96686,0.9668100000000001,0.96683,0
0.96685,0.9668100000000001,0.9668399999999999,0
0.96685,0.9668100000000001,0.96685,0
0.9668399999999999,0.9668100000000001,0.96685,0
0.96683,0.9668100000000001,0.96686,0
0.9668200000000001,0.9668200000000001,0.96686,0
0.9668100000000001,0.96683,0.96686,0
0.9668100000000001,0.9668399999999999,0.96685,0
0.9668100000000001,0.96685,0.9668399999999999,0
0.9668100000000001,0.96686,0.96683,0
0.9668200000000001,0.96686,0.9668200000000001,0
0.96683,0.96686,0.9668100000000001,0
0.9668399999999999,0.96685,0.9668100000000001,0
0.96685,0.96685,0.9668100000000001,0
0.96685,0.9668399999999999,0.9668100000000001,0
0.96686,0.96683,0.9668100000000001,0
0.96686,0.9668200000000001,0.9668200000000001,0
0.96686,0.9668100000000001,0.96683,0
0.96685,0.9668100000000001,0.9668399999999999,0
0.9668399999999999,0.9668100000000001,0.96685,0
0.96683,0.9668100000000001,0.96686,0
0.9668200000000001,0.9668200000000001,0.96686,0
0.9668200000000001,0.96683,0.96686,0
0.9668100000000001,0.9668399999999999,0.96686,0
0.9668100000000001,0.96685,0.96685,0
0.9668100000000001,0.96685,0.9668399999999999,0
0.9668100000000001,0.96686,0.96683,0
0.9668200000000001,0.96686,0.9668200000000001,0
0.96683,0.96686,0.9668100000000001,0
0.9668399999999999,0.96685,0.9668100000000001,0
0.96685,0.96685,0.9668100000000001,0
0.96686,0.9668399999999999,0.9668100000000001,0
0.96686,0.96683,0.9668200000000001,0
0.96686,0.9668200000000001,0.96683,0
0.96686,0.9668100000000001,0.9668399999999999,0
0.96685,0.9668100000000001,0.96685,0
0.9668399999999999,0.9668100000000001,0.96685,0
0.96683,0.9668100000000001,0.96686,0
0.9668200000000001,0.9668200000000001,0.96686,0
0.9668200000000001,0.96683,0.96686,0
0.9668100000000001,0.9668399999999999,0.96686,0
0.9668100000000001,0.96685,0.96685,0
0.9668100000000001,0.96686,0.9668399999999999,0
0.9668200000000001,0.96686,0.96683,0
0.96683,0.96686,0.9668200000000001,0
0.9668399999999999,0.96686,0.9668100000000001,0
0.96685,0.96685,0.9668100000000001,0
0.96685,0.9668399999999999,0.9668100000000001,0
0.96686,0.96683,0.9668100000000001,0
0.96686,0.96683,0.9668200000000001,0
0.96686,0.9668200000000001,0.96683,0
0.96686,0.9668100000000001,0.9668399999999999,0
0.96685,0.9668100000000001,0.96685,0
0.9668399999999999,0.9668100000000001,0.96686,0
0.96683,0.9668200000000001,0.96686,0
0.9668200000000001,0.96683,0.96686,0
0.9668100000000001,0.9668399999999999,0.96686,0
0.9668100000000001,0.96685,0.96685,0
0.9668100000000001,0.96685,0.96685,0
0.9668100000000001,0.96686,0.9668399999999999,0
0.9668200000000001,0.96686,0.96683,0
0.96683,0.96686,0.9668200000000001,0
0.9668399999999999,0.96686,0.9668100000000001,0
0.96685,0.96685,0.9668100000000001,0
0.96686,0.9668399999999999,0.9668100000000001,0
0.96686,0.96683,0.9668200000000001,0
0.96686,0.9668200000000001,0.96683,0
0.96686,0.9668200000000001,0.9668399999999999,0
0.96686,0.9668100000000001,0.96685,0
0.96685,0.9668100000000001,0.96685,0
0.9668399999999999,0.9668100000000001,0.96686,0
0.96683,0.9668200000000001,0.96686,0
0.9668200000000001,0.96683,0.96686,0
0.9668100000000001,0.9668399999999999,0.96686,0
0.9668100000000001,0.96685,0.96685,0
0.9668100000000001,0.96686,0.9668399999999999,0
0.9668200000000001,0.96686,0.9668399999999999,0
0.96683,0.9668700000000001,0.96683,0
0.9668399999999999,0.96686,0.9668200000000001,0
0.96685,0.96686,0.9668100000000001,0
0.96686,0.96685,0.9668100000000001,0
0.96686,0.9668399999999999,0.9668200000000001,0
0.9668700000000001,0.96683,0.9668200000000001,0
0.9668700000000001,0.9668200000000001,0.96683,0
0.96686,0.9668200000000001,0.9668399999999999,0
0.96686,0.9668100000000001,0.96685,0
0.96685,0.9668100000000001,0.96686,0
0.9668399999999999,0.9668200000000001,0.96686,0
0.96683,0.96683,0.9668700000000001,0
0.9668200000000001,0.9668399999999999,0.96686,0
0.9668100000000001,0.96685,0.96686,0
0.9668100000000001,0.96686,0.96685,0
0.9668200000000001,0.96686,0.9668399999999999,0
0.9668200000000001,0.9668700000000001,0.96683,0
0.96683,0.9668700000000001,0.9668200000000001,0
0.9668399999999999,0.96686,0.9668200000000001,0
0.96685,0.96686,0.9668100000000001,0
0.96686,0.96685,0.9668100000000001,0
0.96686,0.9668399999999999,0.9668200000000001,0
0.9668700000000001,0.96683,0.96683,0
0.9668700000000001,0.9668200000000001,0.9668399999999999,0
0.96686,0.9668200000000001,0.96685,0
0.96685,0.9668100000000001,0.96686,0
0.96685,0.9668200000000001,0.96686,0
0.9668399999999999,0.9668200000000001,0.9668700000000001,0
0.96683,0.96683,0.9668700000000001,0
0.9668200000000001,0.9668399999999999,0.96686,0
0.9668100000000001,0.96685,0.96686,0
0.9668100000000001,0.96686,0.96685,0
0.9668200000000001,0.9668700000000001,0.9668399999999999,0
0.96683,0.9668700000000001,0.96683,0
0.9668399999999999,0.9668700000000001,0.9668200000000001,0
0.96685,0.96686,0.9668200000000001,0
0.96686,0.96686,0.9668100000000001,0
0.96686,0.96685,0.9668200000000001,0
0.9668700000000001,0.9668399999999999,0.9668200000000001,0
0.9668700000000001,0.96683,0.96683,0
0.9668700000000001,0.9668200000000001,0.9668399999999999,0
0.96686,0.9668200000000001,0.96685,0
0.96685,0.9668200000000001,0.96686,0
0.9668399999999999,0.9668200000000001,0.9668700000000001,0
0.96683,0.96683,0.9668700000000001,0
0.9668200000000001,0.9668399999999999,0.9668700000000001,0
0.9668200000000001,0.96685,0.96686,0
0.9668200000000001,0.96686,0.96686,0
0.9668200000000001,0.96686,0.96685,0
0.9668200000000001,0.9668700000000001,0.9668399999999999,0
0.96683,0.9668700000000001,0.96683,0
0.9668399999999999,0.9668700000000001,0.9668200000000001,0
0.96685,0.96686,0.9668200000000001,0
0.96686,0.96686,0.9668200000000001,0
0.9668700000000001,0.96685,0.9668200000000001,0
0.9668700000000001,0.9668399999999999,0.96683,0
0.9668700000000001,0.96683,0.9668399999999999,0
0.9668700000000001,0.9668200000000001,0.96685,0
0.96686,0.9668200000000001,0.96686,0
0.96685,0.9668200000000001,0.96686,0
0.9668399999999999,0.9668200000000001,0.9668700000000001,0
0.96683,0.96683,0.9668700000000001,0
0.9668200000000001,0.9668399999999999,0.9668700000000001,0
0.9668200000000001,0.96685,0.96686,0
0.9668200000000001,0.96686,0.96686,0
0.9668200000000001,0.9668700000000001,0.96685,0
0.96683,0.9668700000000001,0.9668399999999999,0
0.9668399999999999,0.9668700000000001,0.96683,0
0.96685,0.9668700000000001,0.9668200000000001,0
0.96686,0.96686,0.9668200000000001,0
0.96686,0.96685,0.9668200000000001,0
0.9668700000000001,0.9668399999999999,0.9668200000000001,0
0.9668700000000001,0.96683,0.96683,0
0.9668700000000001,0.96683,0.9668399999999999,0
0.9668700000000001,0.9668200000000001,0.96685,0
0.96686,0.9668200000000001,0.96686,0
0.96685,0.9668200000000001,0.9668700000000001,0
0.9668399999999999,0.96683,0.9668700000000001,0
0.96683,0.9668399999999999,0.9668700000000001,0
0.9668200000000001,0.96685,0.9668700000000001,0
0.9668200000000001,0.96686,0.96686,0
0.9668200000000001,0.96686,0.96686,0
0.9668200000000001,0.9668700000000001,0.96685,0
0.96683,0.9668700000000001,0.9668399999999999,0
0.9668399999999999,0.9668700000000001,0.96683,0
0.96685,0.9668700000000001,0.9668200000000001,0
0.96686,0.96686,0.9668200000000001,0
0.9668700000000001,0.96685,0.9668200000000001,0
0.9668700000000001,0.9668399999999999,0.96683,0
0.9668700000000001,0.96683,0.9668399999999999,0
0.9668700000000001,0.96683,0.96685,0
0.9668700000000001,0.9668200000000001,0.96686,0
0.96686,0.9668200000000001,0.96686,0
0.96685,0.9668200000000001,0.9668700000000001,0
0.9668399999999999,0.96683,0.9668700000000001,0
0.96683,0.9668399999999999,0.9668700000000001,0
0.9668200000000001,0.96685,0.9668700000000001,0
0.9668200000000001,0.96686,0.96686,0
0.9668200000000001,0.9668700000000001,0.96685,0
0.96683,0.9668700000000001,0.9668399999999999,0
0.9668399999999999,0.9668700000000001,0.9668399999999999,0
0.96685,0.9668700000000001,0.96683,0
0.96686,0.9668700000000001,0.9668200000000001,0
0.96686,0.96686,0.9668200000000001,0
0.9668700000000001,0.96685,0.9668200000000001,0
0.9668700000000001,0.9668399999999999,0.96683,0
0.9668700000000001,0.96683,0.9668399999999999,0
0.9668700000000001,0.96683,0.96685,0
0.9668700000000001,0.9668200000000001,0.96686,0
0.96686,0.9668200000000001,0.9668700000000001,0
0.96685,0.96683,0.9668700000000001,0
0.9668399999999999,0.9668399999999999,0.96688,0
0.96683,0.96685,0.9668700000000001,0
0.9668200000000001,0.96686,0.9668700000000001,0
0.9668200000000001,0.96686,0.96686,0
0.9668200000000001,0.9668700000000001,0.96685,0
0.96683,0.96688,0.9668399999999999,0
0.9668399999999999,0.96688,0.96683,0
0.96685,0.9668700000000001,0.96683,0
0.96686,0.9668700000000001,0.9668200000000001,0
0.9668700000000001,0.96686,0.9668200000000001,0
0.9668700000000001,0.96685,0.96683,0
0.96688,0.9668399999999999,0.9668399999999999,0
0.96688,0.96683,0.96685,0
0.9668700000000001,0.96683,0.96686,0
0.96686,0.9668200000000001,0.96686,0
0.96686,0.96683,0.9668700000000001,0
0.96685,0.96683,0.96688,0
0.9668399999999999,0.9668399999999999,0.96688,0
0.96683,0.96685,0.9668700000000001,0
0.9668200000000001,0.96686,0.9668700000000001,0
0.9668200000000001,0.9668700000000001,0.96686,0
0.96683,0.9668700000000001,0.96685,0
0.9668399999999999,0.96688,0.9668399999999999,0
0.9668399999999999,0.96688,0.96683,0
0.96686,0.9668700000000001,0.96683,0
0.96686,0.9668700000000001,0.9668200000000001,0
0.9668700000000001,0.96686,0.96683,0
0.96688,0.96685,0.96683,0
0.96688,0.9668399999999999,0.9668399999999999,0
0.96688,0.96683,0.96685,0
0.9668700000000001,0.96683,0.96686,0
0.96686,0.96683,0.9668700000000001,0
0.96685,0.96683,0.96688,0
0.9668399999999999,0.9668399999999999,0.96688,0
0.96683,0.9668399999999999,0.96688,0
0.96683,0.96686,0.9668700000000001,0
0.96683,0.96686,0.9668700000000001,0
0.96683,0.9668700000000001,0.96686,0
0.96683,0.96688,0.96685,0
0.9668399999999999,0.96688,0.9668399999999999,0
0.96685,0.96688,0.96683,0
0.96686,0.9668700000000001,0.96683,0
0.9668700000000001,0.9668700000000001,0.96683,0
0.96688,0.96686,0.96683,0
0.96688,0.96685,0.9668399999999999,0
0.96688,0.9668399999999999,0.9668399999999999,0
0.96688,0.96683,0.96685,0
0.9668700000000001,0.96683,0.96686,0
0.96686,0.96683,0.9668700000000001,0
0.96685,0.96683,0.96688,0
0.9668399999999999,0.9668399999999999,0.96688,0
0.96683,0.96685,0.96688,0
0.96683,0.96686,0.9668700000000001,0
0.96683,0.9668700000000001,0.9668700000000001,0
0.96683,0.96688,0.96686,0
0.9668399999999999,0.96688,0.96685,0
0.9668399999999999,0.96688,0.9668399999999999,0
0.96685,0.96688,0.96683,0
0.96686,0.9668700000000001,0.96683,0
0.9668700000000001,0.96686,0.96683,0
0.96688,0.96685,0.96683,0
0.96688,0.9668399999999999,0.9668399999999999,0
0.96688,0.9668399999999999,0.96685,0
0.96688,0.96683,0.96686,0
0.9668700000000001,0.96683,0.9668700000000001,0
0.96686,0.96683,0.96688,0
0.96685,0.9668399999999999,0.96688,0
0.9668399999999999,0.9668399999999999,0.96688,0
0.96683,0.96685,0.96688,0
0.96683,0.96686,0.9668700000000001,0
0.96683,0.9668700000000001,0.9668700000000001,0
0.96683,0.96688,0.96686,0
0.9668399999999999,0.96688,0.96685,0
0.96685,0.96688,0.9668399999999999,0
0.96686,0.96688,0.96683,0
0.9668700000000001,0.9668700000000001,0.96683,0
0.96688,0.96686,0.96683,0
0.96688,0.96685,0.9668399999999999,0
0.96688,0.9668399999999999,0.9668399999999999,0
0.96688,0.9668399999999999,0.96685,0
0.96688,0.96683,0.96686,0
0.9668700000000001,0.96683,0.9668700000000001,0
0.96686,0.96683,0.96688,0
0.96685,0.9668399999999999,0.96688,0
0.9668399999999999,0.96685,0.96688,0
0.96683,0.96686,0.96688,0
0.96683,0.9668700000000001,0.9668700000000001,0
0.96683,0.96688,0.96686,0
0.9668399999999999,0.96688,0.96685,0
0.9668399999999999,0.96688,0.9668399999999999,0
0.96685,0.96688,0.9668399999999999,0
0.96686,0.96688,0.96683,0
0.9668700000000001,0.9668700000000001,0.96683,0
0.96688,0.96686,0.96683,0
0.96688,0.96685,0.9668399999999999,0
0.96688,0.9668399999999999,0.96685,0
0.96688,0.96683,0.96686,0
0.9668700000000001,0.96683,0.9668700000000001,0
0.9668700000000001,0.96683,0.96688,0
0.96686,0.9668399999999999,0.96688,0
0.96685,0.9668399999999999,0.96688,0
0.9668399999999999,0.96685,0.96688,0
0.96683,0.96686,0.96688,0
0.96683,0.9668700000000001,0.9668700000000001,0
0.96683,0.96688,0.96686,0
0.9668399999999999,0.96688,0.96685,0
0.96685,0.9668899999999999,0.9668399999999999,0
0.96686,0.96688,0.9668399999999999,0
0.9668700000000001,0.96688,0.96683,0
0.96688,0.9668700000000001,0.96683,0
0.96688,0.96686,0.9668399999999999,0
0.9668899999999999,0.96685,0.9668399999999999,0
0.96688,0.9668399999999999,0.96685,0
0.96688,0.96683,0.96686,0
0.9668700000000001,0.96683,0.9668700000000001,0
0.96686,0.96683,0.96688,0
0.96685,0.9668399999999999,0.9668899999999999,0
0.96685,0.96685,0.9668899999999999,0
0.9668399999999999,0.96686,0.96688,0
0.96683,0.9668700000000001,0.96688,0
0.96683,0.96688,0.9668700000000001,0
0.9668399999999999,0.96688,0.96686,0
0.9668399999999999,0.9668899999999999,0.96685,0
0.96685,0.9668899999999999,0.9668399999999999,0
0.96686,0.96688,0.9668399999999999,0
0.9668700000000001,0.96688,0.96683,0
0.96688,0.9668700000000001,0.9668399999999999,0
0.9668899999999999,0.96686,0.9668399999999999,0
0.9668899999999999,0.96685,0.96685,0
0.9668899999999999,0.9668399999999999,0.96686,0
0.96688,0.96683,0.9668700000000001,0
0.9668700000000001,0.96683,0.96688,0
0.96686,0.9668399999999999,0.96688,0
0.96685,0.9668399999999999,0.9668899999999999,0
0.9668399999999999,0.96685,0.9668899999999999,0
0.9668399999999999,0.96686,0.96688,0
0.96683,0.9668700000000001,0.96688,0
0.9668399999999999,0.96688,0.9668700000000001,0
0.9668399999999999,0.9668899999999999,0.96686,0
0.96685,0.9668899999999999,0.96685,0
0.96686,0.9668899999999999,0.9668399999999999,0
0.9668700000000001,0.96688,0.9668399999999999,0
0.96688,0.9668700000000001,0.96683,0
0.96688,0.96686,0.9668399999999999,0
0.9668899999999999,0.96685,0.9668399999999999,0
0.9668899999999999,0.96685,0.96685,0
0.96688,0.9668399999999999,0.96686,0
0.96688,0.9668399999999999,0.9668700000000001,0
0.9668700000000001,0.9668399999999999,0.96688,0
0.96686,0.9668399999999999,0.9668899999999999,0
0.96685,0.96685,0.9668899999999999,0
0.9668399999999999,0.96686,0.9668899999999999,0
0.9668399999999999,0.9668700000000001,0.96688,0
0.9668399999999999,0.96688,0.96688,0
0.9668399999999999,0.96688,0.9668700000000001,0
0.9668399999999999,0.9668899999999999,0.96686,0
0.96685,0.9668899999999999,0.96685,0
0.96686,0.9668899999999999,0.9668399999999999,0
0.9668700000000001,0.96688,0.9668399999999999,0
0.96688,0.9668700000000001,0.9668399999999999,0
0.9668899999999999,0.96686,0.9668399999999999,0
0.9668899999999999,0.96685,0.96685,0
0.9668899999999999,0.9668399999999999,0.96686,0
0.96688,0.9668399999999999,0.9668700000000001,0
0.96688,0.9668399999999999,0.96688,0
0.9668700000000001,0.9668399999999999,0.96688,0
0.96686,0.9668399999999999,0.9668899999999999,0
0.96685,0.96685,0.9668899999999999,0
0.9668399999999999,0.96686,0.9668899999999999,0
0.9668399999999999,0.9668700000000001,0.96688,0
0.9668399999999999,0.96688,0.9668700000000001,0
0.9668399999999999,0.9668899999999999,0.96686,0
0.96685,0.9668899999999999,0.96685,0
0.96686,0.9668899999999999,0.96685,0
0.9668700000000001,0.9668899999999999,0.9668399999999999,0
0.96688,0.96688,0.9668399999999999,0
0.96688,0.9668700000000001,0.9668399999999999,0
0.9668899999999999,0.96686,0.9668399999999999,0
0.9668899999999999,0.96685,0.96685,0
0.9668899999999999,0.9668399999999999,0.96686,0
0.96688,0.9668399999999999,0.9668700000000001,0
0.96688,0.9668399999999999,0.96688,0
0.9668700000000001,0.9668399999999999,0.9668899999999999,0
0.96686,0.96685,0.9668899999999999,0
0.96685,0.96686,0.9668899999999999,0
0.9668399999999999,0.9668700000000001,0.9668899999999999,0
0.9668399999999999,0.96688,0.96688,0
0.9668399999999999,0.96688,0.9668700000000001,0
0.9668399999999999,0.9668899999999999,0.96686,0
0.96685,0.9668899999999999,0.96685,0
0.96686,0.9668899999999999,0.9668399999999999,0
0.9668700000000001,0.96688,0.9668399999999999,0
0.96688,0.96688,0.9668399999999999,0
0.9668899999999999,0.9668700000000001,0.9668399999999999,0
0.9668899999999999,0.96686,0.96685,0
0.9668899999999999,0.96685,0.96686,0
0.9668899999999999,0.9668399999999999,0.9668700000000001,0
0.96688,0.9668399999999999,0.96688,0
0.9668700000000001,0.9668399999999999,0.96688,0
0.96686,0.9668399999999999,0.9668899999999999,0
0.96685,0.96685,0.9668899999999999,0
0.96685,0.96686,0.9668899999999999,0
0.9668399999999999,0.9668700000000001,0.9668899999999999,0
0.9668399999999999,0.96688,0.96688,0
0.9668399999999999,0.9668899999999999,0.9668700000000001,0
0.96685,0.9668899999999999,0.96686,0
0.96686,0.9668899999999999,0.96685,0
0.9668700000000001,0.9668899999999999,0.9668399999999999,0
0.96688,0.96688,0.9668399999999999,0
0.96688,0.96688,0.9668399999999999,0
0.9668899999999999,0.9668700000000001,0.9668399999999999,0
0.9668899999999999,0.96686,0.96685,0
0.9668899999999999,0.96685,0.96686,0
0.9668899999999999,0.9668399999999999,0.9668700000000001,0
0.96688,0.9668399999999999,0.96688,0
0.9668700000000001,0.9668399999999999,0.9668899999999999,0
0.96686,0.96685,0.9668899999999999,0
0.96685,0.96686,0.9668899999999999,0
0.9668399999999999,0.9668700000000001,0.9668899999999999,0
0.9668399999999999,0.96688,0.96688,0
0.9668399999999999,0.96688,0.96688,0
0.9668399999999999,0.9668899999999999,0.9668700000000001,0
0.96685,0.9668899999999999,0.96686,0
0.96686,0.9668899999999999,0.96685,0
0.9668700000000001,0.9668899999999999,0.9668399999999999,0
0.96688,0.96688,0.9668399999999999,0
0.9668899999999999,0.9668700000000001,0.9668399999999999,0
0.9668899999999999,0.96686,0.96685,0
0.9668899999999999,0.96685,0.96685,0
0.9668899999999999,0.96685,0.96686,0
0.9668899999999999,0.9668399999999999,0.9668700000000001,0
0.96688,0.9668399999999999,0.96688,0
0.9668700000000001,0.9668399999999999,0.9668899999999999,0
0.96686,0.96685,0.9668899999999999,0
0.96685,0.96686,0.9668899999999999,0
0.9668399999999999,0.9668700000000001,0.9668899999999999,0
0.9668399999999999,0.96688,0.96688,0
0.9668399999999999,0.9668899999999999,0.9668700000000001,0
0.96685,0.9668899999999999,0.96686,0
0.96685,0.9668899999999999,0.96686,0
0.96686,0.9668899999999999,0.96685,0
0.9668700000000001,0.9668899999999999,0.9668399999999999,0
0.96688,0.96688,0.9668399999999999,0
0.9668899999999999,0.9668700000000001,0.9668399999999999,0
0.9668899999999999,0.96686,0.96685,0
0.9668899999999999,0.96685,0.96686,0
0.9668899999999999,0.9668399999999999,0.9668700000000001,0
0.96688,0.9668399999999999,0.96688,0
0.96688,0.9668399999999999,0.9668899999999999,0
0.9668700000000001,0.96685,0.9668899999999999,0
0.96686,0.96685,0.9668899999999999,0
0.96685,0.96686,0.9668899999999999,0
0.9668399999999999,0.9668700000000001,0.9668899999999999,0
0.9668399999999999,0.96688,0.96688,0
0.9668399999999999,0.9668899999999999,0.9668700000000001,0
0.96685,0.9668899999999999,0.96686,0
0.96686,0.9668899999999999,0.96685,0
0.9668700000000001,0.9668899999999999,0.96685,0
0.96688,0.9668899999999999,0.9668399999999999,0
0.9668899999999999,0.96688,0.9668399999999999,0
0.9668899999999999,0.9668700000000001,0.96685,0
0.9668899999999999,0.96686,0.96685,0
0.9668899999999999,0.96685,0.96686,0
0.9668899999999999,0.9668399999999999,0.9668700000000001,0
0.96688,0.9668399999999999,0.96688,0
0.9668700000000001,0.9668399999999999,0.9668899999999999,0
0.96686,0.96685,0.9668899999999999,0
0.96685,0.96686,0.9668899999999999,0
0.96685,0.9668700000000001,0.9668899999999999,0
0.9668399999999999,0.96688,0.9668899999999999,0
0.9668399999999999,0.9668899999999999,0.96688,0
0.96685,0.9668899999999999,0.9668700000000001,0
0.96685,0.9668899999999999,0.96686,0
0.96686,0.9668899999999999,0.96685,0
0.9668700000000001,0.9668899999999999,0.9668399999999999,0
0.96688,0.96688,0.9668399999999999,0
0.9668899999999999,0.96688,0.9668399999999999,0
0.9668899999999999,0.9668700000000001,0.96685,0
0.9669,0.96686,0.96686,0
0.9668899999999999,0.96685,0.9668700000000001,0
0.9668899999999999,0.9668399999999999,0.96688,0
0.96688,0.9668399999999999,0.9668899999999999,0
0.9668700000000001,0.96685,0.9668899999999999,0
0.96686,0.96685,0.9668899999999999,0
0.96685,0.96686,0.9668899999999999,0
0.96685,0.9668700000000001,0.9668899999999999,0
0.9668399999999999,0.96688,0.9668899999999999,0
0.9668399999999999,0.9668899999999999,0.96688,0
0.96685,0.9668899999999999,0.9668700000000001,0
0.96686,0.9669,0.96686,0
0.9668700000000001,0.9668899999999999,0.96685,0
0.96688,0.9668899999999999,0.9668399999999999,0
0.96688,0.96688,0.9668399999999999,0
0.9668899999999999,0.9668700000000001,0.96685,0
0.9669,0.96686,0.96685,0
0.9669,0.96685,0.96686,0
0.9668899999999999,0.96685,0.9668700000000001,0
0.9668899999999999,0.9668399999999999,0.96688,0
0.96688,0.9668399999999999,0.9668899999999999,0
0.9668700000000001,0.96685,0.9668899999999999,0
0.96686,0.96686,0.9669,0
0.96685,0.96686,0.9668899999999999,0
0.9668399999999999,0.9668700000000001,0.9668899999999999,0
0.9668399999999999,0.96688,0.96688,0
0.9668399999999999,0.9668899999999999,0.9668700000000001,0
0.96685,0.9668899999999999,0.96686,0
0.96686,0.9669,0.96685,0
0.9668700000000001,0.9668899999999999,0.96685,0
0.96688,0.9668899999999999,0.9668399999999999,0
0.9668899999999999,0.96688,0.9668399999999999,0
0.9668899999999999,0.9668700000000001,0.96685,0
0.9669,0.96686,0.96685,0
0.9669,0.96685,0.96686,0
0.9668899999999999,0.96685,0.9668700000000001,0
0.96688,0.9668399999999999,0.96688,0
0.9668700000000001,0.9668399999999999,0.9668899999999999,0
0.9668700000000001,0.96685,0.9668899999999999,0
0.96686,0.96686,0.9669,0
0.96685,0.9668700000000001,0.9668899999999999,0
0.9668399999999999,0.96688,0.9668899999999999,0
0.9668399999999999,0.9668899999999999,0.96688,0
0.96685,0.9668899999999999,0.9668700000000001,0
0.96685,0.9669,0.96686,0
0.96686,0.9669,0.96685,0
0.9668700000000001,0.9668899999999999,0.96685,0
0.96688,0.9668899999999999,0.9668399999999999,0
0.9668899999999999,0.96688,0.9668399999999999,0
0.9668899999999999,0.9668700000000001,0.96685,0
0.9669,0.96686,0.96686,0
0.9668899999999999,0.96685,0.9668700000000001,0
0.9668899999999999,0.9668399999999999,0.96688,0
0.96688,0.9668399999999999,0.9668899999999999,0
0.9668700000000001,0.96685,0.9668899999999999,0
0.96686,0.96685,0.9669,0
0.96685,0.96686,0.9669,0
0.96685,0.9668700000000001,0.9668899999999999,0
0.9668399999999999,0.96688,0.9668899999999999,0
0.9668399999999999,0.9668899999999999,0.96688,0
0.96685,0.9668899999999999,0.9668700000000001,0
0.96686,0.9669,0.96686,0
0.9668700000000001,0.9668899999999999,0.96685,0
0.96688,0.9668899999999999,0.9668399999999999,0
0.9668899999999999,0.96688,0.9668399999999999,0
0.9668899999999999,0.9668700000000001,0.96685,0
0.9669,0.96686,0.96685,0
0.9669,0.96685,0.96686,0
0.9668899999999999,0.96685,0.9668700000000001,0
0.9668899999999999,0.9668399999999999,0.96688,0
0.96688,0.9668399999999999,0.9668899999999999,0
0.9668700000000001,0.96685,0.9668899999999999,0
0.96686,0.96686,0.9669,0
0.96685,0.9668700000000001,0.9669,0
0.96685,0.96688,0.9668899999999999,0
0.9668399999999999,0.96688,0.96688,0
0.96685,0.9668899999999999,0.9668700000000001,0
0.96685,0.9669,0.96686,0
0.96686,0.9669,0.96685,0
0.9668700000000001,0.9668899999999999,0.96685,0
0.96688,0.9668899999999999,0.9668399999999999,0
0.9668899999999999,0.96688,0.9668399999999999,0
0.9668899999999999,0.9668700000000001,0.96685,0
0.9669,0.96686,0.96685,0
0.9669,0.96685,0.96686,0
0.9668899999999999,0.96685,0.9668700000000001,0
0.96688,0.9668399999999999,0.96688,0
0.96688,0.9668399999999999,0.9668899999999999,0
0.9668700000000001,0.96685,0.9669,0
0.96686,0.96686,0.9669,0
0.96685,0.9668700000000001,0.9668899999999999,0
0.9668399999999999,0.96688,0.9668899999999999,0
0.9668399999999999,0.9668899999999999,0.96688,0
0.96685,0.9668899999999999,0.9668700000000001,0
0.96685,0.9669,0.96686,0
0.96686,0.9669,0.96685,0
0.9668700000000001,0.9668899999999999,0.96685,0
0.96688,0.9668899999999999,0.9668399999999999,0
0.9668899999999999,0.96688,0.9668399999999999,0
0.9668899999999999,0.9668700000000001,0.96685,0
0.9669,0.96686,0.96686,0
0.9668899999999999,0.96685,0.9668700000000001,0
0.9668899999999999,0.9668399999999999,0.96688,0
0.96688,0.9668399999999999,0.9668899999999999,0
0.9668700000000001,0.96685,0.9668899999999999,0
0.96686,0.96685,0.9669,0
0.96685,0.96686,0.9669,0
0.96685,0.9668700000000001,0.9668899999999999,0
0.9668399999999999,0.96688,0.9668899999999999,0
0.9668399999999999,0.9668899999999999,0.96688,0
0.96685,0.9668899999999999,0.9668700000000001,0
0.96686,0.9669,0.96686,0
0.9668700000000001,0.9668899999999999,0.96685,0
0.96688,0.9668899999999999,0.9668399999999999,0
0.96688,0.96688,0.9668399999999999,0
0.9668899999999999,0.9668700000000001,0.96685,0
0.9669,0.96686,0.96685,0
0.9669,0.96685,0.96686,0
0.9668899999999999,0.96685,0.9668700000000001,0
0.9668899999999999,0.9668399999999999,0.96688,0
0.96688,0.9668399999999999,0.9668899999999999,0
0.9668700000000001,0.96685,0.9668899999999999,0
0.96686,0.96686,0.9669,0
0.96685,0.96686,0.9668899999999999,0
0.9668399999999999,0.9668700000000001,0.9668899999999999,0
0.9668399999999999,0.96688,0.96688,0
0.9668399999999999,0.9668899999999999,0.9668700000000001,0
0.96685,0.9668899999999999,0.96686,0
0.96686,0.9669,0.96685,0
0.9668700000000001,0.9668899999999999,0.96685,0
0.96688,0.9668899999999999,0.9668399999999999,0
0.9668899999999999,0.96688,0.9668399999999999,0
0.9668899999999999,0.9668700000000001,0.96685,0
0.9669,0.96686,0.96685,0
0.9668899999999999,0.96685,0.96686,0
0.9668899999999999,0.9668399999999999,0.9668700000000001,0
0.96688,0.9668399999999999,0.96688,0
0.9668700000000001,0.9668399999999999,0.9668899999999999,0
0.96686,0.96685,0.9668899999999999,0
0.96686,0.96686,0.9669,0
0.96685,0.9668700000000001,0.9668899999999999,0
0.9668399999999999,0.96688,0.9668899999999999,0
0.9668399999999999,0.9668899999999999,0.96688,0
0.96685,0.9668899999999999,0.9668700000000001,0
0.96685,0.9669,0.96686,0
0.96686,0.9668899999999999,0.96685,0
0.9668700000000001,0.9668899999999999,0.96685,0
0.96688,0.96688,0.9668399999999999,0
0.9668899999999999,0.96688,0.9668399999999999,0
0.9668899999999999,0.9668700000000001,0.96685,0
0.9669,0.96686,0.96686,0
0.9668899999999999,0.96685,0.9668700000000001,0
0.9668899999999999,0.9668399999999999,0.96688,0
0.96688,0.9668399999999999,0.9668899999999999,0
0.9668700000000001,0.96685,0.9668899999999999,0
0.96686,0.96685,0.9668899999999999,0
0.96685,0.96686,0.9668899999999999,0
0.96685,0.9668700000000001,0.9668899999999999,0
0.9668399999999999,0.96688,0.9668899999999999,0
0.9668399999999999,0.9668899999999999,0.96688,0
0.96685,0.9668899999999999,0.9668700000000001,0
0.96686,0.9669,0.96686,0
0.9668700000000001,0.9668899999999999,0.96685,0
0.9668700000000001,0.9668899999999999,0.9668399999999999,0
0.96688,0.96688,0.9668399999999999,0
0.9668899999999999,0.9668700000000001,0.9668399999999999,0
0.9668899999999999,0.96686,0.96685,0
0.9668899999999999,0.96685,0.96686,0
0.9668899999999999,0.96685,0.9668700000000001,0
0.9668899999999999,0.9668399999999999,0.96688,0
0.96688,0.9668399999999999,0.9668899999999999,0
0.9668700000000001,0.96685,0.9668899999999999,0
0.96686,0.96685,0.9668899999999999,0
0.96685,0.96686,0.9668899999999999,0
0.9668399999999999,0.9668700000000001,0.9668899999999999,0
0.9668399999999999,0.96688,0.96688,0
0.9668399999999999,0.9668899999999999,0.9668700000000001,0
0.96685,0.9668899999999999,0.96686,0
0.96686,0.9668899999999999,0.96685,0
0.9668700000000001,0.9668899999999999,0.96685,0
0.96688,0.9668899999999999,0.9668399999999999,0
0.9668899999999999,0.96688,0.9668399999999999,0
0.9668899999999999,0.9668700000000001,0.96685,0
0.9668899999999999,0.96686,0.96685,0
0.9668899999999999,0.96685,0.96686,0
0.9668899999999999,0.9668399999999999,0.9668700000000001,0
0.96688,0.9668399999999999,0.96688,0
0.9668700000000001,0.9668399999999999,0.9668899999999999,0
0.96686,0.96685,0.9668899999999999,0
0.96685,0.96686,0.9668899999999999,0
0.96685,0.9668700000000001,0.9668899999999999,0
0.9668399999999999,0.96688,0.9668899999999999,0
0.9668399999999999,0.96688,0.96688,0
0.9668399999999999,0.9668899999999999,0.9668700000000001,0
0.96685,0.9668899999999999,0.96686,0
0.96686,0.9668899999999999,0.96685,0
0.9668700000000001,0.9668899999999999,0.9668399999999999,0
0.96688,0.96688,0.9668399999999999,0
0.9668899999999999,0.9668700000000001,0.9668399999999999,0
0.9668899999999999,0.96686,0.96685,0
0.9668899999999999,0.96685,0.96686,0
0.9668899999999999,0.96685,0.96686,0
0.9668899999999999,0.9668399999999999,0.9668700000000001,0
0.96688,0.9668399999999999,0.96688,0
0.9668700000000001,0.9668399999999999,0.9668899999999999,0
0.96686,0.96685,0.9668899999999999,0
0.96685,0.96686,0.9668899999999999,0
0.9668399999999999,0.9668700000000001,0.9668899999999999,0
0.9668399999999999,0.96688,0.96688,0
0.9668399999999999,0.9668899999999999,0.9668700000000001,0
0.96685,0.9668899999999999,0.9668700000000001,0
0.96685,0.9668899999999999,0.96686,0
0.96686,0.9668899999999999,0.96685,0
0.9668700000000001,0.9668899999999999,0.9668399999999999,0
0.96688,0.96688,0.9668399999999999,0
0.9668899999999999,0.9668700000000001,0.9668399999999999,0
0.9668899999999999,0.96686,0.96685,0
0.9668899999999999,0.96685,0.96686,0
0.9668899999999999,0.9668399999999999,0.9668700000000001,0
0.96688,0.9668399999999999,0.96688,0
0.96688,0.9668399999999999,0.9668899999999999,0
0.9668700000000001,0.9668399999999999,0.9668899999999999,0
0.96686,0.96685,0.9668899999999999,0
0.96685,0.96686,0.9668899999999999,0
0.9668399999999999,0.9668700000000001,0.9668899999999999,0
0.9668399999999999,0.96688,0.96688,0
0.9668399999999999,0.9668899999999999,0.9668700000000001,0
0.96685,0.9668899999999999,0.96686,0
0.96686,0.9668899999999999,0.96685,0
0.9668700000000001,0.9668899999999999,0.9668399999999999,0
0.96688,0.96688,0.9668399999999999,0
0.96688,0.96688,0.9668399999999999,0
0.9668899999999999,0.9668700000000001,0.9668399999999999,0
0.9668899999999999,0.96686,0.96685,0
0.9668899999999999,0.96685,0.96686,0
0.9668899999999999,0.9668399999999999,0.9668700000000001,0
0.96688,0.9668399999999999,0.96688,0
0.9668700000000001,0.9668399999999999,0.9668899999999999,0
0.96686,0.96685,0.9668899999999999,0
0.96685,0.96685,0.9668899999999999,0
0.9668399999999999,0.96686,0.9668899999999999,0
0.9668399999999999,0.9668700000000001,0.96688,0
0.9668399999999999,0.96688,0.96688,0
0.9668399999999999,0.9668899999999999,0.9668700000000001,0
0.96685,0.9668899999999999,0.96686,0
0.96686,0.9668899999999999,0.96685,0
0.9668700000000001,0.9668899999999999,0.9668399999999999,0
0.96688,0.96688,0.9668399999999999,0
0.9668899999999999,0.9668700000000001,0.9668399999999999,0
0.9668899999999999,0.96686,0.9668399999999999,0
0.9668899999999999,0.96685,0.96685,0
0.9668899999999999,0.9668399999999999,0.96686,0
0.96688,0.9668399999999999,0.9668700000000001,0
0.96688,0.9668399999999999,0.96688,0
0.9668700000000001,0.9668399999999999,0.9668899999999999,0
0.96686,0.96685,0.9668899999999999,0
0.96685,0.96686,0.9668899999999999,0
0.9668399999999999,0.9668700000000001,0.9668899999999999,0
0.9668399999999999,0.96688,0.96688,0
0.9668399999999999,0.96688,0.9668700000000001,0
0.9668399999999999,0.9668899999999999,0.96686,0
0.96685,0.9668899999999999,0.96685,0
0.96686,0.9668899999999999,0.9668399999999999,0
0.9668700000000001,0.96688,0.9668399999999999,0
0.96688,0.96688,0.9668399999999999,0
0.9668899999999999,0.9668700000000001,0.9668399999999999,0
0.9668899999999999,0.96686,0.96685,0
0.9668899999999999,0.96685,0.96686,0
0.9668899999999999,0.9668399999999999,0.9668700000000001,0
0.96688,0.9668399999999999,0.9668700000000001,0
0.9668700000000001,0.9668399999999999,0.96688,0
0.96686,0.9668399999999999,0.9668899999999999,0
0.96685,0.96685,0.9668899999999999,0
0.96685,0.96686,0.9668899999999999,0
0.9668399999999999,0.9668700000000001,0.9668899999999999,0
0.9668399999999999,0.96688,0.96688,0
0.9668399999999999,0.9668899999999999,0.9668700000000001,0
0.9668399999999999,0.9668899999999999,0.96686,0
0.96685,0.9668899999999999,0.96685,0
0.96686,0.9668899999999999,0.9668399999999999,0
0.9668700000000001,0.96688,0.9668399999999999,0
0.96688,0.9668700000000001,0.9668399999999999,0
0.9668899999999999,0.96686,0.9668399999999999,0
0.9668899999999999,0.96685,0.96685,0
0.9668899999999999,0.96685,0.96686,0
0.9668899999999999,0.9668399999999999,0.9668700000000001,0
0.96688,0.9668399999999999,0.96688,0
0.9668700000000001,0.9668399999999999,0.96688,0
0.96686,0.9668399999999999,0.9668899999999999,0
0.96685,0.96685,0.9668899999999999,0
0.9668399999999999,0.96686,0.9668899999999999,0
0.9668399999999999,0.9668700000000001,0.96688,0
0.9668399999999999,0.96688,0.9668700000000001,0
0.9668399999999999,0.9668899999999999,0.96686,0
0.96685,0.9668899999999999,0.96685,0
0.96686,0.9668899999999999,0.96685,0
0.9668700000000001,0.9668899999999999,0.9668399999999999,0
0.96688,0.96688,0.9668399999999999,0
0.96688,0.9668700000000001,0.9668399999999999,0
0.9668899999999999,0.96686,0.9668399999999999,0
0.9668899999999999,0.96685,0.96685,0
0.9668899999999999,0.9668399999999999,0.96686,0
0.96688,0.9668399999999999,0.9668700000000001,0
0.9668700000000001,0.9668399999999999,0.96688,0
0.96686,0.9668399999999999,0.96688,0
0.96685,0.96685,0.9668899999999999,0
0.96685,0.96685,0.9668899999999999,0
0.9668399999999999,0.96686,0.9668899999999999,0
0.9668399999999999,0.9668700000000001,0.96688,0
0.9668399999999999,0.96688,0.9668700000000001,0
0.9668399999999999,0.9668899999999999,0.96686,0
0.96685,0.9668899999999999,0.96685,0
0.96686,0.9668899999999999,0.9668399999999999,0
0.9668700000000001,0.96688,0.9668399999999999,0
0.96688,0.9668700000000001,0.9668399999999999,0
0.96688,0.9668700000000001,0.9668399999999999,0
0.9668899999999999,0.96686,0.9668399999999999,0
0.9668899999999999,0.96685,0.96685,0
0.96688,0.9668399999999999,0.96686,0
0.96688,0.9668399999999999,0.9668700000000001,0
0.9668700000000001,0.9668399999999999,0.96688,0
0.96686,0.9668399999999999,0.9668899999999999,0
0.96685,0.96685,0.9668899999999999,0
0.9668399999999999,0.96686,0.9668899999999999,0
0.9668399999999999,0.9668700000000001,0.96688,0
0.96683,0.96688,0.96688,0
0.9668399999999999,0.96688,0.9668700000000001,0
0.9668399999999999,0.9668899999999999,0.96686,0
0.96685,0.9668899999999999,0.96685,0
0.96686,0.96688,0.9668399999999999,0
0.9668700000000001,0.96688,0.96683,0
0.96688,0.9668700000000001,0.96683,0
0.96688,0.96686,0.9668399999999999,0
0.9668899999999999,0.96685,0.96685,0
0.9668899999999999,0.9668399999999999,0.96685,0
0.96688,0.9668399999999999,0.96686,0
0.96688,0.96683,0.9668700000000001,0
0.9668700000000001,0.9668399999999999,0.96688,0
0.96686,0.9668399999999999,0.9668899999999999,0
0.96685,0.96685,0.9668899999999999,0
0.9668399999999999,0.96686,0.96688,0
0.96683,0.9668700000000001,0.96688,0
0.96683,0.96688,0.9668700000000001,0
0.9668399999999999,0.96688,0.96686,0
0.9668399999999999,0.9668899999999999,0.96685,0
0.96685,0.9668899999999999,0.9668399999999999,0
0.96686,0.96688,0.9668399999999999,0
0.9668700000000001,0.96688,0.96683,0
0.96688,0.9668700000000001,0.96683,0
0.96688,0.96686,0.9668399999999999,0
0.9668899999999999,0.96685,0.96685,0
0.96688,0.9668399999999999,0.96686,0
0.96688,0.96683,0.9668700000000001,0
0.9668700000000001,0.96683,0.96688,0
0.96686,0.9668399999999999,0.96688,0
0.96685,0.9668399999999999,0.9668899999999999,0
0.9668399999999999,0.96685,0.9668899999999999,0
0.9668399999999999,0.96686,0.96688,0
0.96683,0.9668700000000001,0.96688,0
0.96683,0.96688,0.9668700000000001,0
0.9668399999999999,0.96688,0.96686,0
0.96685,0.9668899999999999,0.96685,0
0.96685,0.96688,0.9668399999999999,0
0.96686,0.96688,0.96683,0
0.9668700000000001,0.9668700000000001,0.96683,0
0.96688,0.96686,0.96683,0
0.96688,0.96685,0.9668399999999999,0
0.96688,0.9668399999999999,0.96685,0
0.96688,0.9668399999999999,0.96686,0
0.96688,0.96683,0.9668700000000001,0
0.9668700000000001,0.96683,0.96688,0
0.96686,0.9668399999999999,0.96688,0
0.96685,0.9668399999999999,0.96688,0
0.9668399999999999,0.96685,0.96688,0
0.96683,0.96686,0.96688,0
0.96683,0.9668700000000001,0.9668700000000001,0
0.96683,0.96688,0.96686,0
0.9668399999999999,0.96688,0.96685,0
0.96685,0.96688,0.9668399999999999,0
0.96686,0.96688,0.9668399999999999,0
0.9668700000000001,0.96688,0.96683,0
0.96688,0.9668700000000001,0.96683,0
0.96688,0.96686,0.9668399999999999,0
0.96688,0.96685,0.9668399999999999,0
0.96688,0.9668399999999999,0.96685,0
0.96688,0.96683,0.96686,0
0.9668700000000001,0.96683,0.9668700000000001,0
0.96686,0.96683,0.96688,0
0.96685,0.9668399999999999,0.96688,0
0.9668399999999999,0.96685,0.96688,0
0.9668399999999999,0.96686,0.96688,0
0.96683,0.9668700000000001,0.96688,0
0.96683,0.9668700000000001,0.9668700000000001,0
0.96683,0.96688,0.96686,0
0.9668399999999999,0.96688,0.96685,0
0.96685,0.96688,0.9668399999999999,0
0.96686,0.96688,0.96683,0
0.9668700000000001,0.9668700000000001,0.96683,0
0.96688,0.96686,0.96683,0
0.96688,0.96685,0.9668399999999999,0
0.96688,0.9668399999999999,0.9668399999999999,0
0.96688,0.9668399999999999,0.96685,0
0.96688,0.96683,0.96686,0
0.9668700000000001,0.96683,0.9668700000000001,0
0.96686,0.96683,0.96688,0
0.96685,0.9668399999999999,0.96688,0
0.9668399999999999,0.96685,0.96688,0
0.96683,0.96686,0.96688,0
0.96683,0.9668700000000001,0.9668700000000001,0
0.96683,0.96688,0.96686,0
0.96683,0.96688,0.96685,0
0.9668399999999999,0.96688,0.9668399999999999,0
0.96685,0.96688,0.9668399999999999,0
0.96686,0.96688,0.96683,0
0.9668700000000001,0.9668700000000001,0.96683,0
0.96688,0.96686,0.96683,0
0.96688,0.96685,0.9668399999999999,0
0.96688,0.9668399999999999,0.96685,0
0.96688,0.96683,0.96686,0
0.9668700000000001,0.96683,0.9668700000000001,0
0.96686,0.96683,0.9668700000000001,0
0.96685,0.96683,0.96688,0
0.9668399999999999,0.9668399999999999,0.96688,0
0.9668399999999999,0.96685,0.96688,0
0.96683,0.96686,0.96688,0
0.96683,0.9668700000000001,0.9668700000000001,0
0.96683,0.96688,0.96686,0
0.9668399999999999,0.96688,0.96685,0
0.9668399999999999,0.96688,0.9668399999999999,0
0.96685,0.96688,0.96683,0
0.96686,0.9668700000000001,0.96683,0
0.9668700000000001,0.96686,0.96683,0
0.96688,0.96686,0.96683,0
0.96688,0.96685,0.9668399999999999,0
0.96688,0.9668399999999999,0.96685,0
0.96688,0.96683,0.96686,0
0.9668700000000001,0.96683,0.9668700000000001,0
0.96686,0.96683,0.9668700000000001,0
0.96685,0.96683,0.96688,0
0.9668399999999999,0.9668399999999999,0.96688,0
0.96683,0.96685,0.96688,0
0.96683,0.96686,0.9668700000000001,0
0.96683,0.9668700000000001,0.9668700000000001,0
0.96683,0.96688,0.96686,0
0.9668399999999999,0.96688,0.96685,0
0.96685,0.96688,0.9668399999999999,0
0.96686,0.96688,0.96683,0
0.9668700000000001,0.9668700000000001,0.96683,0
0.9668700000000001,0.96686,0.96683,0
0.96688,0.96685,0.96683,0
0.96688,0.9668399999999999,0.9668399999999999,0
0.96688,0.96683,0.96685,0
0.9668700000000001,0.96683,0.96686,0
0.9668700000000001,0.96683,0.9668700000000001,0
0.96686,0.96683,0.96688,0
0.96685,0.9668399999999999,0.96688,0
0.9668399999999999,0.9668399999999999,0.96688,0
0.96683,0.96685,0.96688,0
0.96683,0.96686,0.9668700000000001,0
0.96683,0.9668700000000001,0.96686,0
0.96683,0.96688,0.96685,0
0.9668399999999999,0.96688,0.9668399999999999,0
0.96685,0.96688,0.96683,0
0.96686,0.9668700000000001,0.96683,0
0.9668700000000001,0.9668700000000001,0.96683,0
0.9668700000000001,0.96686,0.96683,0
0.96688,0.96685,0.96683,0
0.96688,0.9668399999999999,0.9668399999999999,0
0.96688,0.96683,0.96685,0
0.9668700000000001,0.96683,0.96686,0
0.96686,0.96683,0.9668700000000001,0
0.96685,0.96683,0.96688,0
0.9668399999999999,0.9668399999999999,0.96688,0
0.96683,0.96685,0.96688,0
0.96683,0.96686,0.9668700000000001,0
0.96683,0.9668700000000001,0.9668700000000001,0
0.96683,0.9668700000000001,0.96686,0
0.96683,0.96688,0.96685,0
0.9668399999999999,0.96688,0.9668399999999999,0
0.96685,0.96688,0.96683,0
0.96686,0.9668700000000001,0.96683,0
0.9668700000000001,0.96686,0.96683,0
0.96688,0.96685,0.96683,0
0.96688,0.9668399999999999,0.9668399999999999,0
0.96688,0.96683,0.9668399999999999,0
0.9668700000000001,0.96683,0.96685,0
0.9668700000000001,0.9668200000000001,0.96686,0
0.96686,0.96683,0.9668700000000001,0
0.96685,0.96683,0.96688,0
0.9668399999999999,0.9668399999999999,0.96688,0
0.96683,0.96685,0.96688,0
0.96683,0.96686,0.9668700000000001,0
0.9668200000000001,0.9668700000000001,0.96686,0
0.96683,0.9668700000000001,0.96685,0
0.96683,0.96688,0.9668399999999999,0
0.9668399999999999,0.96688,0.96683,0
0.96685,0.9668700000000001,0.96683,0
0.96686,0.9668700000000001,0.9668200000000001,0
0.9668700000000001,0.96686,0.9668200000000001,0
0.96688,0.96685,0.96683,0
0.96688,0.9668399999999999,0.9668399999999999,0
0.96688,0.96683,0.96685,0
0.9668700000000001,0.9668200000000001,0.96686,0
0.96686,0.9668200000000001,0.9668700000000001,0
0.96685,0.96683,0.9668700000000001,0
0.9668399999999999,0.96683,0.96688,0
0.96683,0.9668399999999999,0.96688,0
0.96683,0.96685,0.9668700000000001,0
0.9668200000000001,0.96686,0.9668700000000001,0
0.9668200000000001,0.9668700000000001,0.96686,0
0.96683,0.9668700000000001,0.96685,0
0.9668399999999999,0.96688,0.9668399999999999,0
0.96685,0.96688,0.96683,0
0.96686,0.9668700000000001,0.9668200000000001,0
0.96686,0.96686,0.9668200000000001,0
0.9668700000000001,0.96685,0.96683,0
0.96688,0.9668399999999999,0.96683,0
0.96688,0.96683,0.9668399999999999,0
0.9668700000000001,0.96683,0.96685,0
0.9668700000000001,0.9668200000000001,0.96686,0
0.96686,0.9668200000000001,0.9668700000000001,0
0.96685,0.96683,0.9668700000000001,0
0.9668399999999999,0.96683,0.96688,0
0.96683,0.9668399999999999,0.9668700000000001,0
0.9668200000000001,0.96685,0.9668700000000001,0
0.9668200000000001,0.96686,0.96686,0
0.9668200000000001,0.9668700000000001,0.96685,0
0.96683,0.9668700000000001,0.9668399999999999,0
0.9668399999999999,0.96688,0.96683,0
0.96685,0.9668700000000001,0.96683,0
0.96686,0.9668700000000001,0.9668200000000001,0
0.9668700000000001,0.96686,0.9668200000000001,0
0.9668700000000001,0.96685,0.96683,0
0.96688,0.9668399999999999,0.96683,0
0.9668700000000001,0.96683,0.9668399999999999,0
0.9668700000000001,0.9668200000000001,0.96685,0
0.96686,0.9668200000000001,0.96686,0
0.96685,0.9668200000000001,0.9668700000000001,0
0.9668399999999999,0.96683,0.9668700000000001,0
0.9668399999999999,0.9668399999999999,0.9668700000000001,0
0.96683,0.96685,0.9668700000000001,0
0.9668200000000001,0.96686,0.9668700000000001,0
0.9668200000000001,0.96686,0.96686,0
0.9668200000000001,0.9668700000000001,0.96685,0
0.96683,0.9668700000000001,0.9668399999999999,0
0.9668399999999999,0.9668700000000001,0.96683,0
0.96685,0.9668700000000001,0.9668200000000001,0
0.96686,0.96686,0.9668200000000001,0
0.9668700000000001,0.96686,0.9668200000000001,0
0.9668700000000001,0.96685,0.96683,0
0.9668700000000001,0.9668399999999999,0.96683,0
0.9668700000000001,0.96683,0.9668399999999999,0
0.9668700000000001,0.9668200000000001,0.96685,0
0.96686,0.9668200000000001,0.96686,0
0.96685,0.9668200000000001,0.9668700000000001,0
0.9668399999999999,0.96683,0.9668700000000001,0
0.96683,0.9668399999999999,0.9668700000000001,0
0.9668200000000001,0.96685,0.9668700000000001,0
0.9668200000000001,0.96686,0.96686,0
0.9668200000000001,0.9668700000000001,0.96686,0
0.96683,0.9668700000000001,0.96685,0
0.96683,0.9668700000000001,0.9668399999999999,0
0.9668399999999999,0.9668700000000001,0.96683,0
0.96685,0.9668700000000001,0.9668200000000001,0
0.96686,0.96686,0.9668200000000001,0
0.9668700000000001,0.96685,0.9668200000000001,0
0.9668700000000001,0.9668399999999999,0.96683,0
0.9668700000000001,0.96683,0.9668399999999999,0
0.9668700000000001,0.9668200000000001,0.96685,0
0.96686,0.9668200000000001,0.96686,0
0.96686,0.9668200000000001,0.9668700000000001,0
0.96685,0.9668200000000001,0.9668700000000001,0
0.9668399999999999,0.96683,0.9668700000000001,0
0.96683,0.9668399999999999,0.9668700000000001,0
0.9668200000000001,0.96685,0.9668700000000001,0
0.9668200000000001,0.96686,0.96686,0
0.9668200000000001,0.9668700000000001,0.96685,0
0.96683,0.9668700000000001,0.9668399999999999,0
0.9668399999999999,0.9668700000000001,0.96683,0
0.96685,0.9668700000000001,0.9668200000000001,0
0.96686,0.96686,0.9668200000000001,0
0.96686,0.96686,0.9668200000000001,0
0.9668700000000001,0.96685,0.9668200000000001,0
0.9668700000000001,0.9668399999999999,0.96683,0
0.9668700000000001,0.96683,0.9668399999999999,0
0.9668700000000001,0.9668200000000001,0.96685,0
0.96686,0.9668200000000001,0.96686,0
0.96685,0.9668200000000001,0.9668700000000001,0
0.9668399999999999,0.96683,0.9668700000000001,0
0.96683,0.96683,0.9668700000000001,0
0.9668200000000001,0.9668399999999999,0.9668700000000001,0
0.9668200000000001,0.96685,0.9668700000000001,0
0.9668200000000001,0.96686,0.96686,0
0.9668200000000001,0.9668700000000001,0.96685,0
0.96683,0.9668700000000001,0.9668399999999999,0
0.9668399999999999,0.9668700000000001,0.96683,0
0.96685,0.9668700000000001,0.9668200000000001,0
0.96686,0.96686,0.9668200000000001,0
0.9668700000000001,0.96685,0.9668200000000001,0
0.9668700000000001,0.9668399999999999,0.9668200000000001,0
0.9668700000000001,0.96683,0.96683,0
0.9668700000000001,0.96683,0.9668399999999999,0
0.9668700000000001,0.9668200000000001,0.96685,0
0.96686,0.9668200000000001,0.96686,0
0.96685,0.9668200000000001,0.9668700000000001,0
0.9668399999999999,0.96683,0.9668700000000001,0
0.96683,0.9668399999999999,0.9668700000000001,0
0.9668200000000001,0.96685,0.9668700000000001,0
0.9668200000000001,0.96686,0.96686,0
0.9668200000000001,0.96686,0.96685,0
0.9668200000000001,0.9668700000000001,0.9668399999999999,0
0.96683,0.9668700000000001,0.96683,0
0.9668399999999999,0.9668700000000001,0.96683,0
0.96685,0.9668700000000001,0.9668200000000001,0
0.96686,0.96686,0.9668200000000001,0
0.9668700000000001,0.96685,0.9668200000000001,0
0.9668700000000001,0.9668399999999999,0.96683,0
0.9668700000000001,0.96683,0.96683,0
0.9668700000000001,0.9668200000000001,0.9668399999999999,0
0.96686,0.9668200000000001,0.96685,0
0.96685,0.9668200000000001,0.96686,0
0.9668399999999999,0.9668200000000001,0.9668700000000001,0
0.96683,0.96683,0.9668700000000001,0
0.96683,0.9668399999999999,0.9668700000000001,0
0.9668200000000001,0.96685,0.9668700000000001,0
0.9668200000000001,0.96686,0.96686,0
0.9668200000000001,0.9668700000000001,0.96685,0
0.9668200000000001,0.9668700000000001,0.9668399999999999,0
0.96683,0.9668700000000001,0.96683,0
0.9668399999999999,0.9668700000000001,0.9668200000000001,0
0.96685,0.96686,0.9668200000000001,0
0.96686,0.96685,0.9668200000000001,0
0.9668700000000001,0.96685,0.9668200000000001,0
0.9668700000000001,0.9668399999999999,0.96683,0
0.9668700000000001,0.96683,0.9668399999999999,0
0.9668700000000001,0.9668200000000001,0.96685,0
0.96686,0.9668200000000001,0.96686,0
0.96685,0.9668200000000001,0.96686,0
0.9668399999999999,0.9668200000000001,0.9668700000000001,0
0.96683,0.96683,0.9668700000000001,0
0.9668200000000001,0.9668399999999999,0.9668700000000001,0
0.9668200000000001,0.96685,0.96686,0
0.9668200000000001,0.96686,0.96686,0
0.9668200000000001,0.9668700000000001,0.96685,0
0.96683,0.9668700000000001,0.9668399999999999,0
0.9668399999999999,0.9668700000000001,0.96683,0
0.96685,0.9668700000000001,0.9668200000000001,0
0.96686,0.96686,0.9668200000000001,0
0.96686,0.96685,0.9668200000000001,0
0.9668700000000001,0.9668399999999999,0.9668200000000001,0
0.9668700000000001,0.96683,0.96683,0
0.9668700000000001,0.9668200000000001,0.9668399999999999,0
0.96686,0.9668200000000001,0.96685,0
0.96686,0.9668200000000001,0.96686,0
0.96685,0.9668200000000001,0.9668700000000001,0
0.9668399999999999,0.96683,0.9668700000000001,0
0.96683,0.96683,0.9668700000000001,0
0.9668200000000001,0.9668399999999999,0.9668700000000001,0
0.9668200000000001,0.96685,0.96686,0
0.9668200000000001,0.96686,0.96685,0
0.9668200000000001,0.9668700000000001,0.9668399999999999,0
0.96683,0.9668700000000001,0.96683,0
0.9668399999999999,0.9668700000000001,0.9668200000000001,0
0.96685,0.96686,0.9668200000000001,0
0.96686,0.96686,0.9668200000000001,0
0.96686,0.96685,0.9668200000000001,0
0.9668700000000001,0.9668399999999999,0.9668200000000001,0
0.9668700000000001,0.96683,0.96683,0
0.9668700000000001,0.9668200000000001,0.9668399999999999,0
0.96686,0.9668200000000001,0.96685,0
0.96685,0.9668200000000001,0.96686,0
0.9668399999999999,0.9668200000000001,0.9668700000000001,0
0.96683,0.96683,0.9668700000000001,0
0.9668200000000001,0.9668399999999999,0.9668700000000001,0
0.9668200000000001,0.96685,0.96686,0
0.9668200000000001,0.96686,0.96686,0
0.9668200000000001,0.96686,0.96685,0
0.9668200000000001,0.9668700000000001,0.9668399999999999,0
0.96683,0.9668700000000001,0.96683,0
0.9668399999999999,0.9668700000000001,0.9668200000000001,0
0.96685,0.96686,0.9668200000000001,0
0.96686,0.96685,0.9668200000000001,0
0.9668700000000001,0.9668399999999999,0.9668200000000001,0
0.9668700000000001,0.96683,0.96683,0
0.9668700000000001,0.9668200000000001,0.9668399999999999,0
0.96686,0.9668200000000001,0.96685,0
0.96686,0.9668200000000001,0.96686,0
0.96685,0.9668200000000001,0.96686,0
0.9668399999999999,0.9668200000000001,0.9668700000000001,0
0.96683,0.96683,0.9668700000000001,0
0.9668200000000001,0.9668399999999999,0.9668700000000001,0
0.9668200000000001,0.96685,0.96686,0
0.9668200000000001,0.96686,0.96685,0
0.9668200000000001,0.96686,0.9668399999999999,0
0.9668200000000001,0.9668700000000001,0.96683,0
0.96683,0.9668700000000001,0.96683,0
0.9668399999999999,0.96686,0.9668200000000001,0
0.96685,0.96686,0.9668200000000001,0
0.96686,0.96685,0.9668200000000001,0
0.9668700000000001,0.9668399999999999,0.9668200000000001,0
0.9668700000000001,0.96683,0.96683,0
0.9668700000000001,0.9668200000000001,0.9668399999999999,0
0.96686,0.9668200000000001,0.96685,0
0.96685,0.9668100000000001,0.96686,0
0.96685,0.9668200000000001,0.96686,0
0.9668399999999999,0.9668200000000001,0.9668700000000001,0
0.96683,0.96683,0.9668700000000001,0
0.9668200000000001,0.9668399999999999,0.9668700000000001,0
0.9668200000000001,0.96685,0.96686,0
0.9668200000000001,0.96686,0.96685,0
0.9668200000000001,0.9668700000000001,0.9668399999999999,0
0.96683,0.9668700000000001,0.96683,0
0.9668399999999999,0.9668700000000001,0.9668200000000001,0
0.96685,0.96686,0.9668200000000001,0
0.96686,0.96686,0.9668100000000001,0
0.96686,0.96685,0.9668200000000001,0
0.9668700000000001,0.9668399999999999,0.9668200000000001,0
0.9668700000000001,0.96683,0.96683,0
0.9668700000000001,0.9668200000000001,0.9668399999999999,0
0.96686,0.9668100000000001,0.96685,0
0.96685,0.9668100000000001,0.96686,0
0.9668399999999999,0.9668200000000001,0.9668700000000001,0
0.96683,0.96683,0.9668700000000001,0
0.9668200000000001,0.9668399999999999,0.9668700000000001,0
0.9668200000000001,0.96685,0.96686,0
0.9668100000000001,0.96685,0.96686,0
0.9668200000000001,0.96686,0.96685,0
0.9668200000000001,0.9668700000000001,0.9668399999999999,0
0.96683,0.9668700000000001,0.96683,0
0.9668399999999999,0.9668700000000001,0.9668200000000001,0
0.96685,0.96686,0.9668100000000001,0
0.96686,0.96685,0.9668100000000001,0
0.96686,0.9668399999999999,0.9668200000000001,0
0.9668700000000001,0.96683,0.9668200000000001,0
0.9668700000000001,0.9668200000000001,0.96683,0
0.96686,0.9668200000000001,0.9668399999999999,0
0.96686,0.9668100000000001,0.96685,0
0.96685,0.9668200000000001,0.96686,0
0.9668399999999999,0.9668200000000001,0.9668700000000001,0
0.96683,0.96683,0.9668700000000001,0
0.9668200000000001,0.9668399999999999,0.9668700000000001,0
0.9668200000000001,0.96685,0.96686,0
0.9668100000000001,0.96686,0.96685,0
0.9668200000000001,0.96686,0.9668399999999999,0
0.9668200000000001,0.9668700000000001,0.96683,0
0.96683,0.9668700000000001,0.9668200000000001,0
0.9668399999999999,0.96686,0.9668200000000001,0
0.96685,0.96686,0.9668100000000001,0
0.96686,0.96685,0.9668100000000001,0
0.9668700000000001,0.9668399999999999,0.9668200000000001,0
0.9668700000000001,0.96683,0.96683,0
0.9668700000000001,0.9668200000000001,0.9668399999999999,0
0.96686,0.9668200000000001,0.96685,0
0.96685,0.9668100000000001,0.96686,0
0.9668399999999999,0.9668200000000001,0.96686,0
0.96683,0.9668200000000001,0.9668700000000001,0
0.9668200000000001,0.96683,0.9668700000000001,0
0.9668200000000001,0.9668399999999999,0.96686,0
0.9668100000000001,0.96685,0.96686,0
0.9668100000000001,0.96686,0.96685,0
0.9668200000000001,0.9668700000000001,0.9668399999999999,0
0.96683,0.9668700000000001,0.96683,0
0.9668399999999999,0.9668700000000001,0.9668200000000001,0
0.96685,0.96686,0.9668200000000001,0
0.96686,0.96685,0.9668100000000001,0
0.96686,0.96685,0.9668200000000001,0
0.9668700000000001,0.9668399999999999,0.9668200000000001,0
0.9668700000000001,0.96683,0.96683,0
0.96686,0.9668200000000001,0.9668399999999999,0
0.96686,0.9668100000000001,0.96685,0
0.96685,0.9668100000000001,0.96686,0
0.9668399999999999,0.9668200000000001,0.96686,0
0.96683,0.96683,0.9668700000000001,0
0.9668200000000001,0.96683,0.9668700000000001,0
0.9668200000000001,0.9668399999999999,0.96686,0
0.9668100000000001,0.96685,0.96686,0
0.9668200000000001,0.96686,0.96685,0
0.9668200000000001,0.9668700000000001,0.9668399999999999,0
0.96683,0.9668700000000001,0.96683,0
0.9668399999999999,0.96686,0.9668200000000001,0
0.96685,0.96686,0.9668100000000001,0
0.96686,0.96685,0.9668100000000001,0
0.96686,0.9668399999999999,0.9668200000000001,0
0.9668700000000001,0.96683,0.9668200000000001,0
0.9668700000000001,0.9668200000000001,0.96683,0
0.96686,0.9668200000000001,0.9668399999999999,0
0.96686,0.9668100000000001,0.96685,0
0.96685,0.9668100000000001,0.96686,0
0.9668399999999999,0.9668200000000001,0.9668700000000001,0
0.96683,0.96683,0.9668700000000001,0
0.9668200000000001,0.9668399999999999,0.9668700000000001,0
0.9668100000000001,0.96685,0.96686,0
0.9668100000000001,0.96686,0.96685,0
0.9668200000000001,0.96686,0.9668399999999999,0
0.9668200000000001,0.9668700000000001,0.96683,0
0.96683,0.9668700000000001,0.9668200000000001,0
0.9668399999999999,0.96686,0.9668200000000001,0
0.96685,0.96686,0.9668100000000001,0
0.96686,0.96685,0.9668100000000001,0
0.9668700000000001,0.9668399999999999,0.9668200000000001,0
0.9668700000000001,0.96683,0.96683,0
0.9668700000000001,0.9668200000000001,0.9668399999999999,0
0.96686,0.9668100000000001,0.96685,0
0.96685,0.9668100000000001,0.96686,0
0.9668399999999999,0.9668200000000001,0.96686,0
0.96683,0.9668200000000001,0.9668700000000001,0
0.9668200000000001,0.96683,0.9668700000000001,0
0.9668200000000001,0.9668399999999999,0.96686,0
0.9668100000000001,0.96685,0.96686,0
0.9668100000000001,0.96686,0.96685,0
0.9668200000000001,0.96686,0.9668399999999999,0
0.96683,0.9668700000000001,0.96683,0
0.9668399999999999,0.9668700000000001,0.9668200000000001,0
0.96685,0.96686,0.9668200000000001,0
0.96685,0.96685,0.9668100000000001,0
0.96686,0.9668399999999999,0.9668200000000001,0
0.9668700000000001,0.96683,0.9668200000000001,0
0.9668700000000001,0.96683,0.96683,0
0.96686,0.9668200000000001,0.9668399999999999,0
0.96686,0.9668100000000001,0.96685,0
0.96685,0.9668100000000001,0.96686,0
0.9668399999999999,0.9668200000000001,0.96686,0
0.96683,0.9668200000000001,0.9668700000000001,0
0.9668200000000001,0.96683,0.9668700000000001,0
0.9668200000000001,0.9668399999999999,0.96686,0
0.9668100000000001,0.96685,0.96685,0
0.9668100000000001,0.96686,0.96685,0
0.9668200000000001,0.9668700000000001,0.9668399999999999,0
0.96683,0.9668700000000001,0.96683,0
0.9668399999999999,0.96686,0.9668200000000001,0
0.96685,0.96686,0.9668100000000001,0
0.96686,0.96685,0.9668100000000001,0
0.96686,0.9668399999999999,0.9668200000000001,0
0.9668700000000001,0.96683,0.9668200000000001,0
0.9668700000000001,0.9668200000000001,0.96683,0
0.96686,0.9668200000000001,0.9668399999999999,0
0.96686,0.9668100000000001,0.96685,0
0.96685,0.9668100000000001,0.96686,0
0.9668399999999999,0.9668200000000001,0.9668700000000001,0
0.96683,0.96683,0.9668700000000001,0
0.9668200000000001,0.9668399999999999,0.9668700000000001,0
0.9668100000000001,0.96685,0.96686,0
0.9668100000000001,0.96686,0.96685,0
0.9668200000000001,0.96686,0.9668399999999999,0
0.9668200000000001,0.9668700000000001,0.96683,0
0.96683,0.9668700000000001,0.9668200000000001,0
0.9668399999999999,0.96686,0.9668200000000001,0
0.96685,0.96686,0.9668100000000001,0
0.96686,0.96685,0.9668100000000001,0
0.96686,0.9668399999999999,0.9668200000000001,0
0.9668700000000001,0.96683,0.96683,0
0.9668700000000001,0.9668200000000001,0.9668399999999999,0
0.96686,0.9668100000000001,0.96685,0
0.96685,0.9668100000000001,0.96686,0
0.9668399999999999,0.9668200000000001,0.96686,0
0.96683,0.9668200000000001,0.9668700000000001,0
0.9668200000000001,0.96683,0.9668700000000001,0
0.9668200000000001,0.9668399999999999,0.96686,0
0.9668100000000001,0.96685,0.96686,0
0.9668100000000001,0.96686,0.96685,0
0.9668200000000001,0.96686,0.9668399999999999,0
0.96683,0.9668700000000001,0.96683,0
0.9668399999999999,0.9668700000000001,0.9668200000000001,0
0.96685,0.96686,0.9668200000000001,0
0.96685,0.96685,0.9668100000000001,0
0.96686,0.9668399999999999,0.9668200000000001,0
0.9668700000000001,0.96683,0.9668200000000001,0
0.9668700000000001,0.96683,0.96683,0
0.96686,0.9668200000000001,0.9668399999999999,0
0.96686,0.9668100000000001,0.96685,0
0.96685,0.9668100000000001,0.96686,0
0.9668399999999999,0.9668200000000001,0.96686,0
0.96683,0.9668200000000001,0.9668700000000001,0
0.9668200000000001,0.96683,0.9668700000000001,0
0.9668200000000001,0.9668399999999999,0.96686,0
0.9668100000000001,0.96685,0.96686,0
0.9668100000000001,0.96686,0.96685,0
0.9668200000000001,0.9668700000000001,0.9668399999999999,0
0.96683,0.9668700000000001,0.96683,0
0.9668399999999999,0.96686,0.9668200000000001,0
0.96685,0.96686,0.9668100000000001,0
0.96686,0.96685,0.9668100000000001,0
0.96686,0.9668399999999999,0.9668200000000001,0
0.9668700000000001,0.96683,0.9668200000000001,0
0.9668700000000001,0.9668200000000001,0.96683,0
0.96686,0.9668200000000001,0.9668399999999999,0
0.96686,0.9668100000000001,0.96685,0
0.96685,0.9668100000000001,0.96686,0
0.9668399999999999,0.9668200000000001,0.9668700000000001,0
0.96683,0.96683,0.9668700000000001,0
0.9668200000000001,0.9668399999999999,0.9668700000000001,0
0.9668100000000001,0.96685,0.96686,0
0.9668100000000001,0.96686,0.96685,0
0.9668200000000001,0.96686,0.9668399999999999,0
0.9668200000000001,0.9668700000000001,0.96683,0
0.96683,0.9668700000000001,0.9668200000000001,0
0.9668399999999999,0.96686,0.9668200000000001,0
0.96685,0.96686,0.9668100000000001,0
0.96686,0.96685,0.9668100000000001,0
0.9668700000000001,0.9668399999999999,0.9668200000000001,0
0.9668700000000001,0.96683,0.96683,0
0.9668700000000001,0.9668200000000001,0.9668399999999999,0
0.96686,0.9668200000000001,0.96685,0
0.96685,0.9668100000000001,0.96686,0
0.9668399999999999,0.9668200000000001,0.96686,0
0.96683,0.9668200000000001,0.9668700000000001,0
0.9668200000000001,0.96683,0.9668700000000001,0
0.9668200000000001,0.9668399999999999,0.96686,0
0.9668100000000001,0.96685,0.96686,0
0.9668100000000001,0.96686,0.96685,0
0.9668200000000001,0.96686,0.9668399999999999,0
0.96683,0.9668700000000001,0.96683,0
0.9668399999999999,0.9668700000000001,0.9668200000000001,0
0.96685,0.96686,0.9668200000000001,0
0.96685,0.96685,0.9668100000000001,0
0.96686,0.96685,0.9668200000000001,0
0.9668700000000001,0.9668399999999999,0.9668200000000001,0
0.9668700000000001,0.96683,0.96683,0
0.96686,0.9668200000000001,0.9668399999999999,0
0.96686,0.9668100000000001,0.96685,0
0.96685,0.9668100000000001,0.96686,0
0.9668399999999999,0.9668200000000001,0.96686,0
0.96683,0.96683,0.9668700000000001,0
0.9668200000000001,0.96683,0.9668700000000001,0
0.9668200000000001,0.9668399999999999,0.96686,0
0.9668100000000001,0.96685,0.96686,0
0.9668200000000001,0.96686,0.96685,0
0.9668200000000001,0.9668700000000001,0.9668399999999999,0
0.96683,0.9668700000000001,0.96683,0
0.9668399999999999,0.9668700000000001,0.9668200000000001,0
0.96685,0.96686,0.9668100000000001,0
0.96686,0.96685,0.9668100000000001,0
0.96686,0.9668399999999999,0.9668200000000001,0
0.9668700000000001,0.96683,0.9668200000000001,0
0.9668700000000001,0.9668200000000001,0.96683,0
0.96686,0.9668200000000001,0.9668399999999999,0
0.96686,0.9668100000000001,0.96685,0
0.96685,0.9668200000000001,0.96686,0
0.9668399999999999,0.9668200000000001,0.9668700000000001,0
0.96683,0.96683,0.9668700000000001,0
0.9668200000000001,0.9668399999999999,0.9668700000000001,0
0.9668200000000001,0.96685,0.96686,0
0.9668100000000001,0.96686,0.96685,0
0.9668200000000001,0.96686,0.9668399999999999,0
0.9668200000000001,0.9668700000000001,0.96683,0
0.96683,0.9668700000000001,0.9668200000000001,0
0.9668399999999999,0.96686,0.9668200000000001,0
0.96685,0.96686,0.9668100000000001,0
0.96686,0.96685,0.9668100000000001,0
0.9668700000000001,0.9668399999999999,0.9668200000000001,0
0.9668700000000001,0.96683,0.96683,0
0.9668700000000001,0.9668200000000001,0.9668399999999999,0
0.96686,0.9668200000000001,0.96685,0
0.96685,0.9668100000000001,0.96686,0
0.96685,0.9668200000000001,0.96686,0
0.9668399999999999,0.9668200000000001,0.9668700000000001,0
0.96683,0.96683,0.9668700000000001,0
0.9668200000000001,0.9668399999999999,0.9668700000000001,0
0.9668100000000001,0.96685,0.96686,0
0.9668100000000001,0.96686,0.96685,0
0.9668200000000001,0.9668700000000001,0.9668399999999999,0
0.96683,0.9668700000000001,0.96683,0
0.9668399999999999,0.9668700000000001,0.9668200000000001,0
0.96685,0.96686,0.9668200000000001,0
0.96686,0.96686,0.9668100000000001,0
0.96686,0.96685,0.9668200000000001,0
0.9668700000000001,0.9668399999999999,0.9668200000000001,0
0.9668700000000001,0.96683,0.96683,0
0.9668700000000001,0.9668200000000001,0.9668399999999999,0
0.96686,0.9668200000000001,0.96685,0
0.96685,0.9668100000000001,0.96686,0
0.9668399999999999,0.9668200000000001,0.9668700000000001,0
0.96683,0.96683,0.9668700000000001,0
0.9668200000000001,0.9668399999999999,0.9668700000000001,0
0.9668200000000001,0.96685,0.96686,0
0.9668100000000001,0.96686,0.96686,0
0.9668200000000001,0.96686,0.96685,0
0.9668200000000001,0.9668700000000001,0.9668399999999999,0
0.96683,0.9668700000000001,0.96683,0
0.9668399999999999,0.9668700000000001,0.9668200000000001,0
0.96685,0.96686,0.9668200000000001,0
0.96686,0.96685,0.9668100000000001,0
0.9668700000000001,0.9668399999999999,0.9668200000000001,0
0.9668700000000001,0.96683,0.96683,0
0.9668700000000001,0.9668200000000001,0.96683,0
0.96686,0.9668200000000001,0.9668399999999999,0
0.96686,0.9668200000000001,0.96685,0
0.96685,0.9668200000000001,0.96686,0
0.9668399999999999,0.9668200000000001,0.9668700000000001,0
0.96683,0.96683,0.9668700000000001,0
0.9668200000000001,0.9668399999999999,0.9668700000000001,0
0.9668200000000001,0.96685,0.96686,0
0.9668200000000001,0.96686,0.96685,0
0.9668200000000001,0.96686,0.96685,0
0.9668200000000001,0.9668700000000001,0.96683,0
0.96683,0.9668700000000001,0.96683,0
0.9668399999999999,0.9668700000000001,0.9668200000000001,0
0.96685,0.96686,0.9668200000000001,0
0.96686,0.96685,0.9668200000000001,0
0.9668700000000001,0.9668399999999999,0.9668200000000001,0
0.9668700000000001,0.96683,0.96683,0
0.9668700000000001,0.9668200000000001,0.9668399999999999,0
0.96686,0.9668200000000001,0.96685,0
0.96686,0.9668200000000001,0.96686,0
0.96685,0.9668200000000001,0.96686,0
0.9668399999999999,0.9668200000000001,0.9668700000000001,0
0.96683,0.96683,0.9668700000000001,0
0.9668200000000001,0.9668399999999999,0.9668700000000001,0
0.9668200000000001,0.96685,0.96686,0
0.9668200000000001,0.96686,0.96685,0
0.9668200000000001,0.9668700000000001,0.9668399999999999,0
0.96683,0.9668700000000001,0.96683,0
0.9668399999999999,0.9668700000000001,0.9668200000000001,0
0.96685,0.96686,0.9668200000000001,0
0.96686,0.96686,0.9668200000000001,0
0.96686,0.96685,0.9668200000000001,0
0.9668700000000001,0.9668399999999999,0.9668200000000001,0
0.9668700000000001,0.96683,0.96683,0
0.9668700000000001,0.9668200000000001,0.9668399999999999,0
0.96686,0.9668200000000001,0.96685,0
0.96685,0.9668200000000001,0.96686,0
0.9668399999999999,0.9668200000000001,0.9668700000000001,0
0.96683,0.96683,0.9668700000000001,0
0.9668200000000001,0.9668399999999999,0.9668700000000001,0
0.9668200000000001,0.96685,0.9668700000000001,0
0.9668200000000001,0.96686,0.96686,0
0.9668200000000001,0.96686,0.96685,0
0.9668200000000001,0.9668700000000001,0.9668399999999999,0
0.96683,0.9668700000000001,0.96683,0
0.9668399999999999,0.9668700000000001,0.9668200000000001,0
0.96685,0.96686,0.9668200000000001,0
0.96686,0.96685,0.9668200000000001,0
0.9668700000000001,0.96685,0.9668200000000001,0
0.9668700000000001,0.96683,0.96683,0
0.9668700000000001,0.96683,0.9668399999999999,0
0.9668700000000001,0.9668200000000001,0.96685,0
0.96686,0.9668200000000001,0.96686,0
0.96685,0.9668200000000001,0.96686,0
0.9668399999999999,0.9668200000000001,0.9668700000000001,0
0.96683,0.96683,0.9668700000000001,0
0.9668200000000001,0.9668399999999999,0.9668700000000001,0
0.9668200000000001,0.96685,0.96686,0
0.9668200000000001,0.96686,0.96686,0
0.9668200000000001,0.9668700000000001,0.96685,0
0.96683,0.9668700000000001,0.9668399999999999,0
0.96683,0.9668700000000001,0.96683,0
0.96685,0.9668700000000001,0.9668200000000001,0
0.96685,0.96686,0.9668200000000001,0
0.96686,0.96685,0.9668200000000001,0
0.9668700000000001,0.9668399999999999,0.9668200000000001,0
0.9668700000000001,0.96683,0.96683,0
0.9668700000000001,0.9668200000000001,0.9668399999999999,0
0.96686,0.9668200000000001,0.96685,0
0.96686,0.9668200000000001,0.96686,0
0.96685,0.9668200000000001,0.9668700000000001,0
0.9668399999999999,0.96683,0.9668700000000001,0
0.96683,0.96683,0.9668700000000001,0
0.9668200000000001,0.9668399999999999,0.9668700000000001,0
0.9668200000000001,0.96685,0.96686,0
0.9668200000000001,0.96686,0.96685,0
0.9668200000000001,0.9668700000000001,0.9668399999999999,0
0.96683,0.9668700000000001,0.96683,0
0.9668399999999999,0.9668700000000001,0.96683,0
0.96685,0.9668700000000001,0.9668200000000001,0
0.96686,0.96686,0.9668200000000001,0
0.9668700000000001,0.96685,0.9668200000000001,0
0.9668700000000001,0.9668399999999999,0.9668200000000001,0
0.9668700000000001,0.96683,0.96683,0
0.9668700000000001,0.9668200000000001,0.9668399999999999,0
0.96686,0.9668200000000001,0.96685,0
0.96685,0.9668200000000001,0.96686,0
0.96685,0.9668200000000001,0.9668700000000001,0
0.9668399999999999,0.96683,0.9668700000000001,0
0.96683,0.9668399999999999,0.9668700000000001,0
0.9668200000000001,0.96685,0.9668700000000001,0
0.9668200000000001,0.96686,0.96686,0
0.9668200000000001,0.9668700000000001,0.96685,0
0.9668200000000001,0.9668700000000001,0.9668399999999999,0
0.96683,0.9668700000000001,0.96683,0
0.9668399999999999,0.9668700000000001,0.9668200000000001,0
0.96685,0.96686,0.9668200000000001,0
0.96686,0.96686,0.9668200000000001,0
0.9668700000000001,0.96685,0.9668200000000001,0
0.9668700000000001,0.9668399999999999,0.96683,0
0.9668700000000001,0.96683,0.9668399999999999,0
0.9668700000000001,0.9668200000000001,0.96685,0
0.96686,0.9668200000000001,0.96686,0
0.96685,0.9668200000000001,0.96686,0
0.9668399999999999,0.9668200000000001,0.9668700000000001,0
0.96683,0.96683,0.9668700000000001,0
0.9668200000000001,0.9668399999999999,0.9668700000000001,0
0.9668200000000001,0.96685,0.9668700000000001,0
0.9668200000000001,0.96686,0.96686,0
0.9668200000000001,0.9668700000000001,0.96685,0
0.96683,0.9668700000000001,0.9668399999999999,0
0.9668399999999999,0.9668700000000001,0.96683,0
0.96685,0.9668700000000001,0.9668200000000001,0
0.96686,0.96686,0.9668200000000001,0
0.96686,0.96685,0.9668200000000001,0
0.9668700000000001,0.9668399999999999,0.9668200000000001,0
0.9668700000000001,0.96683,0.96683,0
0.9668700000000001,0.96683,0.9668399999999999,0
0.9668700000000001,0.9668200000000001,0.96685,0
0.96686,0.9668200000000001,0.96686,0
0.96685,0.9668200000000001,0.9668700000000001,0
0.9668399999999999,0.96683,0.9668700000000001,0
0.96683,0.9668399999999999,0.9668700000000001,0
0.9668200000000001,0.96685,0.9668700000000001,0
0.9668200000000001,0.96686,0.96686,0
0.9668200000000001,0.96686,0.96686,0
0.9668200000000001,0.9668700000000001,0.96685,0
0.96683,0.9668700000000001,0.9668399999999999,0
0.9668399999999999,0.9668700000000001,0.96683,0
0.96685,0.9668700000000001,0.9668200000000001,0
0.96686,0.96686,0.9668200000000001,0
0.9668700000000001,0.96685,0.9668200000000001,0
0.9668700000000001,0.9668399999999999,0.96683,0
0.9668700000000001,0.96683,0.96683,0
0.9668700000000001,0.9668200000000001,0.96685,0
0.96686,0.9668200000000001,0.96686,0
0.96686,0.9668200000000001,0.96686,0
0.96685,0.9668200000000001,0.9668700000000001,0
0.9668399999999999,0.96683,0.9668700000000001,0
0.96683,0.9668399999999999,0.9668700000000001,0
0.9668200000000001,0.96685,0.9668700000000001,0
0.9668200000000001,0.96686,0.96686,0
0.9668200000000001,0.9668700000000001,0.96685,0
0.96683,0.9668700000000001,0.9668399999999999,0
0.96683,0.9668700000000001,0.96683,0
0.9668399999999999,0.9668700000000001,0.96683,0
0.96685,0.9668700000000001,0.9668200000000001,0
0.96686,0.96686,0.9668200000000001,0
0.9668700000000001,0.96685,0.9668200000000001,0
0.9668700000000001,0.9668399999999999,0.96683,0
0.9668700000000001,0.96683,0.9668399999999999,0
0.9668700000000001,0.9668200000000001,0.96685,0
0.96686,0.9668200000000001,0.96686,0
0.96685,0.9668200000000001,0.9668700000000001,0
0.9668399999999999,0.96683,0.9668700000000001,0
0.96683,0.96683,0.9668700000000001,0
0.96683,0.9668399999999999,0.9668700000000001,0
0.9668200000000001,0.96685,0.9668700000000001,0
0.9668200000000001,0.96686,0.96686,0
0.9668200000000001,0.9668700000000001,0.96685,0
0.96683,0.9668700000000001,0.9668399999999999,0
0.9668399999999999,0.9668700000000001,0.96683,0
0.96685,0.9668700000000001,0.9668200000000001,0
0.96686,0.96686,0.9668200000000001,0
0.9668700000000001,0.96686,0.9668200000000001,0
0.9668700000000001,0.96685,0.96683,0
0.9668700000000001,0.9668399999999999,0.96683,0
0.9668700000000001,0.96683,0.9668399999999999,0
0.9668700000000001,0.9668200000000001,0.96685,0
0.96686,0.9668200000000001,0.96686,0
0.96685,0.9668200000000001,0.9668700000000001,0
0.9668399999999999,0.96683,0.9668700000000001,0
0.96683,0.9668399999999999,0.9668700000000001,0
0.9668200000000001,0.96685,0.9668700000000001,0
0.9668200000000001,0.96686,0.9668700000000001,0
0.9668200000000001,0.9668700000000001,0.96686,0
0.9668200000000001,0.9668700000000001,0.96685,0
0.96683,0.9668700000000001,0.9668399999999999,0
0.9668399999999999,0.9668700000000001,0.96683,0
0.96685,0.9668700000000001,0.9668200000000001,0
0.96686,0.96686,0.9668200000000001,0
0.9668700000000001,0.96685,0.9668200000000001,0
0.9668700000000001,0.9668399999999999,0.96683,0
0.9668700000000001,0.96683,0.9668399999999999,0
0.9668700000000001,0.96683,0.96685,0
0.9668700000000001,0.9668200000000001,0.96686,0
0.96686,0.9668200000000001,0.9668700000000001,0
0.96685,0.9668200000000001,0.9668700000000001,0
0.9668399999999999,0.96683,0.9668700000000001,0
0.96683,0.9668399999999999,0.9668700000000001,0
0.9668200000000001,0.96685,0.9668700000000001,0
0.9668200000000001,0.96686,0.96686,0
0.9668200000000001,0.9668700000000001,0.96685,0
0.96683,0.9668700000000001,0.9668399999999999,0
0.9668399999999999,0.9668700000000001,0.96683,0
0.96685,0.9668700000000001,0.96683,0
0.96686,0.9668700000000001,0.9668200000000001,0
0.96686,0.96686,0.9668200000000001,0
0.9668700000000001,0.96685,0.9668200000000001,0
0.9668700000000001,0.9668399999999999,0.96683,0
0.9668700000000001,0.96683,0.9668399999999999,0
0.9668700000000001,0.9668200000000001,0.96685,0
0.96686,0.9668200000000001,0.96686,0
0.96686,0.9668200000000001,0.9668700000000001,0
0.96685,0.96683,0.9668700000000001,0
0.9668399999999999,0.9668399999999999,0.96688,0
0.96683,0.96685,0.9668700000000001,0
0.9668200000000001,0.96686,0.9668700000000001,0
0.9668200000000001,0.96686,0.96686,0
0.9668200000000001,0.9668700000000001,0.96685,0
0.96683,0.9668700000000001,0.9668399999999999,0
0.9668399999999999,0.96688,0.96683,0
0.96685,0.9668700000000001,0.96683,0
0.96686,0.9668700000000001,0.9668200000000001,0
0.9668700000000001,0.96686,0.9668200000000001,0
0.9668700000000001,0.96685,0.96683,0
0.96688,0.9668399999999999,0.96683,0
0.9668700000000001,0.96683,0.9668399999999999,0
0.9668700000000001,0.9668200000000001,0.96685,0
0.96686,0.9668200000000001,0.96686,0
0.96685,0.9668200000000001,0.9668700000000001,0
0.9668399999999999,0.96683,0.96688,0
0.96683,0.9668399999999999,0.96688,0
0.96683,0.96685,0.9668700000000001,0
0.9668200000000001,0.96686,0.9668700000000001,0
0.9668200000000001,0.9668700000000001,0.96686,0
0.96683,0.9668700000000001,0.96685,0
0.96683,0.96688,0.9668399999999999,0
0.9668399999999999,0.96688,0.96683,0
0.96685,0.9668700000000001,0.9668200000000001,0
0.96686,0.96686,0.9668200000000001,0
0.9668700000000001,0.96685,0.9668200000000001,0
0.96688,0.9668399999999999,0.96683,0
0.96688,0.9668399999999999,0.9668399999999999,0
0.9668700000000001,0.96683,0.96685,0
0.9668700000000001,0.9668200000000001,0.96686,0
0.96686,0.9668200000000001,0.9668700000000001,0
0.96685,0.96683,0.9668700000000001,0
0.9668399999999999,0.96683,0.96688,0
0.96683,0.9668399999999999,0.96688,0
0.96683,0.96685,0.9668700000000001,0
0.9668200000000001,0.96686,0.9668700000000001,0
0.9668200000000001,0.9668700000000001,0.96686,0
0.96683,0.96688,0.96685,0
0.9668399999999999,0.96688,0.9668399999999999,0
0.96685,0.9668700000000001,0.96683,0
0.96686,0.9668700000000001,0.9668200000000001,0
0.9668700000000001,0.96686,0.9668200000000001,0
0.9668700000000001,0.96685,0.96683,0
0.96688,0.9668399999999999,0.96683,0
0.96688,0.96683,0.9668399999999999,0
0.9668700000000001,0.96683,0.96685,0
0.9668700000000001,0.9668200000000001,0.96686,0
0.96686,0.9668200000000001,0.9668700000000001,0
0.96685,0.96683,0.96688,0
0.9668399999999999,0.9668399999999999,0.96688,0
0.96683,0.96685,0.96688,0
0.9668200000000001,0.96686,0.9668700000000001,0
0.9668200000000001,0.9668700000000001,0.96686,0
0.96683,0.9668700000000001,0.96685,0
0.96683,0.96688,0.9668399999999999,0
0.9668399999999999,0.96688,0.96683,0
0.96685,0.9668700000000001,0.96683,0
0.96686,0.9668700000000001,0.9668200000000001,0
0.9668700000000001,0.96686,0.9668200000000001,0
0.96688,0.96685,0.96683,0
0.96688,0.9668399999999999,0.9668399999999999,0
0.96688,0.96683,0.96685,0
0.9668700000000001,0.96683,0.96686,0
0.96686,0.9668200000000001,0.9668700000000001,0
0.96686,0.96683,0.9668700000000001,0
0.96685,0.96683,0.96688,0
0.9668399999999999,0.9668399999999999,0.96688,0
0.96683,0.96685,0.9668700000000001,0
0.9668200000000001,0.96686,0.9668700000000001,0
0.9668200000000001,0.9668700000000001,0.96686,0
0.96683,0.9668700000000001,0.96685,0
0.9668399999999999,0.96688,0.9668399999999999,0
0.96685,0.96688,0.96683,0
0.96686,0.9668700000000001,0.96683,0
0.96686,0.9668700000000001,0.9668200000000001,0
0.9668700000000001,0.96686,0.96683,0
0.96688,0.96685,0.96683,0
0.96688,0.9668399999999999,0.9668399999999999,0
0.96688,0.96683,0.96685,0
0.9668700000000001,0.9668200000000001,0.96686,0
0.96686,0.9668200000000001,0.9668700000000001,0
0.96685,0.96683,0.9668700000000001,0
0.9668399999999999,0.9668399999999999,0.96688,0
0.96683,0.9668399999999999,0.96688,0
0.96683,0.96685,0.9668700000000001,0
0.9668200000000001,0.96686,0.9668700000000001,0
0.96683,0.9668700000000001,0.96686,0
0.96683,0.96688,0.96685,0
0.9668399999999999,0.96688,0.9668399999999999,0
0.96685,0.96688,0.96683,0
0.96686,0.9668700000000001,0.96683,0
0.9668700000000001,0.96686,0.9668200000000001,0
0.9668700000000001,0.96685,0.96683,0
0.96688,0.9668399999999999,0.96683,0
0.96688,0.96683,0.9668399999999999,0
0.9668700000000001,0.96683,0.96685,0
0.9668700000000001,0.9668200000000001,0.96686,0
0.96686,0.96683,0.9668700000000001,0
0.96685,0.96683,0.96688,0
0.9668399999999999,0.9668399999999999,0.96688,0
0.96683,0.96685,0.96688,0
0.96683,0.96686,0.9668700000000001,0
0.9668200000000001,0.9668700000000001,0.96686,0
0.96683,0.9668700000000001,0.96686,0
0.96683,0.96688,0.96685,0
0.9668399999999999,0.96688,0.9668399999999999,0
0.96685,0.96688,0.96683,0
0.96686,0.9668700000000001,0.96683,0
0.9668700000000001,0.96686,0.96683,0
0.96688,0.96685,0.96683,0
0.96688,0.9668399999999999,0.9668399999999999,0
0.96688,0.96683,0.96685,0
0.9668700000000001,0.96683,0.96686,0
0.9668700000000001,0.96683,0.9668700000000001,0
0.96686,0.96683,0.9668700000000001,0
0.96685,0.96683,0.96688,0
0.9668399999999999,0.9668399999999999,0.96688,0
0.96683,0.96685,0.96688,0
0.96683,0.96686,0.9668700000000001,0
0.96683,0.9668700000000001,0.96686,0
0.96683,0.96688,0.96685,0
0.9668399999999999,0.96688,0.9668399999999999,0
0.96685,0.96688,0.96683,0
0.96686,0.9668700000000001,0.96683,0
0.9668700000000001,0.9668700000000001,0.96683,0
0.9668700000000001,0.96686,0.96683,0
0.96688,0.96685,0.96683,0
0.96688,0.9668399999999999,0.9668399999999999,0
0.96688,0.96683,0.96685,0
0.9668700000000001,0.96683,0.96686,0
0.96686,0.96683,0.9668700000000001,0
0.96685,0.96683,0.96688,0
0.9668399999999999,0.9668399999999999,0.96688,0
0.96683,0.96685,0.96688,0
0.96683,0.96686,0.96688,0
0.96683,0.9668700000000001,0.9668700000000001,0
0.96683,0.9668700000000001,0.96686,0
0.96683,0.96688,0.96685,0
0.9668399999999999,0.96688,0.9668399999999999,0
0.96685,0.96688,0.96683,0
0.96686,0.9668700000000001,0.96683,0
0.9668700000000001,0.96686,0.96683,0
0.96688,0.96686,0.96683,0
0.96688,0.96685,0.9668399999999999,0
0.96688,0.9668399999999999,0.9668399999999999,0
0.96688,0.96683,0.96686,0
0.9668700000000001,0.96683,0.96686,0
0.96686,0.96683,0.9668700000000001,0
0.96685,0.96683,0.96688,0
0.9668399999999999,0.9668399999999999,0.96688,0
0.96683,0.96685,0.96688,0
0.96683,0.96686,0.9668700000000001,0
0.96683,0.9668700000000001,0.9668700000000001,0
0.96683,0.96688,0.96686,0
0.9668399999999999,0.96688,0.96685,0
0.9668399999999999,0.96688,0.9668399999999999,0
0.96685,0.96688,0.96683,0
0.96686,0.9668700000000001,0.96683,0
0.9668700000000001,0.96686,0.96683,0
0.96688,0.96685,0.96683,0
0.96688,0.9668399999999999,0.9668399999999999,0
0.96688,0.96683,0.96685,0
0.9668700000000001,0.96683,0.96686,0
0.9668700000000001,0.96683,0.9668700000000001,0
0.96686,0.96683,0.96688,0
0.96685,0.96683,0.96688,0
0.9668399999999999,0.9668399999999999,0.96688,0
0.96683,0.96685,0.96688,0
0.96683,0.96686,0.9668700000000001,0
0.96683,0.9668700000000001,0.96686,0
0.96683,0.96688,0.96685,0
0.9668399999999999,0.96688,0.9668399999999999,0
0.96685,0.96688,0.9668399999999999,0
0.96686,0.96688,0.96683,0
0.9668700000000001,0.9668700000000001,0.96683,0
0.9668700000000001,0.96686,0.96683,0
0.96688,0.96685,0.96683,0
0.96688,0.9668399999999999,0.9668399999999999,0
0.96688,0.96683,0.96685,0
0.9668700000000001,0.96683,0.96686,0
0.96686,0.96683,0.9668700000000001,0
0.96686,0.96683,0.96688,0
0.96685,0.9668399999999999,0.96688,0
0.9668399999999999,0.96685,0.96688,0
0.96683,0.96686,0.96688,0
0.96683,0.9668700000000001,0.9668700000000001,0
0.96683,0.9668700000000001,0.96686,0
0.96683,0.96688,0.96685,0
0.9668399999999999,0.96688,0.9668399999999999,0
0.96685,0.96688,0.96683,0
0.96686,0.9668700000000001,0.96683,0
0.9668700000000001,0.9668700000000001,0.96683,0
0.96688,0.96686,0.96683,0
0.96688,0.96685,0.9668399999999999,0
0.96688,0.9668399999999999,0.96685,0
0.96688,0.96683,0.96686,0
0.9668700000000001,0.96683,0.9668700000000001,0
0.96686,0.96683,0.9668700000000001,0
0.96685,0.96683,0.96688,0
0.9668399999999999,0.9668399999999999,0.96688,0
0.96683,0.96685,0.96688,0
0.96683,0.96686,0.9668700000000001,0
0.96683,0.9668700000000001,0.9668700000000001,0
0.96683,0.96688,0.96686,0
0.9668399999999999,0.96688,0.96685,0
0.96685,0.96688,0.9668399999999999,0
0.96686,0.96688,0.96683,0
0.96686,0.9668700000000001,0.96683,0
0.9668700000000001,0.96686,0.96683,0
0.96688,0.96685,0.96683,0
0.96688,0.9668399999999999,0.9668399999999999,0
0.96688,0.9668399999999999,0.96685,0
0.96688,0.96683,0.96686,0
0.9668700000000001,0.96683,0.9668700000000001,0
0.96686,0.96683,0.96688,0
0.96685,0.9668399999999999,0.96688,0
0.9668399999999999,0.9668399999999999,0.96688,0
0.96683,0.96685,0.96688,0
0.96683,0.96686,0.9668700000000001,0
0.96683,0.9668700000000001,0.96686,0
0.96683,0.96688,0.96685,0
0.9668399999999999,0.96688,0.9668399999999999,0
0.96685,0.96688,0.9668399999999999,0
0.96686,0.96688,0.96683,0
0.9668700000000001,0.9668700000000001,0.96683,0
0.96688,0.96686,0.96683,0
0.96688,0.96685,0.96683,0
0.96688,0.9668399999999999,0.9668399999999999,0
0.96688,0.96683,0.96685,0
0.9668700000000001,0.96683,0.96686,0
0.9668700000000001,0.96683,0.9668700000000001,0
0.96686,0.96683,0.96688,0
0.96685,0.9668399999999999,0.96688,0
0.9668399999999999,0.96685,0.96688,0
0.96683,0.96686,0.96688,0
0.96683,0.9668700000000001,0.9668700000000001,0
0.96683,0.96688,0.96686,0
0.96683,0.96688,0.96685,0
0.9668399999999999,0.96688,0.9668399999999999,0
0.96685,0.96688,0.96683,0
0.96686,0.9668700000000001,0.96683,0
0.9668700000000001,0.9668700000000001,0.96683,0
0.96688,0.96686,0.96683,0
0.96688,0.96685,0.9668399999999999,0
0.96688,0.9668399999999999,0.96685,0
0.96688,0.96683,0.96686,0
0.9668700000000001,0.96683,0.9668700000000001,0
0.96686,0.96683,0.9668700000000001,0
0.96685,0.96683,0.96688,0
0.9668399999999999,0.9668399999999999,0.96688,0
0.96683,0.96685,0.96688,0
0.96683,0.96686,0.96688,0
0.96683,0.9668700000000001,0.9668700000000001,0
0.96683,0.96688,0.96686,0
0.9668399999999999,0.96688,0.96685,0
0.96685,0.96688,0.9668399999999999,0
0.96686,0.96688,0.96683,0
0.9668700000000001,0.9668700000000001,0.96683,0
0.9668700000000001,0.96686,0.96683,0
0.96688,0.96685,0.96683,0
0.96688,0.9668399999999999,0.9668399999999999,0
0.96688,0.9668399999999999,0.96685,0
0.96688,0.96683,0.96686,0
0.9668700000000001,0.96683,0.9668700000000001,0
0.96686,0.96683,0.96688,0
0.96685,0.9668399999999999,0.96688,0
0.9668399999999999,0.9668399999999999,0.96688,0
0.96683,0.96685,0.96688,0
0.96683,0.96686,0.9668700000000001,0
0.96683,0.9668700000000001,0.9668700000000001,0
0.96683,0.96688,0.96686,0
0.9668399999999999,0.96688,0.96685,0
0.96685,0.96688,0.9668399999999999,0
0.96686,0.96688,0.96683,0
0.9668700000000001,0.9668700000000001,0.96683,0
0.96688,0.96686,0.96683,0
0.96688,0.96685,0.9668399999999999,0
0.96688,0.9668399999999999,0.9668399999999999,0
0.96688,0.96683,0.96685,0
0.9668700000000001,0.96683,0.96686,0
0.9668700000000001,0.96683,0.9668700000000001,0
0.96686,0.96683,0.96688,0
0.96685,0.9668399999999999,0.96688,0
0.9668399999999999,0.96685,0.96688,0
0.96683,0.96686,0.96688,0
0.96683,0.9668700000000001,0.9668700000000001,0
0.96683,0.96688,0.96686,0
0.96683,0.96688,0.96685,0
0.9668399999999999,0.96688,0.9668399999999999,0
0.96685,0.96688,0.96683,0
0.96686,0.96688,0.96683,0
0.9668700000000001,0.9668700000000001,0.96683,0
0.96688,0.96686,0.96683,0
0.96688,0.96685,0.9668399999999999,0
0.96688,0.9668399999999999,0.96685,0
0.96688,0.96683,0.96686,0
0.9668700000000001,0.96683,0.9668700000000001,0
0.96686,0.96683,0.9668700000000001,0
0.96685,0.96683,0.96688,0
0.9668399999999999,0.9668399999999999,0.96688,0
0.9668399999999999,0.96685,0.96688,0
0.96683,0.96686,0.96688,0
0.96683,0.9668700000000001,0.9668700000000001,0
0.96683,0.96688,0.96686,0
0.9668399999999999,0.96688,0.96685,0
0.96685,0.96688,0.9668399999999999,0
0.96686,0.96688,0.96683,0
0.9668700000000001,0.9668700000000001,0.96683,0
0.9668700000000001,0.96686,0.96683,0
0.96688,0.96685,0.96683,0
0.96688,0.9668399999999999,0.9668399999999999,0
0.96688,0.9668399999999999,0.96685,0
0.96688,0.96683,0.96686,0
0.9668700000000001,0.96683,0.9668700000000001,0
0.96686,0.96683,0.96688,0
0.96685,0.9668399999999999,0.96688,0
0.9668399999999999,0.9668399999999999,0.96688,0
0.96683,0.96685,0.96688,0
0.96683,0.96686,0.9668700000000001,0
0.96683,0.9668700000000001,0.9668700000000001,0
0.96683,0.96688,0.96686,0
0.9668399999999999,0.96688,0.96685,0
0.96685,0.96688,0.9668399999999999,0
0.96686,0.96688,0.96683,0
0.9668700000000001,0.9668700000000001,0.96683,0
0.96688,0.96686,0.96683,0
0.96688,0.96685,0.9668399999999999,0
0.96688,0.9668399999999999,0.9668399999999999,0
0.96688,0.96683,0.96685,0
0.9668700000000001,0.96683,0.96686,0
0.9668700000000001,0.96683,0.9668700000000001,0
0.96686,0.96683,0.96688,0
0.96685,0.9668399999999999,0.96688,0
0.9668399999999999,0.96685,0.96688,0
0.96683,0.96686,0.96688,0
0.96683,0.9668700000000001,0.9668700000000001,0
0.96683,0.96688,0.96686,0
0.96683,0.96688,0.96685,0
0.9668399999999999,0.96688,0.9668399999999999,0
0.96685,0.96688,0.96683,0
0.96686,0.96688,0.96683,0
0.9668700000000001,0.9668700000000001,0.96683,0
0.96688,0.96686,0.96683,0
0.96688,0.96685,0.9668399999999999,0
0.96688,0.9668399999999999,0.96685,0
0.96688,0.96683,0.96686,0
0.9668700000000001,0.96683,0.9668700000000001,0
0.96686,0.96683,0.9668700000000001,0
0.96685,0.96683,0.96688,0
0.9668399999999999,0.9668399999999999,0.96688,0
0.9668399999999999,0.96685,0.96688,0
0.96683,0.96686,0.96688,0
0.96683,0.9668700000000001,0.9668700000000001,0
0.96683,0.96688,0.96686,0
0.9668399999999999,0.96688,0.96685,0
0.96685,0.96688,0.9668399999999999,0
0.96686,0.96688,0.96683,0
0.9668700000000001,0.9668700000000001,0.96683,0
0.9668700000000001,0.96686,0.96683,0
0.96688,0.96685,0.96683,0
0.96688,0.9668399999999999,0.9668399999999999,0
0.96688,0.9668399999999999,0.96685,0
0.96688,0.96683,0.96686,0
0.9668700000000001,0.96683,0.9668700000000001,0
0.96686,0.96683,0.96688,0
0.96685,0.9668399999999999,0.96688,0
0.9668399999999999,0.9668399999999999,0.96688,0
0.96683,0.96685,0.96688,0
0.96683,0.96686,0.9668700000000001,0
0.96683,0.9668700000000001,0.9668700000000001,0
0.96683,0.96688,0.96686,0
0.9668399999999999,0.96688,0.96685,0
0.96685,0.96688,0.9668399999999999,0
0.96686,0.96688,0.96683,0
0.9668700000000001,0.9668700000000001,0.96683,0
0.96688,0.96686,0.96683,0
0.96688,0.96685,0.9668399999999999,0
0.96688,0.9668399999999999,0.9668399999999999,0
0.96688,0.96683,0.96685,0
0.9668700000000001,0.96683,0.96686,0
0.9668700000000001,0.96683,0.9668700000000001,0
0.96686,0.96683,0.96688,0
0.96685,0.9668399999999999,0.96688,0
0.9668399999999999,0.96685,0.96688,0
0.96683,0.96686,0.96688,0
0.96683,0.9668700000000001,0.9668700000000001,0
0.96683,0.96688,0.96686,0
0.96683,0.96688,0.96685,0
0.9668399999999999,0.96688,0.9668399999999999,0
0.96685,0.96688,0.96683,0
0.96686,0.96688,0.96683,0
0.9668700000000001,0.9668700000000001,0.96683,0
0.96688,0.96686,0.96683,0
0.96688,0.96685,0.9668399999999999,0
0.96688,0.9668399999999999,0.96685,0
0.96688,0.96683,0.96686,0
0.9668700000000001,0.96683,0.9668700000000001,0
0.96686,0.96683,0.9668700000000001,0
0.96685,0.96683,0.96688,0
0.9668399999999999,0.9668399999999999,0.96688,0
0.9668399999999999,0.96685,0.96688,0
0.96683,0.96686,0.96688,0
0.96683,0.9668700000000001,0.9668700000000001,0
0.96683,0.96688,0.96686,0
0.9668399999999999,0.96688,0.96685,0
0.96685,0.96688,0.9668399999999999,0
0.96686,0.96688,0.96683,0
0.9668700000000001,0.9668700000000001,0.96683,0
0.9668700000000001,0.96686,0.96683,0
0.96688,0.96685,0.96683,0
0.96688,0.9668399999999999,0.9668399999999999,0
0.96688,0.9668399999999999,0.96685,0
0.96688,0.96683,0.96686,0
0.9668700000000001,0.96683,0.9668700000000001,0
0.96686,0.96683,0.96688,0
0.96685,0.9668399999999999,0.96688,0
0.9668399999999999,0.9668399999999999,0.96688,0
0.96683,0.96685,0.96688,0
0.96683,0.96686,0.9668700000000001,0
0.96683,0.9668700000000001,0.9668700000000001,0
0.96683,0.96688,0.96686,0
0.9668399999999999,0.96688,0.96685,0
0.96685,0.96688,0.9668399999999999,0
0.96686,0.96688,0.96683,0
0.9668700000000001,0.9668700000000001,0.96683,0
0.96688,0.96686,0.96683,0
0.96688,0.96685,0.96683,0
0.96688,0.9668399999999999,0.9668399999999999,0
0.96688,0.96683,0.96685,0
0.9668700000000001,0.96683,0.96686,0
0.9668700000000001,0.96683,0.9668700000000001,0
0.96686,0.96683,0.96688,0
0.96685,0.9668399999999999,0.96688,0
0.9668399999999999,0.96685,0.96688,0
0.96683,0.96686,0.96688,0
0.96683,0.9668700000000001,0.9668700000000001,0
0.96683,0.9668700000000001,0.96686,0
0.96683,0.96688,0.96685,0
0.9668399999999999,0.96688,0.9668399999999999,0
0.96685,0.96688,0.96683,0
0.96686,0.9668700000000001,0.96683,0
0.9668700000000001,0.9668700000000001,0.96683,0
0.96688,0.96686,0.96683,0
0.96688,0.96685,0.9668399999999999,0
0.96688,0.9668399999999999,0.96685,0
0.96688,0.96683,0.96686,0
0.9668700000000001,0.96683,0.9668700000000001,0
0.96686,0.96683,0.9668700000000001,0
0.96685,0.96683,0.96688,0
0.9668399999999999,0.9668399999999999,0.96688,0
0.96683,0.96685,0.96688,0
0.96683,0.96686,0.96688,0
0.96683,0.9668700000000001,0.9668700000000001,0
0.96683,0.96688,0.96686,0
0.9668399999999999,0.96688,0.96685,0
0.9668399999999999,0.96688,0.9668399999999999,0
0.96685,0.96688,0.96683,0
0.96686,0.9668700000000001,0.96683,0
0.9668700000000001,0.96686,0.96683,0
0.96688,0.96685,0.96683,0
0.96688,0.9668399999999999,0.9668399999999999,0
0.96688,0.9668399999999999,0.96685,0
0.96688,0.96683,0.96686,0
0.9668700000000001,0.96683,0.9668700000000001,0
0.96686,0.96683,0.96688,0
0.96685,0.9668399999999999,0.96688,0
0.9668399999999999,0.9668399999999999,0.96688,0
0.96683,0.96685,0.96688,0
0.96683,0.96686,0.9668700000000001,0
0.96683,0.9668700000000001,0.96686,0
0.96683,0.96688,0.96685,0
0.9668399999999999,0.96688,0.9668399999999999,0
0.96685,0.96688,0.9668399999999999,0
0.96686,0.96688,0.96683,0
0.9668700000000001,0.9668700000000001,0.96683,0
0.9668700000000001,0.96686,0.96683,0
0.96688,0.96685,0.96683,0
0.96688,0.9668399999999999,0.9668399999999999,0
0.96688,0.96683,0.96685,0
0.9668700000000001,0.96683,0.96686,0
0.9668700000000001,0.96683,0.9668700000000001,0
0.96686,0.96683,0.96688,0
0.96685,0.9668399999999999,0.96688,0
0.9668399999999999,0.96685,0.96688,0
0.96683,0.96686,0.96688,0
0.96683,0.9668700000000001,0.9668700000000001,0
0.96683,0.9668700000000001,0.96686,0
0.96683,0.96688,0.96685,0
0.9668399999999999,0.96688,0.9668399999999999,0
0.96685,0.96688,0.96683,0
0.96686,0.9668700000000001,0.96683,0
0.9668700000000001,0.9668700000000001,0.96683,0
0.96688,0.96686,0.96683,0
0.96688,0.96685,0.9668399999999999,0
0.96688,0.9668399999999999,0.96685,0
0.96688,0.96683,0.96686,0
0.9668700000000001,0.96683,0.9668700000000001,0
0.96686,0.96683,0.9668700000000001,0
0.96685,0.96683,0.96688,0
0.9668399999999999,0.9668399999999999,0.96688,0
0.96683,0.96685,0.96688,0
0.96683,0.96686,0.9668700000000001,0
0.96683,0.9668700000000001,0.9668700000000001,0
0.96683,0.96688,0.96686,0
0.9668399999999999,0.96688,0.96685,0
0.9668399999999999,0.96688,0.9668399999999999,0
0.96685,0.96688,0.96683,0
0.96686,0.9668700000000001,0.96683,0
0.9668700000000001,0.96686,0.96683,0
0.96688,0.96685,0.96683,0
0.96688,0.9668399999999999,0.9668399999999999,0
0.96688,0.96683,0.96685,0
0.9668700000000001,0.96683,0.96686,0
0.9668700000000001,0.96683,0.9668700000000001,0
0.96686,0.96683,0.9668700000000001,0
0.96685,0.96683,0.96688,0
0.9668399999999999,0.9668399999999999,0.96688,0
0.96683,0.96685,0.96688,0
0.96683,0.96686,0.9668700000000001,0
0.96683,0.9668700000000001,0.96686,0
0.96683,0.96688,0.96685,0
0.9668399999999999,0.96688,0.9668399999999999,0
0.96685,0.96688,0.9668399999999999,0
0.96686,0.96688,0.96683,0
0.9668700000000001,0.9668700000000001,0.96683,0
0.9668700000000001,0.96686,0.96683,0
0.96688,0.96685,0.96683,0
0.96688,0.9668399999999999,0.9668399999999999,0
0.96688,0.96683,0.96685,0
0.9668700000000001,0.96683,0.96686,0
0.96686,0.96683,0.9668700000000001,0
0.96685,0.96683,0.96688,0
0.9668399999999999,0.9668399999999999,0.96688,0
0.9668399999999999,0.96685,0.96688,0
0.96683,0.96686,0.96688,0
0.96683,0.9668700000000001,0.9668700000000001,0
0.96683,0.9668700000000001,0.96686,0
0.96683,0.96688,0.96685,0
0.9668399999999999,0.96688,0.9668399999999999,0
0.96685,0.96688,0.96683,0
0.96686,0.9668700000000001,0.96683,0
0.9668700000000001,0.9668700000000001,0.96683,0
0.96688,0.96686,0.96683,0
0.96688,0.96685,0.9668399999999999,0
0.96688,0.9668399999999999,0.9668399999999999,0
0.96688,0.96683,0.96685,0
0.9668700000000001,0.96683,0.96686,0
0.96686,0.96683,0.9668700000000001,0
0.96685,0.96683,0.96688,0
0.9668399999999999,0.9668399999999999,0.96688,0
0.96683,0.96685,0.96688,0
0.96683,0.96686,0.9668700000000001,0
0.96683,0.9668700000000001,0.9668700000000001,0
0.96683,0.9668700000000001,0.96686,0
0.96683,0.96688,0.96685,0
0.9668399999999999,0.96688,0.9668399999999999,0
0.96685,0.96688,0.96683,0
0.96686,0.9668700000000001,0.96683,0
0.9668700000000001,0.96686,0.96683,0
0.96688,0.96685,0.96683,0
0.96688,0.9668399999999999,0.9668399999999999,0
0.96688,0.96683,0.96685,0
0.9668700000000001,0.96683,0.96686,0
0.9668700000000001,0.96683,0.9668700000000001,0
0.96686,0.96683,0.9668700000000001,0
0.96685,0.96683,0.96688,0
0.9668399999999999,0.9668399999999999,0.96688,0
0.96683,0.96685,0.96688,0
0.96683,0.96686,0.9668700000000001,0
0.96683,0.9668700000000001,0.96686,0
0.96683,0.96688,0.96685,0
0.9668399999999999,0.96688,0.9668399999999999,0
0.96685,0.96688,0.96683,0
0.96686,0.9668700000000001,0.96683,0
0.9668700000000001,0.9668700000000001,0.96683,0
0.9668700000000001,0.96686,0.96683,0
0.96688,0.96685,0.96683,0
0.96688,0.9668399999999999,0.9668399999999999,0
0.96688,0.96683,0.96685,0
0.9668700000000001,0.96683,0.96686,0
0.96686,0.96683,0.9668700000000001,0
0.96685,0.96683,0.96688,0
0.9668399999999999,0.9668399999999999,0.96688,0
0.96683,0.9668399999999999,0.96688,0
0.96683,0.96685,0.9668700000000001,0
0.96683,0.96686,0.9668700000000001,0
0.96683,0.9668700000000001,0.96686,0
0.96683,0.96688,0.96685,0
0.9668399999999999,0.96688,0.9668399999999999,0
0.96685,0.96688,0.96683,0
0.96686,0.9668700000000001,0.96683,0
0.9668700000000001,0.96686,0.96683,0
0.9668700000000001,0.96685,0.96683,0
0.96688,0.9668399999999999,0.96683,0
0.96688,0.9668399999999999,0.9668399999999999,0
0.96688,0.96683,0.96685,0
0.9668700000000001,0.96683,0.96686,0
0.96686,0.96683,0.9668700000000001,0
0.96685,0.96683,0.96688,0
0.9668399999999999,0.9668399999999999,0.96688,0
0.96683,0.96685,0.96688,0
0.96683,0.96686,0.9668700000000001,0
0.9668200000000001,0.9668700000000001,0.9668700000000001,0
0.96683,0.9668700000000001,0.96686,0
0.96683,0.96688,0.96685,0
0.9668399999999999,0.96688,0.9668399999999999,0
0.96685,0.96688,0.96683,0
0.96686,0.9668700000000001,0.96683,0
0.9668700000000001,0.96686,0.96683,0
0.96688,0.96685,0.96683,0
0.96688,0.9668399999999999,0.9668399999999999,0
0.96688,0.96683,0.96685,0
0.9668700000000001,0.96683,0.96686,0
0.9668700000000001,0.9668200000000001,0.9668700000000001,0
0.96686,0.96683,0.9668700000000001,0
0.96685,0.96683,0.96688,0
0.9668399999999999,0.9668399999999999,0.96688,0
0.96683,0.96685,0.96688,0
0.96683,0.96686,0.9668700000000001,0
0.9668200000000001,0.9668700000000001,0.96686,0
0.96683,0.96688,0.96685,0
0.9668399999999999,0.96688,0.9668399999999999,0
0.9668399999999999,0.96688,0.96683,0
0.96686,0.9668700000000001,0.96683,0
0.96686,0.9668700000000001,0.9668200000000001,0
0.9668700000000001,0.96686,0.96683,0
0.96688,0.96685,0.96683,0
0.96688,0.9668399999999999,0.9668399999999999,0
0.96688,0.96683,0.96685,0
0.9668700000000001,0.96683,0.96686,0
0.96686,0.9668200000000001,0.9668700000000001,0
0.96685,0.96683,0.9668700000000001,0
0.9668399999999999,0.96683,0.96688,0
0.96683,0.9668399999999999,0.96688,0
0.96683,0.96685,0.9668700000000001,0
0.9668200000000001,0.96686,0.9668700000000001,0
0.96683,0.9668700000000001,0.96686,0
0.96683,0.96688,0.96685,0
0.9668399999999999,0.96688,0.9668399999999999,0
0.96685,0.96688,0.96683,0
0.96686,0.9668700000000001,0.96683,0
0.9668700000000001,0.96686,0.9668200000000001,0
0.9668700000000001,0.96685,0.96683,0
0.96688,0.9668399999999999,0.96683,0
0.96688,0.96683,0.9668399999999999,0
0.9668700000000001,0.96683,0.96685,0
0.9668700000000001,0.9668200000000001,0.96686,0
0.96686,0.9668200000000001,0.9668700000000001,0
0.96685,0.96683,0.96688,0
0.9668399999999999,0.9668399999999999,0.96688,0
0.96683,0.96685,0.96688,0
0.96683,0.96686,0.9668700000000001,0
0.9668200000000001,0.9668700000000001,0.96686,0
0.96683,0.9668700000000001,0.96685,0
0.96683,0.96688,0.9668399999999999,0
0.9668399999999999,0.96688,0.9668399999999999,0
0.96685,0.9668700000000001,0.96683,0
0.96686,0.9668700000000001,0.9668200000000001,0
0.9668700000000001,0.96686,0.9668200000000001,0
0.9668700000000001,0.96685,0.96683,0
0.96688,0.9668399999999999,0.9668399999999999,0
0.96688,0.96683,0.96685,0
0.9668700000000001,0.96683,0.96686,0
0.96686,0.9668200000000001,0.96686,0
0.96686,0.96683,0.9668700000000001,0
0.96685,0.96683,0.96688,0
0.9668399999999999,0.9668399999999999,0.96688,0
0.96683,0.96685,0.9668700000000001,0
0.9668200000000001,0.96686,0.9668700000000001,0
0.9668200000000001,0.9668700000000001,0.96686,0
0.96683,0.9668700000000001,0.96685,0
0.96683,0.96688,0.9668399999999999,0
0.9668399999999999,0.96688,0.96683,0
0.96685,0.9668700000000001,0.96683,0
0.96686,0.9668700000000001,0.9668200000000001,0
0.9668700000000001,0.96686,0.9668200000000001,0
0.96688,0.96685,0.96683,0
0.96688,0.9668399999999999,0.9668399999999999,0
0.9668700000000001,0.96683,0.96685,0
0.9668700000000001,0.9668200000000001,0.96686,0
0.96686,0.9668200000000001,0.9668700000000001,0
0.96685,0.96683,0.9668700000000001,0
0.9668399999999999,0.96683,0.96688,0
0.96683,0.9668399999999999,0.96688,0
0.96683,0.96685,0.9668700000000001,0
0.9668200000000001,0.96686,0.9668700000000001,0
0.9668200000000001,0.9668700000000001,0.96686,0
0.96683,0.96688,0.96685,0
0.9668399999999999,0.96688,0.9668399999999999,0
0.96685,0.96688,0.96683,0
0.96686,0.9668700000000001,0.9668200000000001,0
0.9668700000000001,0.96686,0.9668200000000001,0
0.9668700000000001,0.96685,0.96683,0
0.96688,0.9668399999999999,0.96683,0
0.96688,0.96683,0.9668399999999999,0
0.9668700000000001,0.96683,0.96685,0
0.9668700000000001,0.9668200000000001,0.96686,0
0.96686,0.9668200000000001,0.9668700000000001,0
0.96685,0.96683,0.9668700000000001,0
0.9668399999999999,0.9668399999999999,0.96688,0
0.96683,0.96685,0.96688,0
0.9668200000000001,0.96686,0.9668700000000001,0
0.9668200000000001,0.96686,0.96686,0
0.9668200000000001,0.9668700000000001,0.96685,0
0.96683,0.96688,0.9668399999999999,0
0.9668399999999999,0.96688,0.96683,0
0.96685,0.9668700000000001,0.96683,0
0.96686,0.9668700000000001,0.9668200000000001,0
0.9668700000000001,0.96686,0.9668200000000001,0
0.9668700000000001,0.96685,0.96683,0
0.96688,0.9668399999999999,0.96683,0
0.96688,0.96683,0.9668399999999999,0
0.9668700000000001,0.9668200000000001,0.96685,0
0.96686,0.9668200000000001,0.96686,0
0.96685,0.9668200000000001,0.9668700000000001,0
0.9668399999999999,0.96683,0.96688,0
0.9668399999999999,0.9668399999999999,0.96688,0
0.96683,0.96685,0.9668700000000001,0
0.9668200000000001,0.96686,0.9668700000000001,0
0.9668200000000001,0.9668700000000001,0.96686,0
0.96683,0.9668700000000001,0.96685,0
0.96683,0.96688,0.9668399999999999,0
0.9668399999999999,0.96688,0.96683,0
0.96685,0.9668700000000001,0.96683,0
0.96686,0.96686,0.9668200000000001,0
0.9668700000000001,0.96686,0.9668200000000001,0
0.9668700000000001,0.96685,0.96683,0
0.96688,0.9668399999999999,0.9668399999999999,0
0.9668700000000001,0.96683,0.96685,0
0.9668700000000001,0.9668200000000001,0.96686,0
0.96686,0.9668200000000001,0.9668700000000001,0
0.96685,0.96683,0.9668700000000001,0
0.9668399999999999,0.96683,0.96688,0
0.96683,0.9668399999999999,0.96688,0
0.96683,0.96685,0.9668700000000001,0
0.9668200000000001,0.96686,0.9668700000000001,0
0.9668200000000001,0.9668700000000001,0.96686,0
0.96683,0.9668700000000001,0.96685,0
0.9668399999999999,0.96688,0.9668399999999999,0
0.96685,0.9668700000000001,0.96683,0
0.96686,0.9668700000000001,0.9668200000000001,0
0.96686,0.96686,0.9668200000000001,0
0.9668700000000001,0.96685,0.9668200000000001,0
0.96688,0.9668399999999999,0.96683,0
0.96688,0.96683,0.9668399999999999,0
0.9668700000000001,0.96683,0.96685,0
0.9668700000000001,0.9668200000000001,0.96686,0
0.96686,0.9668200000000001,0.9668700000000001,0
0.96685,0.96683,0.9668700000000001,0
0.9668399999999999,0.96683,0.96688,0
0.96683,0.9668399999999999,0.9668700000000001,0
0.9668200000000001,0.96685,0.9668700000000001,0
0.9668200000000001,0.96686,0.96686,0
0.9668200000000001,0.9668700000000001,0.96685,0
0.96683,0.9668700000000001,0.9668399999999999,0
0.9668399999999999,0.96688,0.96683,0
0.96685,0.9668700000000001,0.96683,0
0.96686,0.9668700000000001,0.9668200000000001,0
0.9668700000000001,0.96686,0.9668200000000001,0
0.9668700000000001,0.96685,0.96683,0
0.96688,0.9668399999999999,0.96683,0
0.9668700000000001,0.96683,0.9668399999999999,0
0.9668700000000001,0.9668200000000001,0.96685,0
0.96686,0.9668200000000001,0.96686,0
0.96685,0.9668200000000001,0.9668700000000001,0
0.9668399999999999,0.96683,0.9668700000000001,0
0.96683,0.9668399999999999,0.96688,0
0.96683,0.96685,0.9668700000000001,0
0.9668200000000001,0.96686,0.9668700000000001,0
0.9668200000000001,0.9668700000000001,0.96686,0
0.96683,0.9668700000000001,0.96685,0
0.96683,0.96688,0.9668399999999999,0
0.9668399999999999,0.9668700000000001,0.96683,0
0.96685,0.9668700000000001,0.9668200000000001,0
0.96686,0.96686,0.9668200000000001,0
0.9668700000000001,0.96685,0.9668200000000001,0
0.9668700000000001,0.9668399999999999,0.96683,0
0.96688,0.9668399999999999,0.9668399999999999,0
0.9668700000000001,0.96683,0.96685,0
0.9668700000000001,0.9668200000000001,0.96686,0
0.96686,0.9668200000000001,0.9668700000000001,0
0.96685,0.9668200000000001,0.9668700000000001,0
0.9668399999999999,0.96683,0.9668700000000001,0
0.96683,0.9668399999999999,0.9668700000000001,0
0.9668200000000001,0.96685,0.9668700000000001,0
0.9668200000000001,0.96686,0.96686,0
0.9668200000000001,0.9668700000000001,0.96686,0
0.96683,0.9668700000000001,0.96685,0
0.9668399999999999,0.96688,0.9668399999999999,0
0.9668399999999999,0.9668700000000001,0.96683,0
0.96686,0.9668700000000001,0.9668200000000001,0
0.96686,0.96686,0.9668200000000001,0
0.9668700000000001,0.96685,0.9668200000000001,0
0.9668700000000001,0.9668399999999999,0.96683,0
0.9668700000000001,0.96683,0.9668399999999999,0
0.9668700000000001,0.96683,0.96685,0
0.9668700000000001,0.9668200000000001,0.96686,0
0.96686,0.9668200000000001,0.9668700000000001,0
0.96685,0.96683,0.9668700000000001,0
0.9668399999999999,0.96683,0.96688,0
0.96683,0.9668399999999999,0.9668700000000001,0
0.9668200000000001,0.96685,0.9668700000000001,0
0.9668200000000001,0.96686,0.96686,0
0.9668200000000001,0.9668700000000001,0.96685,0
0.96683,0.9668700000000001,0.9668399999999999,0
0.9668399999999999,0.9668700000000001,0.96683,0
0.96685,0.9668700000000001,0.96683,0
0.96686,0.9668700000000001,0.9668200000000001,0
0.9668700000000001,0.96686,0.9668200000000001,0
0.9668700000000001,0.96685,0.96683,0
0.9668700000000001,0.9668399999999999,0.96683,0
0.9668700000000001,0.96683,0.9668399999999999,0
0.9668700000000001,0.9668200000000001,0.96685,0
0.96686,0.9668200000000001,0.96686,0
0.96685,0.9668200000000001,0.9668700000000001,0
0.9668399999999999,0.96683,0.9668700000000001,0
0.96683,0.9668399999999999,0.9668700000000001,0
0.96683,0.96685,0.9668700000000001,0
0.9668200000000001,0.96686,0.9668700000000001,0
0.9668200000000001,0.9668700000000001,0.96686,0
0.9668200000000001,0.9668700000000001,0.96685,0
0.96683,0.9668700000000001,0.9668399999999999,0
0.9668399999999999,0.9668700000000001,0.96683,0
0.96685,0.9668700000000001,0.9668200000000001,0
0.96686,0.96686,0.9668200000000001,0
0.9668700000000001,0.96685,0.9668200000000001,0
0.9668700000000001,0.9668399999999999,0.96683,0
0.9668700000000001,0.96683,0.9668399999999999,0
0.9668700000000001,0.96683,0.96685,0
0.9668700000000001,0.9668200000000001,0.96686,0
0.96686,0.9668200000000001,0.96686,0
0.96685,0.9668200000000001,0.9668700000000001,0
0.9668399999999999,0.96683,0.9668700000000001,0
0.96683,0.9668399999999999,0.9668700000000001,0
0.9668200000000001,0.96685,0.9668700000000001,0
0.9668200000000001,0.96686,0.96686,0
0.9668200000000001,0.9668700000000001,0.96686,0
0.96683,0.9668700000000001,0.96685,0
0.96683,0.9668700000000001,0.9668399999999999,0
0.9668399999999999,0.9668700000000001,0.96683,0
0.96685,0.9668700000000001,0.9668200000000001,0
0.96686,0.96686,0.9668200000000001,0
0.9668700000000001,0.96685,0.9668200000000001,0
0.9668700000000001,0.9668399999999999,0.96683,0
0.9668700000000001,0.96683,0.9668399999999999,0
0.9668700000000001,0.9668200000000001,0.96685,0
0.96686,0.9668200000000001,0.96686,0
0.96686,0.9668200000000001,0.9668700000000001,0
0.96685,0.96683,0.9668700000000001,0
0.9668399999999999,0.96683,0.9668700000000001,0
0.96683,0.9668399999999999,0.9668700000000001,0
0.9668200000000001,0.96685,0.9668700000000001,0
0.9668200000000001,0.96686,0.96686,0
0.9668200000000001,0.9668700000000001,0.96685,0
0.96683,0.9668700000000001,0.9668399999999999,0
0.9668399999999999,0.9668700000000001,0.96683,0
0.96685,0.9668700000000001,0.96683,0
0.96686,0.9668700000000001,0.9668200000000001,0
0.9668700000000001,0.96686,0.9668200000000001,0
0.9668700000000001,0.96685,0.9668200000000001,0
0.9668700000000001,0.9668399999999999,0.96683,0
0.9668700000000001,0.96683,0.9668399999999999,0
0.9668700000000001,0.9668200000000001,0.96685,0
0.96686,0.9668200000000001,0.96686,0
0.96685,0.9668200000000001,0.9668700000000001,0
0.9668399999999999,0.96683,0.9668700000000001,0
0.96683,0.9668399999999999,0.9668700000000001,0
0.96683,0.96685,0.9668700000000001,0
0.9668200000000001,0.96686,0.9668700000000001,0
0.9668200000000001,0.96686,0.96686,0
0.9668200000000001,0.9668700000000001,0.96685,0
0.96683,0.9668700000000001,0.9668399999999999,0
0.9668399999999999,0.9668700000000001,0.96683,0
0.96685,0.9668700000000001,0.9668200000000001,0
0.96686,0.96686,0.9668200000000001,0
0.9668700000000001,0.96685,0.9668200000000001,0
0.9668700000000001,0.9668399999999999,0.96683,0
0.9668700000000001,0.96683,0.9668399999999999,0
0.9668700000000001,0.96683,0.96685,0
0.9668700000000001,0.9668200000000001,0.96686,0
0.96686,0.9668200000000001,0.96686,0
0.96685,0.9668200000000001,0.9668700000000001,0
0.9668399999999999,0.96683,0.9668700000000001,0
0.96683,0.9668399999999999,0.9668700000000001,0
0.9668200000000001,0.96685,0.9668700000000001,0
0.9668200000000001,0.96686,0.96686,0
0.9668200000000001,0.9668700000000001,0.96686,0
0.96683,0.9668700000000001,0.96685,0
0.96683,0.9668700000000001,0.9668399999999999,0
0.9668399999999999,0.9668700000000001,0.96683,0
0.96685,0.9668700000000001,0.9668200000000001,0
0.96686,0.96686,0.9668200000000001,0
0.9668700000000001,0.96685,0.9668200000000001,0
0.9668700000000001,0.9668399999999999,0.96683,0
0.9668700000000001,0.96683,0.9668399999999999,0
0.9668700000000001,0.9668200000000001,0.96685,0
0.96686,0.9668200000000001,0.96686,0
0.96686,0.9668200000000001,0.9668700000000001,0
0.96685,0.96683,0.9668700000000001,0
0.9668399999999999,0.96683,0.9668700000000001,0
0.96683,0.9668399999999999,0.9668700000000001,0
0.9668200000000001,0.96685,0.9668700000000001,0
0.9668200000000001,0.96686,0.96686,0
0.9668200000000001,0.9668700000000001,0.96685,0
0.96683,0.9668700000000001,0.9668399999999999,0
0.9668399999999999,0.9668700000000001,0.96683,0
0.96685,0.9668700000000001,0.9668200000000001,0
0.96686,0.9668700000000001,0.9668200000000001,0
0.9668700000000001,0.96686,0.9668200000000001,0
0.9668700000000001,0.96685,0.9668200000000001,0
0.9668700000000001,0.9668399999999999,0.96683,0
0.9668700000000001,0.96683,0.9668399999999999,0
0.9668700000000001,0.9668200000000001,0.96685,0
0.96686,0.9668200000000001,0.96686,0
0.96685,0.9668200000000001,0.9668700000000001,0
0.9668399999999999,0.96683,0.9668700000000001,0
0.96683,0.9668399999999999,0.9668700000000001,0
0.96683,0.96685,0.9668700000000001,0
0.9668200000000001,0.96686,0.9668700000000001,0
0.9668200000000001,0.96686,0.96686,0
0.9668200000000001,0.9668700000000001,0.96685,0
0.96683,0.9668700000000001,0.9668399999999999,0
0.9668399999999999,0.9668700000000001,0.96683,0
0.96685,0.9668700000000001,0.9668200000000001,0
0.96686,0.96686,0.9668200000000001,0
0.9668700000000001,0.96685,0.9668200000000001,0
0.9668700000000001,0.9668399999999999,0.96683,0
0.9668700000000001,0.96683,0.96683,0
0.9668700000000001,0.96683,0.9668399999999999,0
0.9668700000000001,0.9668200000000001,0.96685,0
0.96686,0.9668200000000001,0.96686,0
0.96685,0.9668200000000001,0.9668700000000001,0
0.9668399999999999,0.96683,0.9668700000000001,0
0.96683,0.9668399999999999,0.9668700000000001,0
0.9668200000000001,0.96685,0.9668700000000001,0
0.9668200000000001,0.96686,0.96686,0
0.9668200000000001,0.9668700000000001,0.96685,0
0.96683,0.9668700000000001,0.9668399999999999,0
0.96683,0.9668700000000001,0.96683,0
0.9668399999999999,0.9668700000000001,0.96683,0
0.96685,0.9668700000000001,0.9668200000000001,0
0.96686,0.96686,0.9668200000000001,0
0.9668700000000001,0.96685,0.9668200000000001,0
0.9668700000000001,0.9668399999999999,0.96683,0
0.9668700000000001,0.96683,0.9668399999999999,0
0.9668700000000001,0.9668200000000001,0.96685,0
0.96686,0.9668200000000001,0.96686,0
0.96686,0.9668200000000001,0.9668700000000001,0
0.96685,0.9668200000000001,0.9668700000000001,0
0.9668399999999999,0.96683,0.9668700000000001,0
0.96683,0.9668399999999999,0.9668700000000001,0
0.9668200000000001,0.96685,0.9668700000000001,0
0.9668200000000001,0.96686,0.96686,0
0.9668200000000001,0.9668700000000001,0.96685,0
0.96683,0.9668700000000001,0.9668399999999999,0
0.9668399999999999,0.9668700000000001,0.96683,0
0.96685,0.9668700000000001,0.9668200000000001,0
0.96686,0.9668700000000001,0.9668200000000001,0
0.9668700000000001,0.96686,0.9668200000000001,0
0.9668700000000001,0.96685,0.9668200000000001,0
0.9668700000000001,0.9668399999999999,0.96683,0
0.9668700000000001,0.96683,0.9668399999999999,0
0.9668700000000001,0.9668200000000001,0.96685,0
0.96686,0.9668200000000001,0.96686,0
0.96685,0.9668200000000001,0.9668700000000001,0
0.9668399999999999,0.96683,0.9668700000000001,0
0.96683,0.9668399999999999,0.9668700000000001,0
0.96683,0.96685,0.9668700000000001,0
0.9668200000000001,0.96686,0.9668700000000001,0
0.9668200000000001,0.96686,0.96686,0
0.9668200000000001,0.9668700000000001,0.96685,0
0.96683,0.9668700000000001,0.9668399999999999,0
0.9668399999999999,0.9668700000000001,0.96683,0
0.96685,0.9668700000000001,0.9668200000000001,0
0.96686,0.96686,0.9668200000000001,0
0.9668700000000001,0.96685,0.9668200000000001,0
0.9668700000000001,0.9668399999999999,0.96683,0
0.9668700000000001,0.96683,0.96683,0
0.9668700000000001,0.96683,0.9668399999999999,0
0.9668700000000001,0.9668200000000001,0.96685,0
0.96686,0.9668200000000001,0.96686,0
0.96685,0.9668200000000001,0.9668700000000001,0
0.9668399999999999,0.96683,0.9668700000000001,0
0.96683,0.9668399999999999,0.9668700000000001,0
0.9668200000000001,0.96685,0.9668700000000001,0
0.9668200000000001,0.96686,0.96686,0
0.9668200000000001,0.9668700000000001,0.96685,0
0.96683,0.9668700000000001,0.9668399999999999,0
0.96683,0.9668700000000001,0.96683,0
0.9668399999999999,0.9668700000000001,0.96683,0
0.96685,0.9668700000000001,0.9668200000000001,0
0.96686,0.96686,0.9668200000000001,0
0.9668700000000001,0.96685,0.9668200000000001,0
0.9668700000000001,0.9668399999999999,0.96683,0
0.9668700000000001,0.96683,0.9668399999999999,0
0.9668700000000001,0.9668200000000001,0.96685,0
0.96686,0.9668200000000001,0.96686,0
0.96686,0.9668200000000001,0.9668700000000001,0
0.96685,0.9668200000000001,0.9668700000000001,0
0.9668399999999999,0.96683,0.9668700000000001,0
0.96683,0.9668399999999999,0.9668700000000001,0
0.9668200000000001,0.96685,0.9668700000000001,0
0.9668200000000001,0.96686,0.96686,0
0.9668200000000001,0.9668700000000001,0.96685,0
0.96683,0.9668700000000001,0.9668399999999999,0
0.9668399999999999,0.9668700000000001,0.96683,0
0.96685,0.9668700000000001,0.9668200000000001,0
0.96686,0.9668700000000001,0.9668200000000001,0
0.9668700000000001,0.96686,0.9668200000000001,0
0.9668700000000001,0.96685,0.9668200000000001,0
0.9668700000000001,0.9668399999999999,0.96683,0
0.9668700000000001,0.96683,0.9668399999999999,0
0.9668700000000001,0.9668200000000001,0.96685,0
0.96686,0.9668200000000001,0.96686,0
0.96685,0.9668200000000001,0.9668700000000001,0
0.9668399999999999,0.96683,0.9668700000000001,0
0.96683,0.9668399999999999,0.9668700000000001,0
0.96683,0.96685,0.9668700000000001,0
0.9668200000000001,0.96686,0.9668700000000001,0
0.9668200000000001,0.96686,0.96686,0
0.9668200000000001,0.9668700000000001,0.96685,0
0.96683,0.9668700000000001,0.9668399999999999,0
0.9668399999999999,0.9668700000000001,0.96683,0
0.96685,0.9668700000000001,0.9668200000000001,0
0.96686,0.96686,0.9668200000000001,0
0.9668700000000001,0.96685,0.9668200000000001,0
0.9668700000000001,0.9668399999999999,0.96683,0
0.9668700000000001,0.96683,0.96683,0
0.9668700000000001,0.96683,0.9668399999999999,0
0.9668700000000001,0.9668200000000001,0.96685,0
0.96686,0.9668200000000001,0.96686,0
0.96685,0.9668200000000001,0.9668700000000001,0
0.9668399999999999,0.96683,0.9668700000000001,0
0.96683,0.9668399999999999,0.9668700000000001,0
0.9668200000000001,0.96685,0.9668700000000001,0
0.9668200000000001,0.96686,0.96686,0
0.9668200000000001,0.9668700000000001,0.96685,0
0.96683,0.9668700000000001,0.9668399999999999,0
0.96683,0.9668700000000001,0.9668399999999999,0
0.9668399999999999,0.9668700000000001,0.96683,0
0.96685,0.9668700000000001,0.9668200000000001,0
0.96686,0.96686,0.9668200000000001,0
0.9668700000000001,0.96685,0.9668200000000001,0
0.9668700000000001,0.9668399999999999,0.96683,0
0.9668700000000001,0.96683,0.9668399999999999,0
0.9668700000000001,0.9668200000000001,0.96685,0
0.96686,0.9668200000000001,0.96686,0
0.96686,0.9668200000000001,0.9668700000000001,0
0.96685,0.9668200000000001,0.9668700000000001,0
0.9668399999999999,0.96683,0.9668700000000001,0
0.96683,0.9668399999999999,0.9668700000000001,0
0.9668200000000001,0.96685,0.9668700000000001,0
0.9668200000000001,0.96686,0.96686,0
0.9668200000000001,0.9668700000000001,0.96685,0
0.96683,0.9668700000000001,0.9668399999999999,0
0.9668399999999999,0.9668700000000001,0.96683,0
0.96685,0.9668700000000001,0.9668200000000001,0
0.96686,0.9668700000000001,0.9668200000000001,0
0.9668700000000001,0.96686,0.9668200000000001,0
0.9668700000000001,0.96685,0.9668200000000001,0
0.9668700000000001,0.9668399999999999,0.96683,0
0.9668700000000001,0.96683,0.9668399999999999,0
0.9668700000000001,0.9668200000000001,0.96685,0
0.96686,0.9668200000000001,0.96686,0
0.96685,0.9668200000000001,0.9668700000000001,0
0.9668399999999999,0.96683,0.9668700000000001,0
0.96683,0.9668399999999999,0.9668700000000001,0
0.96683,0.96685,0.9668700000000001,0
0.9668200000000001,0.96686,0.9668700000000001,0
0.9668200000000001,0.96686,0.96686,0
0.9668200000000001,0.9668700000000001,0.96685,0
0.96683,0.9668700000000001,0.9668399999999999,0
0.9668399999999999,0.9668700000000001,0.96683,0
0.96685,0.9668700000000001,0.9668200000000001,0
0.96686,0.96686,0.9668200000000001,0
0.9668700000000001,0.96685,0.9668200000000001,0
0.9668700000000001,0.9668399999999999,0.96683,0
0.9668700000000001,0.96683,0.96683,0
0.9668700000000001,0.96683,0.9668399999999999,0
0.9668700000000001,0.9668200000000001,0.96685,0
0.96686,0.9668200000000001,0.96686,0
0.96685,0.9668200000000001,0.9668700000000001,0
0.9668399999999999,0.96683,0.9668700000000001,0
0.96683,0.9668399999999999,0.9668700000000001,0
0.9668200000000001,0.96685,0.9668700000000001,0
0.9668200000000001,0.96686,0.96686,0
0.9668200000000001,0.9668700000000001,0.96686,0
0.96683,0.9668700000000001,0.96685,0
0.96683,0.9668700000000001,0.9668399999999999,0
0.9668399999999999,0.9668700000000001,0.96683,0
0.96685,0.9668700000000001,0.9668200000000001,0
0.96686,0.96686,0.9668200000000001,0
0.9668700000000001,0.96685,0.9668200000000001,0
0.9668700000000001,0.9668399999999999,0.96683,0
0.9668700000000001,0.96683,0.9668399999999999,0
0.9668700000000001,0.9668200000000001,0.96685,0
0.96686,0.9668200000000001,0.96686,0
0.96686,0.9668200000000001,0.9668700000000001,0
0.96685,0.96683,0.9668700000000001,0
0.9668399999999999,0.96683,0.9668700000000001,0
0.96683,0.9668399999999999,0.9668700000000001,0
0.9668200000000001,0.96685,0.9668700000000001,0
0.9668200000000001,0.96686,0.96686,0
0.9668200000000001,0.9668700000000001,0.96685,0
0.96683,0.9668700000000001,0.9668399999999999,0
0.9668399999999999,0.9668700000000001,0.96683,0
0.96685,0.9668700000000001,0.9668200000000001,0
0.96686,0.9668700000000001,0.9668200000000001,0
0.9668700000000001,0.96686,0.9668200000000001,0
0.9668700000000001,0.96685,0.9668200000000001,0
0.9668700000000001,0.9668399999999999,0.96683,0
0.9668700000000001,0.96683,0.9668399999999999,0
0.9668700000000001,0.9668200000000001,0.96685,0
0.96686,0.9668200000000001,0.96686,0
0.96685,0.9668200000000001,0.9668700000000001,0
0.9668399999999999,0.96683,0.9668700000000001,0
0.96683,0.9668399999999999,0.9668700000000001,0
0.96683,0.96685,0.9668700000000001,0
0.9668200000000001,0.96686,0.9668700000000001,0
0.9668200000000001,0.96686,0.96686,0
0.9668200000000001,0.9668700000000001,0.96685,0
0.96683,0.9668700000000001,0.9668399999999999,0
0.9668399999999999,0.9668700000000001,0.96683,0
0.96685,0.9668700000000001,0.9668200000000001,0
0.96686,0.96686,0.9668200000000001,0
0.9668700000000001,0.96685,0.9668200000000001,0
0.9668700000000001,0.9668399999999999,0.96683,0
0.9668700000000001,0.96683,0.96683,0
0.9668700000000001,0.96683,0.9668399999999999,0
0.9668700000000001,0.9668200000000001,0.96686,0
0.96686,0.9668200000000001,0.96686,0
0.96685,0.9668200000000001,0.9668700000000001,0
0.9668399999999999,0.96683,0.9668700000000001,0
0.96683,0.9668399999999999,0.9668700000000001,0
0.9668200000000001,0.96685,0.9668700000000001,0
0.9668200000000001,0.96686,0.96686,0
0.9668200000000001,0.9668700000000001,0.96686,0
0.96683,0.9668700000000001,0.96685,0
0.96683,0.9668700000000001,0.9668399999999999,0
0.9668399999999999,0.9668700000000001,0.96683,0
0.96685,0.9668700000000001,0.9668200000000001,0
0.96686,0.96686,0.9668200000000001,0
0.9668700000000001,0.96685,0.9668200000000001,0
0.9668700000000001,0.9668399999999999,0.96683,0
0.9668700000000001,0.96683,0.9668399999999999,0
0.9668700000000001,0.9668200000000001,0.96685,0
0.9668700000000001,0.9668200000000001,0.96686,0
0.96686,0.9668200000000001,0.9668700000000001,0
0.96685,0.96683,0.9668700000000001,0
0.9668399999999999,0.96683,0.9668700000000001,0
0.96683,0.9668399999999999,0.9668700000000001,0
0.9668200000000001,0.96685,0.9668700000000001,0
0.9668200000000001,0.96686,0.96686,0
0.9668200000000001,0.9668700000000001,0.96685,0
0.96683,0.9668700000000001,0.9668399999999999,0
0.9668399999999999,0.9668700000000001,0.96683,0
0.96685,0.9668700000000001,0.96683,0
0.96686,0.9668700000000001,0.9668200000000001,0
0.9668700000000001,0.96686,0.9668200000000001,0
0.9668700000000001,0.96685,0.9668200000000001,0
0.9668700000000001,0.9668399999999999,0.96683,0
0.9668700000000001,0.96683,0.9668399999999999,0
0.9668700000000001,0.9668200000000001,0.96685,0
0.96686,0.9668200000000001,0.96686,0
0.96685,0.9668200000000001,0.9668700000000001,0
0.9668399999999999,0.96683,0.9668700000000001,0
0.96683,0.9668399999999999,0.9668700000000001,0
0.96683,0.96685,0.9668700000000001,0
0.9668200000000001,0.96686,0.9668700000000001,0
0.9668200000000001,0.9668700000000001,0.96686,0
0.9668200000000001,0.9668700000000001,0.96685,0
0.96683,0.9668700000000001,0.9668399999999999,0
0.9668399999999999,0.9668700000000001,0.96683,0
0.96685,0.9668700000000001,0.9668200000000001,0
0.96686,0.96686,0.9668200000000001,0
0.9668700000000001,0.96685,0.9668200000000001,0
0.9668700000000001,0.9668399999999999,0.96683,0
0.9668700000000001,0.96683,0.9668399999999999,0
0.9668700000000001,0.96683,0.96685,0
0.9668700000000001,0.9668200000000001,0.96686,0
0.96686,0.9668200000000001,0.96686,0
0.96685,0.9668200000000001,0.9668700000000001,0
0.9668399999999999,0.96683,0.9668700000000001,0
0.96683,0.9668399999999999,0.9668700000000001,0
0.9668200000000001,0.96685,0.9668700000000001,0
0.9668200000000001,0.96686,0.96686,0
0.9668200000000001,0.9668700000000001,0.96686,0
0.96683,0.9668700000000001,0.96685,0
0.96683,0.9668700000000001,0.9668399999999999,0
0.9668399999999999,0.9668700000000001,0.96683,0
0.96685,0.9668700000000001,0.9668200000000001,0
0.96686,0.96686,0.9668200000000001,0
0.9668700000000001,0.96685,0.9668200000000001,0
0.9668700000000001,0.9668399999999999,0.96683,0
0.9668700000000001,0.96683,0.9668399999999999,0
0.9668700000000001,0.9668200000000001,0.96685,0
0.9668700000000001,0.9668200000000001,0.96686,0
0.96686,0.9668200000000001,0.9668700000000001,0
0.96685,0.96683,0.9668700000000001,0
0.9668399999999999,0.96683,0.9668700000000001,0
0.96683,0.9668399999999999,0.9668700000000001,0
0.9668200000000001,0.96685,0.9668700000000001,0
0.9668200000000001,0.96686,0.96686,0
0.9668200000000001,0.9668700000000001,0.96685,0
0.96683,0.9668700000000001,0.9668399999999999,0
0.9668399999999999,0.9668700000000001,0.96683,0
0.96685,0.9668700000000001,0.96683,0
0.96686,0.9668700000000001,0.9668200000000001,0
0.9668700000000001,0.96686,0.9668200000000001,0
0.9668700000000001,0.96685,0.96683,0
0.9668700000000001,0.9668399999999999,0.96683,0
0.9668700000000001,0.96683,0.9668399999999999,0
0.9668700000000001,0.9668200000000001,0.96685,0
0.96686,0.9668200000000001,0.96686,0
0.96685,0.9668200000000001,0.9668700000000001,0
0.9668399999999999,0.96683,0.9668700000000001,0
0.96683,0.9668399999999999,0.96688,0
0.96683,0.96685,0.9668700000000001,0
0.9668200000000001,0.96686,0.9668700000000001,0
0.9668200000000001,0.9668700000000001,0.96686,0
0.9668200000000001,0.9668700000000001,0.96685,0
0.96683,0.9668700000000001,0.9668399999999999,0
0.9668399999999999,0.9668700000000001,0.96683,0
0.96685,0.9668700000000001,0.9668200000000001,0
0.96686,0.96686,0.9668200000000001,0
0.9668700000000001,0.96686,0.9668200000000001,0
0.9668700000000001,0.96685,0.96683,0
0.96688,0.9668399999999999,0.9668399999999999,0
0.9668700000000001,0.96683,0.96685,0
0.9668700000000001,0.9668200000000001,0.96686,0
0.96686,0.9668200000000001,0.96686,0
0.96685,0.9668200000000001,0.9668700000000001,0
0.9668399999999999,0.96683,0.9668700000000001,0
0.96683,0.9668399999999999,0.9668700000000001,0
0.9668200000000001,0.96685,0.9668700000000001,0
0.9668200000000001,0.96686,0.9668700000000001,0
0.9668200000000001,0.9668700000000001,0.96686,0
0.96683,0.9668700000000001,0.96685,0
0.96683,0.96688,0.9668399999999999,0
0.9668399999999999,0.9668700000000001,0.96683,0
0.96685,0.9668700000000001,0.9668200000000001,0
0.96686,0.96686,0.9668200000000001,0
0.9668700000000001,0.96685,0.9668200000000001,0
0.9668700000000001,0.9668399999999999,0.96683,0
0.96688,0.96683,0.9668399999999999,0
0.9668700000000001,0.96683,0.96685,0
0.9668700000000001,0.9668200000000001,0.96686,0
0.96686,0.9668200000000001,0.9668700000000001,0
0.96685,0.96683,0.9668700000000001,0
0.9668399999999999,0.96683,0.96688,0
0.96683,0.9668399999999999,0.9668700000000001,0
0.9668200000000001,0.96685,0.9668700000000001,0
0.9668200000000001,0.96686,0.96686,0
0.9668200000000001,0.9668700000000001,0.96685,0
0.96683,0.9668700000000001,0.9668399999999999,0
0.9668399999999999,0.96688,0.96683,0
0.96685,0.9668700000000001,0.96683,0
0.96686,0.9668700000000001,0.9668200000000001,0
0.9668700000000001,0.96686,0.9668200000000001,0
0.9668700000000001,0.96685,0.96683,0
0.96688,0.9668399999999999,0.96683,0
0.9668700000000001,0.96683,0.9668399999999999,0
0.9668700000000001,0.9668200000000001,0.96685,0
0.96686,0.9668200000000001,0.96686,0
0.96685,0.9668200000000001,0.9668700000000001,0
0.9668399999999999,0.96683,0.9668700000000001,0
0.96683,0.9668399999999999,0.96688,0
0.96683,0.96685,0.9668700000000001,0
0.9668200000000001,0.96686,0.9668700000000001,0
0.9668200000000001,0.9668700000000001,0.96686,0
0.9668200000000001,0.9668700000000001,0.96685,0
0.96683,0.96688,0.9668399999999999,0
0.9668399999999999,0.9668700000000001,0.96683,0
0.96685,0.9668700000000001,0.9668200000000001,0
0.96686,0.96686,0.9668200000000001,0
0.9668700000000001,0.96686,0.9668200000000001,0
0.9668700000000001,0.96685,0.96683,0
0.96688,0.9668399999999999,0.9668399999999999,0
0.9668700000000001,0.96683,0.96685,0
0.9668700000000001,0.9668200000000001,0.96686,0
0.96686,0.9668200000000001,0.96686,0
0.96685,0.9668200000000001,0.9668700000000001,0
0.9668399999999999,0.96683,0.96688,0
0.96683,0.9668399999999999,0.96688,0
0.9668200000000001,0.96685,0.9668700000000001,0
0.9668200000000001,0.96686,0.9668700000000001,0
0.9668200000000001,0.9668700000000001,0.96686,0
0.96683,0.9668700000000001,0.96685,0
0.96683,0.96688,0.9668399999999999,0
0.9668399999999999,0.9668700000000001,0.96683,0
0.96685,0.9668700000000001,0.9668200000000001,0
0.96686,0.96686,0.9668200000000001,0
0.9668700000000001,0.96685,0.9668200000000001,0
0.9668700000000001,0.9668399999999999,0.96683,0
0.96688,0.96683,0.9668399999999999,0
0.9668700000000001,0.96683,0.96685,0
0.9668700000000001,0.9668200000000001,0.96686,0
0.96686,0.9668200000000001,0.9668700000000001,0
0.96685,0.96683,0.9668700000000001,0
0.9668399999999999,0.96683,0.96688,0
0.96683,0.9668399999999999,0.9668700000000001,0
0.9668200000000001,0.96685,0.9668700000000001,0
0.9668200000000001,0.96686,0.96686,0
0.9668200000000001,0.9668700000000001,0.96685,0
0.96683,0.9668700000000001,0.9668399999999999,0
0.9668399999999999,0.96688,0.96683,0
0.96685,0.9668700000000001,0.96683,0
0.96686,0.9668700000000001,0.9668200000000001,0
0.9668700000000001,0.96686,0.9668200000000001,0
0.9668700000000001,0.96685,0.96683,0
0.96688,0.9668399999999999,0.96683,0
0.9668700000000001,0.96683,0.9668399999999999,0
0.9668700000000001,0.9668200000000001,0.96685,0
0.96686,0.9668200000000001,0.96686,0
0.96685,0.9668200000000001,0.9668700000000001,0
0.9668399999999999,0.96683,0.9668700000000001,0
0.96683,0.9668399999999999,0.96688,0
0.96683,0.96685,0.9668700000000001,0
0.9668200000000001,0.96686,0.9668700000000001,0
0.9668200000000001,0.9668700000000001,0.96686,0
0.96683,0.9668700000000001,0.96685,0
0.96683,0.96688,0.9668399999999999,0
0.9668399999999999,0.96688,0.96683,0
0.96685,0.9668700000000001,0.9668200000000001,0
0.96686,0.96686,0.9668200000000001,0
0.9668700000000001,0.96686,0.9668200000000001,0
0.9668700000000001,0.96685,0.96683,0
0.96688,0.9668399999999999,0.9668399999999999,0
0.9668700000000001,0.96683,0.96685,0
0.9668700000000001,0.9668200000000001,0.96686,0
0.96686,0.9668200000000001,0.9668700000000001,0
0.96685,0.9668200000000001,0.9668700000000001,0
0.9668399999999999,0.96683,0.96688,0
0.96683,0.9668399999999999,0.96688,0
0.96683,0.96685,0.9668700000000001,0
0.9668200000000001,0.96686,0.9668700000000001,0
0.9668200000000001,0.9668700000000001,0.96686,0
0.96683,0.9668700000000001,0.96685,0
0.96683,0.96688,0.9668399999999999,0
0.9668399999999999,0.9668700000000001,0.96683,0
0.96686,0.9668700000000001,0.9668200000000001,0
0.96686,0.96686,0.9668200000000001,0
0.9668700000000001,0.96685,0.9668200000000001,0
0.96688,0.9668399999999999,0.96683,0
0.96688,0.96683,0.9668399999999999,0
0.9668700000000001,0.96683,0.96685,0
0.9668700000000001,0.9668200000000001,0.96686,0
0.96686,0.9668200000000001,0.9668700000000001,0
0.96685,0.96683,0.9668700000000001,0
0.9668399999999999,0.96683,0.96688,0
0.96683,0.9668399999999999,0.9668700000000001,0
0.9668200000000001,0.96685,0.9668700000000001,0
0.9668200000000001,0.96686,0.96686,0
0.9668200000000001,0.9668700000000001,0.96685,0
0.96683,0.9668700000000001,0.9668399999999999,0
0.9668399999999999,0.96688,0.96683,0
0.96685,0.9668700000000001,0.96683,0
0.96686,0.9668700000000001,0.9668200000000001,0
0.9668700000000001,0.96686,0.9668200000000001,0
0.9668700000000001,0.96685,0.96683,0
0.96688,0.9668399999999999,0.96683,0
0.96688,0.96683,0.9668399999999999,0
0.9668700000000001,0.9668200000000001,0.96685,0
0.96686,0.9668200000000001,0.96686,0
0.96685,0.9668200000000001,0.9668700000000001,0
0.9668399999999999,0.96683,0.9668700000000001,0
0.9668399999999999,0.9668399999999999,0.96688,0
0.96683,0.96685,0.9668700000000001,0
0.9668200000000001,0.96686,0.9668700000000001,0
0.9668200000000001,0.9668700000000001,0.96686,0
0.96683,0.9668700000000001,0.96685,0
0.96683,0.96688,0.9668399999999999,0
0.9668399999999999,0.96688,0.96683,0
0.96685,0.9668700000000001,0.9668200000000001,0
0.96686,0.96686,0.9668200000000001,0
0.9668700000000001,0.96686,0.9668200000000001,0
0.9668700000000001,0.96685,0.96683,0
0.96688,0.9668399999999999,0.9668399999999999,0
0.9668700000000001,0.96683,0.96685,0
0.9668700000000001,0.9668200000000001,0.96686,0
0.96686,0.9668200000000001,0.9668700000000001,0
0.96685,0.9668200000000001,0.9668700000000001,0
0.9668399999999999,0.96683,0.96688,0
0.96683,0.9668399999999999,0.96688,0
0.96683,0.96685,0.9668700000000001,0
0.9668200000000001,0.96686,0.9668700000000001,0
0.9668200000000001,0.9668700000000001,0.96686,0
0.96683,0.9668700000000001,0.96685,0
0.9668399999999999,0.96688,0.9668399999999999,0
0.9668399999999999,0.9668700000000001,0.96683,0
0.96686,0.9668700000000001,0.9668200000000001,0
0.96686,0.96686,0.9668200000000001,0
0.9668700000000001,0.96685,0.9668200000000001,0
0.96688,0.9668399999999999,0.96683,0
0.96688,0.96683,0.9668399999999999,0
0.9668700000000001,0.96683,0.96685,0
0.9668700000000001,0.9668200000000001,0.96686,0
0.96686,0.9668200000000001,0.9668700000000001,0
0.96685,0.96683,0.9668700000000001,0
0.9668399999999999,0.96683,0.96688,0
0.96683,0.9668399999999999,0.9668700000000001,0
0.9668200000000001,0.96685,0.9668700000000001,0
0.9668200000000001,0.96686,0.96686,0
0.9668200000000001,0.9668700000000001,0.96685,0
0.96683,0.96688,0.9668399999999999,0
0.9668399999999999,0.96688,0.96683,0
0.96685,0.9668700000000001,0.96683,0
0.96686,0.9668700000000001,0.9668200000000001,0
0.9668700000000001,0.96686,0.9668200000000001,0
0.9668700000000001,0.96685,0.96683,0
0.96688,0.9668399999999999,0.96683,0
0.96688,0.96683,0.9668399999999999,0
0.9668700000000001,0.9668200000000001,0.96685,0
0.96686,0.9668200000000001,0.96686,0
0.96686,0.9668200000000001,0.9668700000000001,0
0.9668399999999999,0.96683,0.9668700000000001,0
0.9668399999999999,0.9668399999999999,0.96688,0
0.96683,0.96685,0.9668700000000001,0
0.9668200000000001,0.96686,0.9668700000000001,0
0.9668200000000001,0.9668700000000001,0.96686,0
0.96683,0.9668700000000001,0.96685,0
0.96683,0.96688,0.9668399999999999,0
0.9668399999999999,0.96688,0.96683,0
0.96685,0.9668700000000001,0.9668200000000001,0
0.96686,0.9668700000000001,0.9668200000000001,0
0.9668700000000001,0.96686,0.9668200000000001,0
0.9668700000000001,0.96685,0.96683,0
0.96688,0.9668399999999999,0.9668399999999999,0
0.9668700000000001,0.96683,0.96685,0
0.9668700000000001,0.9668200000000001,0.96686,0
0.96686,0.9668200000000001,0.9668700000000001,0
0.96685,0.9668200000000001,0.9668700000000001,0
0.9668399999999999,0.96683,0.96688,0
0.96683,0.9668399999999999,0.96688,0
0.96683,0.96685,0.9668700000000001,0
0.9668200000000001,0.96686,0.9668700000000001,0
0.9668200000000001,0.9668700000000001,0.96686,0
0.96683,0.9668700000000001,0.96685,0
0.9668399999999999,0.96688,0.9668399999999999,0
0.9668399999999999,0.9668700000000001,0.96683,0
0.96686,0.9668700000000001,0.9668200000000001,0
0.96686,0.96686,0.9668200000000001,0
0.9668700000000001,0.96685,0.9668200000000001,0
0.96688,0.9668399999999999,0.96683,0
0.96688,0.96683,0.9668399999999999,0
0.9668700000000001,0.96683,0.96685,0
0.9668700000000001,0.9668200000000001,0.96686,0
0.96686,0.9668200000000001,0.9668700000000001,0
0.96685,0.96683,0.9668700000000001,0
0.9668399999999999,0.96683,0.96688,0
0.96683,0.9668399999999999,0.9668700000000001,0
0.9668200000000001,0.96685,0.9668700000000001,0
0.9668200000000001,0.96686,0.96686,0
0.9668200000000001,0.9668700000000001,0.96685,0
0.96683,0.96688,0.9668399999999999,0
0.9668399999999999,0.96688,0.96683,0
0.96685,0.9668700000000001,0.96683,0
0.96686,0.9668700000000001,0.9668200000000001,0
0.9668700000000001,0.96686,0.9668200000000001,0
0.9668700000000001,0.96685,0.96683,0
0.96688,0.9668399999999999,0.96683,0
0.96688,0.96683,0.9668399999999999,0
0.9668700000000001,0.9668200000000001,0.96685,0
0.96686,0.9668200000000001,0.96686,0
0.96686,0.9668200000000001,0.9668700000000001,0
0.9668399999999999,0.96683,0.9668700000000001,0
0.9668399999999999,0.9668399999999999,0.96688,0
0.96683,0.96685,0.9668700000000001,0
0.9668200000000001,0.96686,0.9668700000000001,0
0.9668200000000001,0.9668700000000001,0.96686,0
0.96683,0.9668700000000001,0.96685,0
0.96683,0.96688,0.9668399999999999,0
0.9668399999999999,0.96688,0.96683,0
0.96685,0.9668700000000001,0.9668200000000001,0
0.96686,0.9668700000000001,0.9668200000000001,0
0.9668700000000001,0.96686,0.9668200000000001,0
0.9668700000000001,0.96685,0.96683,0
0.96688,0.9668399999999999,0.9668399999999999,0
0.9668700000000001,0.96683,0.96685,0
0.9668700000000001,0.9668200000000001,0.96686,0
0.96686,0.9668200000000001,0.9668700000000001,0
0.96685,0.9668200000000001,0.9668700000000001,0
0.9668399999999999,0.96683,0.96688,0
0.96683,0.9668399999999999,0.96688,0
0.96683,0.96685,0.9668700000000001,0
0.9668200000000001,0.96686,0.9668700000000001,0
0.9668200000000001,0.9668700000000001,0.96686,0
0.96683,0.9668700000000001,0.96685,0
0.9668399999999999,0.96688,0.9668399999999999,0
0.9668399999999999,0.9668700000000001,0.96683,0
0.96686,0.9668700000000001,0.9668200000000001,0
0.96686,0.96686,0.9668200000000001,0
0.9668700000000001,0.96685,0.9668200000000001,0
0.96688,0.9668399999999999,0.96683,0
0.96688,0.96683,0.9668399999999999,0
0.9668700000000001,0.96683,0.96685,0
0.9668700000000001,0.9668200000000001,0.96686,0
0.96686,0.9668200000000001,0.9668700000000001,0
0.96685,0.96683,0.9668700000000001,0
0.9668399999999999,0.96683,0.96688,0
0.96683,0.9668399999999999,0.9668700000000001,0
0.9668200000000001,0.96685,0.9668700000000001,0
0.9668200000000001,0.96686,0.96686,0
0.9668200000000001,0.9668700000000001,0.96685,0
0.96683,0.9668700000000001,0.9668399999999999,0
0.9668399999999999,0.96688,0.96683,0
0.96685,0.9668700000000001,0.96683,0
0.96686,0.9668700000000001,0.9668200000000001,0
0.9668700000000001,0.96686,0.9668200000000001,0
0.9668700000000001,0.96685,0.96683,0
0.96688,0.9668399999999999,0.96683,0
0.96688,0.96683,0.9668399999999999,0
0.9668700000000001,0.9668200000000001,0.96685,0
0.96686,0.9668200000000001,0.96686,0
0.96685,0.9668200000000001,0.9668700000000001,0
0.9668399999999999,0.96683,0.9668700000000001,0
0.9668399999999999,0.9668399999999999,0.96688,0
0.96683,0.96685,0.9668700000000001,0
0.9668200000000001,0.96686,0.9668700000000001,0
0.9668200000000001,0.9668700000000001,0.96686,0
0.96683,0.9668700000000001,0.96685,0
0.96683,0.96688,0.9668399999999999,0
0.9668399999999999,0.96688,0.96683,0
0.96685,0.9668700000000001,0.9668200000000001,0
0.96686,0.96686,0.9668200000000001,0
0.9668700000000001,0.96686,0.9668200000000001,0
0.9668700000000001,0.96685,0.96683,0
0.96688,0.9668399999999999,0.9668399999999999,0
0.9668700000000001,0.96683,0.96685,0
0.9668700000000001,0.9668200000000001,0.96686,0
0.96686,0.9668200000000001,0.9668700000000001,0
0.96685,0.9668200000000001,0.9668700000000001,0
0.9668399999999999,0.96683,0.96688,0
0.96683,0.9668399999999999,0.96688,0
0.96683,0.96685,0.9668700000000001,0
0.9668200000000001,0.96686,0.9668700000000001,0
0.9668200000000001,0.9668700000000001,0.96686,0
0.96683,0.9668700000000001,0.96685,0
0.96683,0.96688,0.9668399999999999,0
0.9668399999999999,0.9668700000000001,0.96683,0
0.96685,0.9668700000000001,0.9668200000000001,0
0.96686,0.96686,0.9668200000000001,0
0.9668700000000001,0.96685,0.9668200000000001,0
0.96688,0.9668399999999999,0.96683,0
0.96688,0.96683,0.9668399999999999,0
0.9668700000000001,0.96683,0.96685,0
0.9668700000000001,0.9668200000000001,0.96686,0
0.96686,0.9668200000000001,0.9668700000000001,0
0.96685,0.96683,0.9668700000000001,0
0.9668399999999999,0.96683,0.96688,0
0.96683,0.9668399999999999,0.9668700000000001,0
0.9668200000000001,0.96685,0.9668700000000001,0
0.9668200000000001,0.96686,0.96686,0
0.9668200000000001,0.9668700000000001,0.96685,0
0.96683,0.9668700000000001,0.9668399999999999,0
0.9668399999999999,0.96688,0.96683,0
0.96685,0.9668700000000001,0.96683,0
0.96686,0.9668700000000001,0.9668200000000001,0
0.9668700000000001,0.96686,0.9668200000000001,0
0.9668700000000001,0.96685,0.96683,0
0.96688,0.9668399999999999,0.96683,0
0.9668700000000001,0.96683,0.9668399999999999,0
0.9668700000000001,0.9668200000000001,0.96685,0
0.96686,0.9668200000000001,0.96686,0
0.96685,0.9668200000000001,0.9668700000000001,0
0.9668399999999999,0.96683,0.9668700000000001,0
0.96683,0.9668399999999999,0.96688,0
0.96683,0.96685,0.9668700000000001,0
0.9668200000000001,0.96686,0.9668700000000001,0
0.9668200000000001,0.9668700000000001,0.96686,0
0.9668200000000001,0.9668700000000001,0.96685,0
0.96683,0.96688,0.9668399999999999,0
0.9668399999999999,0.96688,0.96683,0
0.96685,0.9668700000000001,0.9668200000000001,0
0.96686,0.96686,0.9668200000000001,0
0.9668700000000001,0.96686,0.9668200000000001,0
0.9668700000000001,0.96685,0.96683,0
0.96688,0.9668399999999999,0.9668399999999999,0
0.9668700000000001,0.96683,0.96685,0
0.9668700000000001,0.9668200000000001,0.96686,0
0.96686,0.9668200000000001,0.96686,0
0.96685,0.9668200000000001,0.9668700000000001,0
0.9668399999999999,0.96683,0.96688,0
0.96683,0.9668399999999999,0.96688,0
0.9668200000000001,0.96685,0.9668700000000001,0
0.9668200000000001,0.96686,0.9668700000000001,0
0.9668200000000001,0.9668700000000001,0.96686,0
0.96683,0.9668700000000001,0.96685,0
0.96683,0.96688,0.9668399999999999,0
0.9668399999999999,0.9668700000000001,0.96683,0
0.96685,0.9668700000000001,0.9668200000000001,0
0.96686,0.96686,0.9668200000000001,0
0.9668700000000001,0.96685,0.9668200000000001,0
0.9668700000000001,0.9668399999999999,0.96683,0
0.96688,0.96683,0.9668399999999999,0
0.9668700000000001,0.96683,0.96685,0
0.9668700000000001,0.9668200000000001,0.96686,0
0.96686,0.9668200000000001,0.9668700000000001,0
0.96685,0.96683,0.9668700000000001,0
0.9668399999999999,0.96683,0.96688,0
0.96683,0.9668399999999999,0.9668700000000001,0
0.9668200000000001,0.96685,0.9668700000000001,0
0.9668200000000001,0.96686,0.96686,0
0.9668200000000001,0.9668700000000001,0.96685,0
0.96683,0.9668700000000001,0.9668399999999999,0
0.9668399999999999,0.96688,0.96683,0
0.96685,0.9668700000000001,0.96683,0
0.96686,0.9668700000000001,0.9668200000000001,0
0.9668700000000001,0.96686,0.9668200000000001,0
0.9668700000000001,0.96685,0.96683,0
0.96688,0.9668399999999999,0.96683,0
0.9668700000000001,0.96683,0.9668399999999999,0
0.9668700000000001,0.9668200000000001,0.96685,0
0.96686,0.9668200000000001,0.96686,0
0.96685,0.9668200000000001,0.9668700000000001,0
0.9668399999999999,0.96683,0.9668700000000001,0
0.96683,0.9668399999999999,0.96688,0
0.96683,0.96685,0.9668700000000001,0
0.9668200000000001,0.96686,0.9668700000000001,0
0.9668200000000001,0.9668700000000001,0.96686,0
0.9668200000000001,0.9668700000000001,0.96685,0
0.96683,0.9668700000000001,0.9668399999999999,0
0.9668399999999999,0.9668700000000001,0.96683,0
0.96685,0.9668700000000001,0.9668200000000001,0
0.96686,0.96686,0.9668200000000001,0
0.9668700000000001,0.96686,0.9668200000000001,0
0.9668700000000001,0.96685,0.96683,0
0.96688,0.9668399999999999,0.9668399999999999,0
0.9668700000000001,0.96683,0.96685,0
0.9668700000000001,0.9668200000000001,0.96686,0
0.96686,0.9668200000000001,0.96686,0
0.96685,0.9668200000000001,0.9668700000000001,0
0.9668399999999999,0.96683,0.9668700000000001,0
0.96683,0.9668399999999999,0.9668700000000001,0
0.9668200000000001,0.96685,0.9668700000000001,0
0.9668200000000001,0.96686,0.9668700000000001,0
0.9668200000000001,0.9668700000000001,0.96686,0
0.96683,0.9668700000000001,0.96685,0
0.96683,0.96688,0.9668399999999999,0
0.9668399999999999,0.9668700000000001,0.96683,0
0.96685,0.9668700000000001,0.9668200000000001,0
0.96686,0.96686,0.9668200000000001,0
0.9668700000000001,0.96685,0.9668200000000001,0
0.9668700000000001,0.9668399999999999,0.96683,0
0.9668700000000001,0.96683,0.9668399999999999,0
0.9668700000000001,0.96683,0.96685,0
0.9668700000000001,0.9668200000000001,0.96686,0
0.96686,0.9668200000000001,0.9668700000000001,0
0.96685,0.96683,0.9668700000000001,0
0.9668399999999999,0.96683,0.9668700000000001,0
0.96683,0.9668399999999999,0.9668700000000001,0
0.9668200000000001,0.96685,0.9668700000000001,0
0.9668200000000001,0.96686,0.96686,0
0.9668200000000001,0.9668700000000001,0.96685,0
0.96683,0.9668700000000001,0.9668399999999999,0
0.9668399999999999,0.9668700000000001,0.96683,0
0.96685,0.9668700000000001,0.96683,0
0.96686,0.9668700000000001,0.9668200000000001,0
0.9668700000000001,0.96686,0.9668200000000001,0
0.9668700000000001,0.96685,0.9668200000000001,0
0.9668700000000001,0.9668399999999999,0.96683,0
0.9668700000000001,0.96683,0.9668399999999999,0
0.9668700000000001,0.9668200000000001,0.96685,0
0.96686,0.9668200000000001,0.96686,0
0.96685,0.9668200000000001,0.9668700000000001,0
0.9668399999999999,0.96683,0.9668700000000001,0
0.96683,0.9668399999999999,0.9668700000000001,0
0.96683,0.96685,0.9668700000000001,0
0.9668200000000001,0.96686,0.9668700000000001,0
0.9668200000000001,0.96686,0.96686,0
0.9668200000000001,0.9668700000000001,0.96685,0
0.96683,0.9668700000000001,0.9668399999999999,0
0.9668399999999999,0.9668700000000001,0.96683,0
0.96685,0.9668700000000001,0.9668200000000001,0
0.96686,0.96686,0.9668200000000001,0
0.9668700000000001,0.96686,0.9668200000000001,0
0.9668700000000001,0.9668399999999999,0.96683,0
0.9668700000000001,0.9668399999999999,0.96683,0
0.9668700000000001,0.96683,0.9668399999999999,0
0.9668700000000001,0.9668200000000001,0.96685,0
0.96686,0.9668200000000001,0.96686,0
0.96685,0.9668200000000001,0.9668700000000001,0
0.9668399999999999,0.96683,0.9668700000000001,0
0.96683,0.9668399999999999,0.9668700000000001,0
0.9668200000000001,0.96685,0.9668700000000001,0
0.9668200000000001,0.96686,0.96686,0
0.9668200000000001,0.9668700000000001,0.96686,0
0.96683,0.9668700000000001,0.96685,0
0.96683,0.9668700000000001,0.9668399999999999,0
0.9668399999999999,0.9668700000000001,0.96683,0
0.96685,0.9668700000000001,0.9668200000000001,0
0.96686,0.96686,0.9668200000000001,0
0.9668700000000001,0.96685,0.9668200000000001,0
0.9668700000000001,0.9668399999999999,0.96683,0
0.9668700000000001,0.96683,0.9668399999999999,0
0.9668700000000001,0.9668200000000001,0.96685,0
0.9668700000000001,0.9668200000000001,0.96686,0
0.96686,0.9668200000000001,0.9668700000000001,0
0.96685,0.9668200000000001,0.9668700000000001,0
0.9668399999999999,0.96683,0.9668700000000001,0
0.96683,0.9668399999999999,0.9668700000000001,0
0.9668200000000001,0.96685,0.9668700000000001,0
0.9668200000000001,0.96686,0.96686,0
0.9668200000000001,0.9668700000000001,0.96685,0
0.96683,0.9668700000000001,0.9668399999999999,0
0.9668399999999999,0.9668700000000001,0.96683,0
0.96685,0.9668700000000001,0.96683,0
0.96686,0.9668700000000001,0.9668200000000001,0
0.9668700000000001,0.96686,0.9668200000000001,0
0.9668700000000001,0.96685,0.9668200000000001,0
0.9668700000000001,0.9668399999999999,0.96683,0
0.9668700000000001,0.96683,0.9668399999999999,0
0.9668700000000001,0.9668200000000001,0.96685,0
0.96686,0.9668200000000001,0.96686,0
0.96685,0.9668200000000001,0.9668700000000001,0
0.9668399999999999,0.96683,0.9668700000000001,0
0.96683,0.9668399999999999,0.9668700000000001,0
0.96683,0.96685,0.9668700000000001,0
0.9668200000000001,0.96686,0.9668700000000001,0
0.9668200000000001,0.96686,0.96686,0
0.9668200000000001,0.9668700000000001,0.96685,0
0.96683,0.9668700000000001,0.9668399999999999,0
0.9668399999999999,0.9668700000000001,0.96683,0
0.96685,0.9668700000000001,0.9668200000000001,0
0.96686,0.96686,0.9668200000000001,0
0.9668700000000001,0.96685,0.9668200000000001,0
0.9668700000000001,0.9668399999999999,0.96683,0
0.9668700000000001,0.96683,0.96683,0
0.9668700000000001,0.96683,0.9668399999999999,0
0.9668700000000001,0.9668200000000001,0.96685,0
0.96686,0.9668200000000001,0.96686,0
0.96685,0.9668200000000001,0.9668700000000001,0
0.9668399999999999,0.96683,0.9668700000000001,0
0.96683,0.9668399999999999,0.9668700000000001,0
0.9668200000000001,0.96685,0.9668700000000001,0
0.9668200000000001,0.96686,0.96686,0
0.9668200000000001,0.9668700000000001,0.96686,0
0.96683,0.9668700000000001,0.96685,0
0.96683,0.9668700000000001,0.9668399999999999,0
0.9668399999999999,0.9668700000000001,0.96683,0
0.96685,0.9668700000000001,0.9668200000000001,0
0.96686,0.96686,0.9668200000000001,0
0.9668700000000001,0.96685,0.9668200000000001,0
0.9668700000000001,0.9668399999999999,0.96683,0
0.9668700000000001,0.96683,0.9668399999999999,0
0.9668700000000001,0.9668200000000001,0.96685,0
0.9668700000000001,0.9668200000000001,0.96686,0
0.96686,0.9668200000000001,0.9668700000000001,0
0.96685,0.9668200000000001,0.9668700000000001,0
0.9668399999999999,0.96683,0.9668700000000001,0
0.96683,0.9668399999999999,0.9668700000000001,0
0.9668200000000001,0.96685,0.9668700000000001,0
0.9668200000000001,0.96686,0.96686,0
0.9668200000000001,0.9668700000000001,0.96685,0
0.96683,0.9668700000000001,0.9668399999999999,0
0.9668399999999999,0.9668700000000001,0.96683,0
0.96685,0.9668700000000001,0.9668200000000001,0
0.96686,0.9668700000000001,0.9668200000000001,0
0.96686,0.96686,0.9668200000000001,0
0.9668700000000001,0.96685,0.9668200000000001,0
0.9668700000000001,0.9668399999999999,0.96683,0
0.9668700000000001,0.96683,0.9668399999999999,0
0.9668700000000001,0.9668200000000001,0.96685,0
0.96686,0.9668200000000001,0.96686,0
0.96685,0.9668200000000001,0.9668700000000001,0
0.9668399999999999,0.96683,0.9668700000000001,0
0.96683,0.96683,0.9668700000000001,0
0.96683,0.9668399999999999,0.9668700000000001,0
0.9668200000000001,0.96685,0.9668700000000001,0
0.9668200000000001,0.96686,0.96686,0
0.9668200000000001,0.9668700000000001,0.96685,0
0.96683,0.9668700000000001,0.9668399999999999,0
0.9668399999999999,0.9668700000000001,0.96683,0
0.96685,0.9668700000000001,0.9668200000000001,0
0.96686,0.96686,0.9668200000000001,0
0.9668700000000001,0.96685,0.9668200000000001,0
0.9668700000000001,0.9668399999999999,0.96683,0
0.9668700000000001,0.96683,0.96683,0
0.9668700000000001,0.96683,0.9668399999999999,0
0.9668700000000001,0.9668200000000001,0.96685,0
0.96686,0.9668200000000001,0.96686,0
0.96685,0.9668200000000001,0.9668700000000001,0
0.9668399999999999,0.96683,0.9668700000000001,0
0.96683,0.9668399999999999,0.9668700000000001,0
0.9668200000000001,0.96685,0.9668700000000001,0
0.9668200000000001,0.96686,0.96686,0
0.9668200000000001,0.9668700000000001,0.96686,0
0.9668200000000001,0.9668700000000001,0.96685,0
0.96683,0.9668700000000001,0.9668399999999999,0
0.9668399999999999,0.9668700000000001,0.96683,0
0.96685,0.9668700000000001,0.9668200000000001,0
0.96686,0.96686,0.9668200000000001,0
0.9668700000000001,0.96685,0.9668200000000001,0
0.9668700000000001,0.9668399999999999,0.96683,0
0.9668700000000001,0.96683,0.9668399999999999,0
0.9668700000000001,0.9668200000000001,0.96685,0
0.96686,0.9668200000000001,0.96686,0
0.96686,0.9668200000000001,0.9668700000000001,0
0.96685,0.9668200000000001,0.9668700000000001,0
0.9668399999999999,0.96683,0.9668700000000001,0
0.96683,0.9668399999999999,0.9668700000000001,0
0.9668200000000001,0.96685,0.9668700000000001,0
0.9668200000000001,0.96686,0.96686,0
0.9668200000000001,0.9668700000000001,0.96685,0
0.96683,0.9668700000000001,0.9668399999999999,0
0.9668399999999999,0.9668700000000001,0.96683,0
0.96685,0.9668700000000001,0.9668200000000001,0
0.96686,0.9668700000000001,0.9668200000000001,0
0.96686,0.96686,0.9668200000000001,0
0.9668700000000001,0.96685,0.9668200000000001,0
0.9668700000000001,0.9668399999999999,0.96683,0
0.9668700000000001,0.96683,0.9668399999999999,0
0.9668700000000001,0.9668200000000001,0.96685,0
0.96686,0.9668200000000001,0.96686,0
0.96685,0.9668200000000001,0.9668700000000001,0
0.9668399999999999,0.96683,0.9668700000000001,0
0.96683,0.96683,0.9668700000000001,0
0.9668200000000001,0.9668399999999999,0.9668700000000001,0
0.9668200000000001,0.96685,0.9668700000000001,0
0.9668200000000001,0.96686,0.96686,0
0.9668200000000001,0.9668700000000001,0.96685,0
0.96683,0.9668700000000001,0.9668399999999999,0
0.9668399999999999,0.9668700000000001,0.96683,0
0.96685,0.9668700000000001,0.9668200000000001,0
0.96686,0.96686,0.9668200000000001,0
0.9668700000000001,0.96685,0.9668200000000001,0
0.9668700000000001,0.9668399999999999,0.9668200000000001,0
0.9668700000000001,0.96683,0.96683,0
0.9668700000000001,0.96683,0.9668399999999999,0
0.9668700000000001,0.9668200000000001,0.96685,0
0.96686,0.9668200000000001,0.96686,0
0.96685,0.9668200000000001,0.9668700000000001,0
0.9668399999999999,0.96683,0.9668700000000001,0
0.96683,0.9668399999999999,0.9668700000000001,0
0.9668200000000001,0.96685,0.9668700000000001,0
0.9668200000000001,0.96686,0.96686,0
0.9668200000000001,0.9668700000000001,0.96685,0
0.9668200000000001,0.9668700000000001,0.9668399999999999,0
0.96683,0.9668700000000001,0.96683,0
0.9668399999999999,0.9668700000000001,0.96683,0
0.96685,0.9668700000000001,0.9668200000000001,0
0.96686,0.96686,0.9668200000000001,0
0.9668700000000001,0.96685,0.9668200000000001,0
0.9668700000000001,0.9668399999999999,0.96683,0
0.9668700000000001,0.96683,0.9668399999999999,0
0.9668700000000001,0.9668200000000001,0.96685,0
0.96686,0.9668200000000001,0.96686,0
0.96686,0.9668200000000001,0.96686,0
0.96685,0.9668200000000001,0.9668700000000001,0
0.9668399999999999,0.96683,0.9668700000000001,0
0.96683,0.9668399999999999,0.9668700000000001,0
0.9668200000000001,0.96685,0.9668700000000001,0
0.9668200000000001,0.96686,0.96686,0
0.9668200000000001,0.9668700000000001,0.96685,0
0.96683,0.9668700000000001,0.9668399999999999,0
0.96683,0.9668700000000001,0.96683,0
0.96685,0.9668700000000001,0.9668200000000001,0
0.96686,0.96686,0.9668200000000001,0
0.96686,0.96686,0.9668200000000001,0
0.9668700000000001,0.96685,0.9668200000000001,0
0.9668700000000001,0.9668399999999999,0.96683,0
0.9668700000000001,0.96683,0.9668399999999999,0
0.9668700000000001,0.9668200000000001,0.96685,0
0.96686,0.9668200000000001,0.96686,0
0.96685,0.9668200000000001,0.9668700000000001,0
0.9668399999999999,0.96683,0.9668700000000001,0
0.96683,0.96683,0.9668700000000001,0
0.9668200000000001,0.9668399999999999,0.9668700000000001,0
0.9668200000000001,0.96685,0.9668700000000001,0
0.9668200000000001,0.96686,0.96686,0
0.9668200000000001,0.9668700000000001,0.96685,0
0.96683,0.9668700000000001,0.9668399999999999,0
0.9668399999999999,0.9668700000000001,0.96683,0
0.96685,0.9668700000000001,0.9668200000000001,0
0.96686,0.96686,0.9668200000000001,0
0.9668700000000001,0.96685,0.9668200000000001,0
0.9668700000000001,0.9668399999999999,0.9668200000000001,0
0.9668700000000001,0.96683,0.96683,0
0.9668700000000001,0.96683,0.9668399999999999,0
0.9668700000000001,0.9668200000000001,0.96685,0
0.96686,0.9668200000000001,0.96686,0
0.96685,0.9668200000000001,0.9668700000000001,0
0.9668399999999999,0.96683,0.9668700000000001,0
0.96683,0.9668399999999999,0.9668700000000001,0
0.9668200000000001,0.96685,0.9668700000000001,0
0.9668200000000001,0.96686,0.96686,0
0.9668200000000001,0.9668700000000001,0.96685,0
0.9668200000000001,0.9668700000000001,0.9668399999999999,0
0.96683,0.9668700000000001,0.96683,0
0.9668399999999999,0.9668700000000001,0.96683,0
0.96685,0.9668700000000001,0.9668200000000001,0
0.96686,0.96686,0.9668200000000001,0
0.9668700000000001,0.96685,0.9668200000000001,0
0.9668700000000001,0.9668399999999999,0.96683,0
0.9668700000000001,0.96683,0.9668399999999999,0
0.9668700000000001,0.9668200000000001,0.96685,0
0.96686,0.9668200000000001,0.96686,0
0.96686,0.9668200000000001,0.96686,0
0.96685,0.9668200000000001,0.9668700000000001,0
0.9668399999999999,0.96683,0.9668700000000001,0
0.96683,0.9668399999999999,0.9668700000000001,0
0.9668200000000001,0.96685,0.9668700000000001,0
0.9668200000000001,0.96686,0.96686,0
0.9668200000000001,0.9668700000000001,0.96685,0
0.96683,0.9668700000000001,0.9668399999999999,0
0.96683,0.9668700000000001,0.96683,0
0.9668399999999999,0.9668700000000001,0.9668200000000001,0
0.96685,0.96686,0.9668200000000001,0
0.96686,0.96686,0.9668200000000001,0
0.9668700000000001,0.96685,0.9668200000000001,0
0.9668700000000001,0.9668399999999999,0.96683,0
0.9668700000000001,0.96683,0.9668399999999999,0
0.9668700000000001,0.9668200000000001,0.96685,0
0.96686,0.9668200000000001,0.96686,0
0.96685,0.9668200000000001,0.9668700000000001,0
0.9668399999999999,0.9668200000000001,0.9668700000000001,0
0.96683,0.96683,0.9668700000000001,0
0.9668200000000001,0.9668399999999999,0.9668700000000001,0
0.9668200000000001,0.96685,0.9668700000000001,0
0.9668200000000001,0.96686,0.96686,0
0.9668200000000001,0.9668700000000001,0.96685,0
0.96683,0.9668700000000001,0.9668399999999999,0
0.9668399999999999,0.9668700000000001,0.96683,0
0.96685,0.9668700000000001,0.9668200000000001,0
0.96686,0.96686,0.9668200000000001,0
0.9668700000000001,0.96685,0.9668200000000001,0
0.9668700000000001,0.9668399999999999,0.9668200000000001,0
0.9668700000000001,0.96683,0.96683,0
0.9668700000000001,0.9668200000000001,0.9668399999999999,0
0.9668700000000001,0.9668200000000001,0.96685,0
0.96686,0.9668200000000001,0.96686,0
0.96685,0.9668200000000001,0.9668700000000001,0
0.9668399999999999,0.96683,0.9668700000000001,0
0.96683,0.9668399999999999,0.9668700000000001,0
0.9668200000000001,0.96685,0.9668700000000001,0
0.9668200000000001,0.96686,0.96686,0
0.9668200000000001,0.96686,0.96685,0
0.9668200000000001,0.9668700000000001,0.9668399999999999,0
0.96683,0.9668700000000001,0.96683,0
0.9668399999999999,0.9668700000000001,0.96683,0
0.96685,0.9668700000000001,0.9668200000000001,0
0.96686,0.96686,0.9668200000000001,0
0.9668700000000001,0.96685,0.9668200000000001,0
0.9668700000000001,0.9668399999999999,0.96683,0
0.9668700000000001,0.96683,0.9668399999999999,0
0.9668700000000001,0.9668200000000001,0.96685,0
0.96686,0.9668200000000001,0.96686,0
0.96685,0.9668200000000001,0.96686,0
0.9668399999999999,0.9668200000000001,0.9668700000000001,0
0.96683,0.96683,0.9668700000000001,0
0.96683,0.9668399999999999,0.9668700000000001,0
0.9668200000000001,0.96685,0.9668700000000001,0
0.9668200000000001,0.96686,0.96686,0
0.9668200000000001,0.9668700000000001,0.96685,0
0.96683,0.9668700000000001,0.9668399999999999,0
0.96683,0.9668700000000001,0.96683,0
0.9668399999999999,0.9668700000000001,0.9668200000000001,0
0.96685,0.96686,0.9668200000000001,0
0.96686,0.96686,0.9668200000000001,0
0.9668700000000001,0.96685,0.9668200000000001,0
0.9668700000000001,0.9668399999999999,0.96683,0
0.9668700000000001,0.96683,0.9668399999999999,0
0.9668700000000001,0.9668200000000001,0.96685,0
0.96686,0.9668200000000001,0.96686,0
0.96685,0.9668200000000001,0.9668700000000001,0
0.9668399999999999,0.9668200000000001,0.9668700000000001,0
0.96683,0.96683,0.9668700000000001,0
0.9668200000000001,0.9668399999999999,0.9668700000000001,0
0.9668200000000001,0.96685,0.96686,0
0.9668200000000001,0.96686,0.96686,0
0.9668200000000001,0.9668700000000001,0.96685,0
0.96683,0.9668700000000001,0.9668399999999999,0
0.9668399999999999,0.9668700000000001,0.96683,0
0.96685,0.9668700000000001,0.9668200000000001,0
0.96686,0.96686,0.9668200000000001,0
0.9668700000000001,0.96685,0.9668200000000001,0
0.9668700000000001,0.9668399999999999,0.9668200000000001,0
0.9668700000000001,0.96683,0.96683,0
0.9668700000000001,0.9668200000000001,0.9668399999999999,0
0.9668700000000001,0.9668200000000001,0.96685,0
0.96686,0.9668200000000001,0.96686,0
0.96685,0.9668200000000001,0.9668700000000001,0
0.9668399999999999,0.96683,0.9668700000000001,0
0.96683,0.9668399999999999,0.9668700000000001,0
0.9668200000000001,0.96685,0.9668700000000001,0
0.9668200000000001,0.96686,0.96686,0
0.9668200000000001,0.96686,0.96685,0
0.9668200000000001,0.9668700000000001,0.9668399999999999,0
0.96683,0.9668700000000001,0.96683,0
0.9668399999999999,0.9668700000000001,0.96683,0
0.96685,0.9668700000000001,0.9668200000000001,0
0.96686,0.96686,0.9668200000000001,0
0.9668700000000001,0.96685,0.9668200000000001,0
0.9668700000000001,0.9668399999999999,0.96683,0
0.9668700000000001,0.96683,0.96683,0
0.9668700000000001,0.9668200000000001,0.96685,0
0.96686,0.9668200000000001,0.96686,0
0.96685,0.9668200000000001,0.96686,0
0.9668399999999999,0.9668200000000001,0.9668700000000001,0
0.96683,0.96683,0.9668700000000001,0
0.96683,0.9668399999999999,0.9668700000000001,0
0.9668200000000001,0.96685,0.9668700000000001,0
0.9668200000000001,0.96686,0.96686,0
0.9668200000000001,0.9668700000000001,0.96685,0
0.96683,0.9668700000000001,0.9668399999999999,0
0.96683,0.9668700000000001,0.96683,0
0.9668399999999999,0.9668700000000001,0.9668200000000001,0
0.96685,0.96686,0.9668200000000001,0
0.96686,0.96686,0.9668200000000001,0
0.9668700000000001,0.96685,0.9668200000000001,0
0.9668700000000001,0.9668399999999999,0.96683,0
0.9668700000000001,0.96683,0.9668399999999999,0
0.9668700000000001,0.9668200000000001,0.96685,0
0.96686,0.9668200000000001,0.96686,0
0.96685,0.9668200000000001,0.9668700000000001,0
0.9668399999999999,0.9668200000000001,0.9668700000000001,0
0.96683,0.96683,0.9668700000000001,0
0.9668200000000001,0.9668399999999999,0.9668700000000001,0
0.9668200000000001,0.96685,0.96686,0
0.9668200000000001,0.96686,0.96686,0
0.9668200000000001,0.9668700000000001,0.96685,0
0.96683,0.9668700000000001,0.9668399999999999,0
0.9668399999999999,0.9668700000000001,0.96683,0
0.96685,0.9668700000000001,0.9668200000000001,0
0.96686,0.96686,0.9668200000000001,0
0.96686,0.96685,0.9668200000000001,0
0.9668700000000001,0.9668399999999999,0.9668200000000001,0
0.9668700000000001,0.96683,0.96683,0
0.9668700000000001,0.9668200000000001,0.9668399999999999,0
0.9668700000000001,0.9668200000000001,0.96685,0
0.96686,0.9668200000000001,0.96686,0
0.96685,0.9668200000000001,0.9668700000000001,0
0.9668399999999999,0.96683,0.9668700000000001,0
0.96683,0.9668399999999999,0.9668700000000001,0
0.9668200000000001,0.96685,0.9668700000000001,0
0.9668200000000001,0.96686,0.96686,0
0.9668200000000001,0.96686,0.96685,0
0.9668200000000001,0.9668700000000001,0.9668399999999999,0
0.96683,0.9668700000000001,0.96683,0
0.9668399999999999,0.9668700000000001,0.9668200000000001,0
0.96685,0.9668700000000001,0.9668200000000001,0
0.96686,0.96686,0.9668200000000001,0
0.9668700000000001,0.96685,0.9668200000000001,0
0.9668700000000001,0.9668399999999999,0.96683,0
0.9668700000000001,0.96683,0.96683,0
0.9668700000000001,0.9668200000000001,0.9668399999999999,0
0.96686,0.9668200000000001,0.96685,0
0.96685,0.9668200000000001,0.96686,0
0.9668399999999999,0.9668200000000001,0.9668700000000001,0
0.96683,0.96683,0.9668700000000001,0
0.96683,0.9668399999999999,0.9668700000000001,0
0.9668200000000001,0.96685,0.9668700000000001,0
0.9668200000000001,0.96686,0.96686,0
0.9668200000000001,0.9668700000000001,0.96685,0
0.9668200000000001,0.9668700000000001,0.9668399999999999,0
0.96683,0.9668700000000001,0.96683,0
0.9668399999999999,0.9668700000000001,0.9668200000000001,0
0.96685,0.96686,0.9668200000000001,0
0.96686,0.96686,0.9668200000000001,0
0.9668700000000001,0.96685,0.9668200000000001,0
0.9668700000000001,0.9668399999999999,0.96683,0
0.9668700000000001,0.96683,0.9668399999999999,0
0.9668700000000001,0.9668200000000001,0.96685,0
0.96686,0.9668200000000001,0.96686,0
0.96685,0.9668200000000001,0.9668700000000001,0
0.9668399999999999,0.9668200000000001,0.9668700000000001,0
0.96683,0.96683,0.9668700000000001,0
0.9668200000000001,0.9668399999999999,0.9668700000000001,0
0.9668200000000001,0.96685,0.96686,0
0.9668200000000001,0.96686,0.96686,0
0.9668200000000001,0.9668700000000001,0.96685,0
0.96683,0.9668700000000001,0.9668399999999999,0
0.9668399999999999,0.9668700000000001,0.96683,0
0.96685,0.9668700000000001,0.9668200000000001,0
0.96686,0.96686,0.9668200000000001,0
0.96686,0.96685,0.9668200000000001,0
0.9668700000000001,0.9668399999999999,0.9668200000000001,0
0.9668700000000001,0.96683,0.96683,0
0.9668700000000001,0.9668200000000001,0.9668399999999999,0
0.9668700000000001,0.9668200000000001,0.96685,0
0.96686,0.9668200000000001,0.96686,0
0.96685,0.9668200000000001,0.9668700000000001,0
0.9668399999999999,0.96683,0.9668700000000001,0
0.96683,0.9668399999999999,0.9668700000000001,0
0.9668200000000001,0.96685,0.9668700000000001,0
0.9668200000000001,0.96686,0.96686,0
0.9668200000000001,0.96686,0.96685,0
0.9668200000000001,0.9668700000000001,0.9668399999999999,0
0.96683,0.9668700000000001,0.96683,0
0.9668399999999999,0.9668700000000001,0.9668200000000001,0
0.96685,0.9668700000000001,0.9668200000000001,0
0.96686,0.96686,0.9668200000000001,0
0.9668700000000001,0.96685,0.9668200000000001,0
0.9668700000000001,0.9668399999999999,0.96683,0
0.9668700000000001,0.96683,0.96683,0
0.9668700000000001,0.9668200000000001,0.9668399999999999,0
0.96686,0.9668200000000001,0.96685,0
0.96685,0.9668200000000001,0.96686,0
0.9668399999999999,0.9668200000000001,0.9668700000000001,0
0.96683,0.96683,0.9668700000000001,0
0.96683,0.9668399999999999,0.9668700000000001,0
0.9668200000000001,0.96685,0.9668700000000001,0
0.9668200000000001,0.96686,0.96686,0
0.9668200000000001,0.9668700000000001,0.96685,0
0.9668200000000001,0.9668700000000001,0.9668399999999999,0
0.96683,0.9668700000000001,0.96683,0
0.9668399999999999,0.9668700000000001,0.9668200000000001,0
0.96685,0.96686,0.9668200000000001,0
0.96686,0.96686,0.9668200000000001,0
0.9668700000000001,0.96685,0.9668200000000001,0
0.9668700000000001,0.9668399999999999,0.96683,0
0.9668700000000001,0.96683,0.9668399999999999,0
0.9668700000000001,0.9668200000000001,0.96685,0
0.96686,0.9668200000000001,0.96686,0
0.96685,0.9668200000000001,0.9668700000000001,0
0.9668399999999999,0.9668200000000001,0.9668700000000001,0
0.96683,0.96683,0.9668700000000001,0
0.9668200000000001,0.9668399999999999,0.9668700000000001,0
0.9668200000000001,0.96685,0.96686,0
0.9668200000000001,0.96686,0.96686,0
0.9668200000000001,0.9668700000000001,0.96685,0
0.96683,0.9668700000000001,0.9668399999999999,0
0.9668399999999999,0.9668700000000001,0.96683,0
0.96685,0.9668700000000001,0.9668200000000001,0
0.96686,0.96686,0.9668200000000001,0
0.96686,0.96685,0.9668200000000001,0
0.9668700000000001,0.9668399999999999,0.9668200000000001,0
0.9668700000000001,0.96683,0.96683,0
0.9668700000000001,0.9668200000000001,0.9668399999999999,0
0.9668700000000001,0.9668200000000001,0.96685,0
0.96686,0.9668200000000001,0.96686,0
0.96685,0.9668200000000001,0.9668700000000001,0
0.9668399999999999,0.96683,0.9668700000000001,0
0.96683,0.9668399999999999,0.9668700000000001,0
0.9668200000000001,0.96685,0.9668700000000001,0
0.9668200000000001,0.96686,0.96686,0
0.9668200000000001,0.96686,0.96685,0
0.9668200000000001,0.9668700000000001,0.9668399999999999,0
0.96683,0.9668700000000001,0.96683,0
0.9668399999999999,0.9668700000000001,0.96683,0
0.96685,0.9668700000000001,0.9668200000000001,0
0.96686,0.96686,0.9668200000000001,0
0.9668700000000001,0.96685,0.9668200000000001,0
0.9668700000000001,0.9668399999999999,0.96683,0
0.9668700000000001,0.96683,0.96683,0
0.9668700000000001,0.9668200000000001,0.9668399999999999,0
0.96686,0.9668200000000001,0.96685,0
0.96685,0.9668200000000001,0.96686,0
0.9668399999999999,0.9668200000000001,0.9668700000000001,0
0.96683,0.96683,0.9668700000000001,0
0.96683,0.9668399999999999,0.9668700000000001,0
0.9668200000000001,0.96685,0.9668700000000001,0
0.9668200000000001,0.96686,0.96686,0
0.9668200000000001,0.9668700000000001,0.96685,0
0.96683,0.9668700000000001,0.9668399999999999,0
0.96683,0.9668700000000001,0.96683,0
0.9668399999999999,0.9668700000000001,0.9668200000000001,0
0.96685,0.96686,0.9668200000000001,0
0.96686,0.96686,0.9668200000000001,0
0.9668700000000001,0.96685,0.9668200000000001,0
0.9668700000000001,0.9668399999999999,0.96683,0
0.9668700000000001,0.96683,0.9668399999999999,0
0.9668700000000001,0.9668200000000001,0.96685,0
0.96686,0.9668200000000001,0.96686,0
0.96685,0.9668200000000001,0.9668700000000001,0
0.9668399999999999,0.9668200000000001,0.9668700000000001,0
0.96683,0.96683,0.9668700000000001,0
0.9668200000000001,0.9668399999999999,0.9668700000000001,0
0.9668200000000001,0.96685,0.96686,0
0.9668200000000001,0.96686,0.96686,0
0.9668200000000001,0.9668700000000001,0.96685,0
0.96683,0.9668700000000001,0.9668399999999999,0
0.9668399999999999,0.9668700000000001,0.96683,0
0.96685,0.9668700000000001,0.9668200000000001,0
0.96686,0.96686,0.9668200000000001,0
0.9668700000000001,0.96685,0.9668200000000001,0
0.9668700000000001,0.9668399999999999,0.9668200000000001,0
0.9668700000000001,0.96683,0.96683,0
0.9668700000000001,0.9668200000000001,0.9668399999999999,0
0.9668700000000001,0.9668200000000001,0.96685,0
0.96686,0.9668200000000001,0.96686,0
0.96685,0.9668200000000001,0.9668700000000001,0
0.9668399999999999,0.96683,0.9668700000000001,0
0.96683,0.9668399999999999,0.9668700000000001,0
0.9668200000000001,0.96685,0.9668700000000001,0
0.9668200000000001,0.96686,0.96686,0
0.9668200000000001,0.96686,0.96685,0
0.9668200000000001,0.9668700000000001,0.9668399999999999,0
0.96683,0.9668700000000001,0.96683,0
0.9668399999999999,0.9668700000000001,0.96683,0
0.96685,0.9668700000000001,0.9668200000000001,0
0.96686,0.96686,0.9668200000000001,0
0.9668700000000001,0.96685,0.9668200000000001,0
0.9668700000000001,0.9668399999999999,0.96683,0
0.9668700000000001,0.96683,0.96683,0
0.9668700000000001,0.9668200000000001,0.96685,0
0.96686,0.9668200000000001,0.96686,0
0.96685,0.9668200000000001,0.96686,0
0.9668399999999999,0.9668200000000001,0.9668700000000001,0
0.96683,0.96683,0.9668700000000001,0
0.96683,0.9668399999999999,0.9668700000000001,0
0.9668200000000001,0.96685,0.9668700000000001,0
0.9668200000000001,0.96686,0.96686,0
0.9668200000000001,0.9668700000000001,0.96685,0
0.96683,0.9668700000000001,0.9668399999999999,0
0.96683,0.9668700000000001,0.96683,0
0.9668399999999999,0.9668700000000001,0.9668200000000001,0
0.96685,0.96686,0.9668200000000001,0
0.96686,0.96686,0.9668200000000001,0
0.9668700000000001,0.96685,0.9668200000000001,0
0.9668700000000001,0.9668399999999999,0.96683,0
0.9668700000000001,0.96683,0.9668399999999999,0
0.9668700000000001,0.9668200000000001,0.96685,0
0.96686,0.9668200000000001,0.96686,0
0.96685,0.9668200000000001,0.9668700000000001,0
0.9668399999999999,0.9668200000000001,0.9668700000000001,0
0.96683,0.96683,0.9668700000000001,0
0.9668200000000001,0.9668399999999999,0.9668700000000001,0
0.9668200000000001,0.96685,0.9668700000000001,0
0.9668200000000001,0.96686,0.96686,0
0.9668200000000001,0.9668700000000001,0.96685,0
0.96683,0.9668700000000001,0.9668399999999999,0
0.9668399999999999,0.9668700000000001,0.96683,0
0.96685,0.9668700000000001,0.9668200000000001,0
0.96686,0.96686,0.9668200000000001,0
0.9668700000000001,0.96685,0.9668200000000001,0
0.9668700000000001,0.9668399999999999,0.9668200000000001,0
0.9668700000000001,0.96683,0.96683,0
0.9668700000000001,0.9668200000000001,0.9668399999999999,0
0.9668700000000001,0.9668200000000001,0.96685,0
0.96686,0.9668200000000001,0.96686,0
0.96685,0.9668200000000001,0.9668700000000001,0
0.9668399999999999,0.96683,0.9668700000000001,0
0.96683,0.9668399999999999,0.9668700000000001,0
0.9668200000000001,0.96685,0.9668700000000001,0
0.9668200000000001,0.96686,0.96686,0
0.9668200000000001,0.96686,0.96685,0
0.9668200000000001,0.9668700000000001,0.9668399999999999,0
0.96683,0.9668700000000001,0.96683,0
0.9668399999999999,0.9668700000000001,0.96683,0
0.96685,0.9668700000000001,0.9668200000000001,0
0.96686,0.96686,0.9668200000000001,0
0.9668700000000001,0.96685,0.9668200000000001,0
0.9668700000000001,0.9668399999999999,0.96683,0
0.9668700000000001,0.96683,0.9668399999999999,0
0.9668700000000001,0.9668200000000001,0.96685,0
0.96686,0.9668200000000001,0.96686,0
0.96686,0.9668200000000001,0.96686,0
0.96685,0.9668200000000001,0.9668700000000001,0
0.9668399999999999,0.96683,0.9668700000000001,0
0.96683,0.9668399999999999,0.9668700000000001,0
0.9668200000000001,0.96685,0.9668700000000001,0
0.9668200000000001,0.96686,0.96686,0
0.9668200000000001,0.9668700000000001,0.96685,0
0.96683,0.9668700000000001,0.9668399999999999,0
0.96683,0.9668700000000001,0.96683,0
0.9668399999999999,0.9668700000000001,0.9668200000000001,0
0.96685,0.96686,0.9668200000000001,0
0.96686,0.96686,0.9668200000000001,0
0.9668700000000001,0.96685,0.9668200000000001,0
0.9668700000000001,0.9668399999999999,0.96683,0
0.9668700000000001,0.96683,0.9668399999999999,0
0.9668700000000001,0.9668200000000001,0.96685,0
0.96686,0.9668200000000001,0.96686,0
0.96685,0.9668200000000001,0.9668700000000001,0
0.9668399999999999,0.9668200000000001,0.9668700000000001,0
0.96683,0.96683,0.9668700000000001,0
0.9668200000000001,0.9668399999999999,0.9668700000000001,0
0.9668200000000001,0.96685,0.9668700000000001,0
0.9668200000000001,0.96686,0.96686,0
0.9668200000000001,0.9668700000000001,0.96685,0
0.96683,0.9668700000000001,0.9668399999999999,0
0.9668399999999999,0.9668700000000001,0.96683,0
0.96685,0.9668700000000001,0.9668200000000001,0
0.96686,0.96686,0.9668200000000001,0
0.9668700000000001,0.96685,0.9668200000000001,0
0.9668700000000001,0.9668399999999999,0.9668200000000001,0
0.9668700000000001,0.96683,0.96683,0
0.9668700000000001,0.96683,0.9668399999999999,0
0.9668700000000001,0.9668200000000001,0.96685,0
0.96686,0.9668200000000001,0.96686,0
0.96685,0.9668200000000001,0.9668700000000001,0
0.9668399999999999,0.96683,0.9668700000000001,0
0.96683,0.9668399999999999,0.9668700000000001,0
0.9668200000000001,0.96685,0.9668700000000001,0
0.9668200000000001,0.96686,0.96686,0
0.9668200000000001,0.9668700000000001,0.96685,0
0.9668200000000001,0.9668700000000001,0.9668399999999999,0
0.96683,0.9668700000000001,0.96683,0
0.9668399999999999,0.9668700000000001,0.96683,0
0.96685,0.9668700000000001,0.9668200000000001,0
0.96686,0.96686,0.9668200000000001,0
0.9668700000000001,0.96685,0.9668200000000001,0
0.9668700000000001,0.9668399999999999,0.96683,0
0.9668700000000001,0.96683,0.9668399999999999,0
0.9668700000000001,0.9668200000000001,0.96685,0
0.96686,0.9668200000000001,0.96686,0
0.96686,0.9668200000000001,0.96686,0
0.96685,0.9668200000000001,0.9668700000000001,0
0.9668399999999999,0.96683,0.9668700000000001,0
0.96683,0.9668399999999999,0.9668700000000001,0
0.9668200000000001,0.96685,0.9668700000000001,0
0.9668200000000001,0.96686,0.96686,0
0.9668200000000001,0.9668700000000001,0.96685,0
0.96683,0.9668700000000001,0.9668399999999999,0
0.96683,0.9668700000000001,0.96683,0
0.9668399999999999,0.9668700000000001,0.9668200000000001,0
0.96685,0.9668700000000001,0.9668200000000001,0
0.96686,0.96686,0.9668200000000001,0
0.9668700000000001,0.96685,0.9668200000000001,0
0.9668700000000001,0.9668399999999999,0.96683,0
0.9668700000000001,0.96683,0.9668399999999999,0
0.9668700000000001,0.9668200000000001,0.96685,0
0.96686,0.9668200000000001,0.96686,0
0.96685,0.9668200000000001,0.9668700000000001,0
0.9668399999999999,0.96683,0.9668700000000001,0
0.96683,0.96683,0.9668700000000001,0
0.9668200000000001,0.9668399999999999,0.9668700000000001,0
0.9668200000000001,0.96685,0.9668700000000001,0
0.9668200000000001,0.96686,0.96686,0
0.9668200000000001,0.9668700000000001,0.96685,0
0.96683,0.9668700000000001,0.9668399999999999,0
0.9668399999999999,0.9668700000000001,0.96683,0
0.96685,0.9668700000000001,0.9668200000000001,0
0.96686,0.96686,0.9668200000000001,0
0.9668700000000001,0.96685,0.9668200000000001,0
0.9668700000000001,0.9668399999999999,0.9668200000000001,0
0.9668700000000001,0.96683,0.96683,0
0.9668700000000001,0.96683,0.9668399999999999,0
0.9668700000000001,0.9668200000000001,0.96685,0
0.96686,0.9668200000000001,0.96686,0
0.96685,0.9668200000000001,0.9668700000000001,0
0.9668399999999999,0.96683,0.9668700000000001,0
0.96683,0.9668399999999999,0.9668700000000001,0
0.9668200000000001,0.96685,0.9668700000000001,0
0.9668200000000001,0.96686,0.96686,0
0.9668200000000001,0.9668700000000001,0.96686,0
0.9668200000000001,0.9668700000000001,0.96685,0
0.96683,0.9668700000000001,0.9668399999999999,0
0.9668399999999999,0.9668700000000001,0.96683,0
0.96685,0.9668700000000001,0.9668200000000001,0
0.96686,0.96686,0.9668200000000001,0
0.9668700000000001,0.96685,0.9668200000000001,0
0.9668700000000001,0.9668399999999999,0.96683,0
0.9668700000000001,0.96683,0.9668399999999999,0
0.9668700000000001,0.9668200000000001,0.96685,0
0.96686,0.9668200000000001,0.96686,0
0.96686,0.9668200000000001,0.96686,0
0.96685,0.9668200000000001,0.9668700000000001,0
0.9668399999999999,0.96683,0.9668700000000001,0
0.96683,0.9668399999999999,0.9668700000000001,0
0.9668200000000001,0.96685,0.9668700000000001,0
0.9668200000000001,0.96686,0.96686,0
0.9668200000000001,0.9668700000000001,0.96685,0
0.96683,0.9668700000000001,0.9668399999999999,0
0.9668399999999999,0.9668700000000001,0.96683,0
0.96685,0.9668700000000001,0.9668200000000001,0
0.96686,0.9668700000000001,0.9668200000000001,0
0.96686,0.96686,0.9668200000000001,0
0.9668700000000001,0.96685,0.9668200000000001,0
0.9668700000000001,0.9668399999999999,0.96683,0
0.9668700000000001,0.96683,0.9668399999999999,0
0.9668700000000001,0.9668200000000001,0.96685,0
0.96686,0.9668200000000001,0.96686,0
0.96685,0.9668200000000001,0.9668700000000001,0
0.9668399999999999,0.96683,0.9668700000000001,0
0.96683,0.96683,0.9668700000000001,0
0.96683,0.9668399999999999,0.9668700000000001,0
0.9668200000000001,0.96685,0.9668700000000001,0
0.9668200000000001,0.96686,0.96686,0
0.9668200000000001,0.9668700000000001,0.96685,0
0.96683,0.9668700000000001,0.9668399999999999,0
0.9668399999999999,0.9668700000000001,0.96683,0
0.96685,0.9668700000000001,0.9668200000000001,0
0.96686,0.96686,0.9668200000000001,0
0.9668700000000001,0.96685,0.9668200000000001,0
0.9668700000000001,0.9668399999999999,0.96683,0
0.9668700000000001,0.96683,0.96683,0
0.9668700000000001,0.96683,0.9668399999999999,0
0.9668700000000001,0.9668200000000001,0.96685,0
0.96686,0.9668200000000001,0.96686,0
0.96685,0.9668200000000001,0.9668700000000001,0
0.9668399999999999,0.96683,0.9668700000000001,0
0.96683,0.9668399999999999,0.9668700000000001,0
0.9668200000000001,0.96685,0.9668700000000001,0
0.9668200000000001,0.96686,0.96686,0
0.9668200000000001,0.9668700000000001,0.96686,0
0.9668200000000001,0.9668700000000001,0.96685,0
0.96683,0.9668700000000001,0.9668399999999999,0
0.9668399999999999,0.9668700000000001,0.96683,0
0.96685,0.9668700000000001,0.9668200000000001,0
0.96686,0.96686,0.9668200000000001,0
0.9668700000000001,0.96685,0.9668200000000001,0
0.9668700000000001,0.9668399999999999,0.96683,0
0.9668700000000001,0.96683,0.9668399999999999,0
0.9668700000000001,0.9668200000000001,0.96685,0
0.9668700000000001,0.9668200000000001,0.96686,0
0.96686,0.9668200000000001,0.9668700000000001,0
0.96685,0.9668200000000001,0.9668700000000001,0
0.9668399999999999,0.96683,0.9668700000000001,0
0.96683,0.9668399999999999,0.9668700000000001,0
0.9668200000000001,0.96685,0.9668700000000001,0
0.9668200000000001,0.96686,0.96686,0
0.9668200000000001,0.9668700000000001,0.96685,0
0.96683,0.9668700000000001,0.9668399999999999,0
0.9668399999999999,0.9668700000000001,0.96683,0
0.96685,0.9668700000000001,0.96683,0
0.96686,0.9668700000000001,0.9668200000000001,0
0.96686,0.96686,0.9668200000000001,0
0.9668700000000001,0.96685,0.9668200000000001,0
0.9668700000000001,0.9668399999999999,0.96683,0
0.9668700000000001,0.96683,0.9668399999999999,0
0.9668700000000001,0.9668200000000001,0.96685,0
0.96686,0.9668200000000001,0.96686,0
0.96685,0.9668200000000001,0.9668700000000001,0
0.9668399999999999,0.96683,0.9668700000000001,0
0.96683,0.96683,0.9668700000000001,0
0.96683,0.9668399999999999,0.9668700000000001,0
0.9668200000000001,0.96685,0.9668700000000001,0
0.9668200000000001,0.96686,0.96686,0
0.9668200000000001,0.9668700000000001,0.96685,0
0.96683,0.9668700000000001,0.9668399999999999,0
0.9668399999999999,0.9668700000000001,0.96683,0
0.96685,0.9668700000000001,0.9668200000000001,0
0.96686,0.96686,0.9668200000000001,0
0.9668700000000001,0.96686,0.9668200000000001,0
0.9668700000000001,0.96685,0.96683,0
0.9668700000000001,0.9668399999999999,0.96683,0
0.9668700000000001,0.96683,0.9668399999999999,0
0.9668700000000001,0.9668200000000001,0.96685,0
0.96686,0.9668200000000001,0.96686,0
0.96685,0.9668200000000001,0.9668700000000001,0
0.9668399999999999,0.96683,0.9668700000000001,0
0.96683,0.9668399999999999,0.9668700000000001,0
0.9668200000000001,0.96685,0.9668700000000001,0
0.9668200000000001,0.96686,0.96686,0
0.9668200000000001,0.9668700000000001,0.96686,0
0.96683,0.9668700000000001,0.96685,0
0.96683,0.9668700000000001,0.9668399999999999,0
0.9668399999999999,0.9668700000000001,0.96683,0
0.96685,0.9668700000000001,0.9668200000000001,0
0.96686,0.96686,0.9668200000000001,0
0.9668700000000001,0.96685,0.9668200000000001,0
0.9668700000000001,0.9668399999999999,0.96683,0
0.9668700000000001,0.96683,0.9668399999999999,0
0.9668700000000001,0.9668200000000001,0.96685,0
0.9668700000000001,0.9668200000000001,0.96686,0
0.96686,0.9668200000000001,0.9668700000000001,0
0.96685,0.9668200000000001,0.9668700000000001,0
0.9668399999999999,0.96683,0.9668700000000001,0
0.96683,0.9668399999999999,0.9668700000000001,0
0.9668200000000001,0.96685,0.9668700000000001,0
0.9668200000000001,0.96686,0.96686,0
0.9668200000000001,0.9668700000000001,0.96685,0
0.96683,0.9668700000000001,0.9668399999999999,0
0.9668399999999999,0.9668700000000001,0.96683,0
0.96685,0.9668700000000001,0.96683,0
0.96686,0.9668700000000001,0.9668200000000001,0
0.9668700000000001,0.96686,0.9668200000000001,0
0.9668700000000001,0.96685,0.9668200000000001,0
0.9668700000000001,0.9668399999999999,0.96683,0
0.9668700000000001,0.96683,0.9668399999999999,0
0.9668700000000001,0.9668200000000001,0.96685,0
0.96686,0.9668200000000001,0.96686,0
0.96685,0.9668200000000001,0.9668700000000001,0
0.9668399999999999,0.96683,0.9668700000000001,0
0.96683,0.9668399999999999,0.9668700000000001,0
0.96683,0.96685,0.9668700000000001,0
0.9668200000000001,0.96686,0.9668700000000001,0
0.9668200000000001,0.96686,0.96686,0
0.9668200000000001,0.9668700000000001,0.96685,0
0.96683,0.9668700000000001,0.9668399999999999,0
0.9668399999999999,0.9668700000000001,0.96683,0
0.96685,0.9668700000000001,0.9668200000000001,0
0.96686,0.96686,0.9668200000000001,0
0.9668700000000001,0.96686,0.9668200000000001,0
0.9668700000000001,0.96685,0.96683,0
0.96688,0.9668399999999999,0.96683,0
0.9668700000000001,0.96683,0.9668399999999999,0
0.9668700000000001,0.9668200000000001,0.96685,0
0.96686,0.9668200000000001,0.96686,0
0.96685,0.9668200000000001,0.9668700000000001,0
0.9668399999999999,0.96683,0.9668700000000001,0
0.96683,0.9668399999999999,0.9668700000000001,0
0.9668200000000001,0.96685,0.9668700000000001,0
0.9668200000000001,0.96686,0.9668700000000001,0
0.9668200000000001,0.9668700000000001,0.96686,0
0.96683,0.9668700000000001,0.96685,0
0.96683,0.96688,0.9668399999999999,0
0.9668399999999999,0.9668700000000001,0.96683,0
0.96685,0.9668700000000001,0.9668200000000001,0
0.96686,0.96686,0.9668200000000001,0
0.9668700000000001,0.96685,0.9668200000000001,0
0.9668700000000001,0.9668399999999999,0.96683,0
0.96688,0.96683,0.9668399999999999,0
0.9668700000000001,0.96683,0.96685,0
0.9668700000000001,0.9668200000000001,0.96686,0
0.96686,0.9668200000000001,0.9668700000000001,0
0.96685,0.96683,0.9668700000000001,0
0.9668399999999999,0.96683,0.96688,0
0.96683,0.9668399999999999,0.9668700000000001,0
0.9668200000000001,0.96685,0.9668700000000001,0
0.9668200000000001,0.96686,0.96686,0
0.9668200000000001,0.9668700000000001,0.96685,0
0.96683,0.9668700000000001,0.9668399999999999,0
0.9668399999999999,0.96688,0.96683,0
0.96685,0.9668700000000001,0.96683,0
0.96686,0.9668700000000001,0.9668200000000001,0
0.9668700000000001,0.96686,0.9668200000000001,0
0.9668700000000001,0.96685,0.9668200000000001,0
0.96688,0.9668399999999999,0.96683,0
0.9668700000000001,0.96683,0.9668399999999999,0
0.9668700000000001,0.9668200000000001,0.96685,0
0.96686,0.9668200000000001,0.96686,0
0.96686,0.9668200000000001,0.9668700000000001,0
0.9668399999999999,0.96683,0.9668700000000001,0
0.9668399999999999,0.9668399999999999,0.96688,0
0.96683,0.96685,0.9668700000000001,0
0.9668200000000001,0.96686,0.9668700000000001,0
0.9668200000000001,0.9668700000000001,0.96686,0
0.9668200000000001,0.9668700000000001,0.96685,0
0.96683,0.96688,0.9668399999999999,0
0.9668399999999999,0.96688,0.96683,0
0.96685,0.9668700000000001,0.9668200000000001,0
0.96686,0.9668700000000001,0.9668200000000001,0
0.9668700000000001,0.96686,0.9668200000000001,0
0.9668700000000001,0.96685,0.96683,0
0.96688,0.9668399999999999,0.96683,0
0.9668700000000001,0.96683,0.9668399999999999,0
0.9668700000000001,0.9668200000000001,0.96686,0
0.96686,0.9668200000000001,0.96686,0
0.96685,0.9668200000000001,0.9668700000000001,0
0.9668399999999999,0.96683,0.96688,0
0.96683,0.9668399999999999,0.96688,0
0.96683,0.96685,0.9668700000000001,0
0.9668200000000001,0.96686,0.9668700000000001,0
0.9668200000000001,0.9668700000000001,0.96686,0
0.96683,0.9668700000000001,0.96685,0
0.96683,0.96688,0.9668399999999999,0
0.9668399999999999,0.9668700000000001,0.96683,0
0.96685,0.9668700000000001,0.9668200000000001,0
0.96686,0.96686,0.9668200000000001,0
0.9668700000000001,0.96685,0.9668200000000001,0
0.9668700000000001,0.9668399999999999,0.96683,0
0.96688,0.96683,0.9668399999999999,0
0.9668700000000001,0.96683,0.96685,0
0.9668700000000001,0.9668200000000001,0.96686,0
0.96686,0.9668200000000001,0.9668700000000001,0
0.96685,0.96683,0.9668700000000001,0
0.9668399999999999,0.96683,0.96688,0
0.96683,0.9668399999999999,0.9668700000000001,0
0.9668200000000001,0.96685,0.9668700000000001,0
0.9668200000000001,0.96686,0.96686,0
0.9668200000000001,0.9668700000000001,0.96685,0
0.96683,0.9668700000000001,0.9668399999999999,0
0.9668399999999999,0.96688,0.96683,0
0.96685,0.9668700000000001,0.96683,0
0.96686,0.9668700000000001,0.9668200000000001,0
0.9668700000000001,0.96686,0.9668200000000001,0
0.9668700000000001,0.96685,0.96683,0
0.96688,0.9668399999999999,0.96683,0
0.96688,0.96683,0.9668399999999999,0
0.9668700000000001,0.9668200000000001,0.96685,0
0.96686,0.9668200000000001,0.96686,0
0.96686,0.9668200000000001,0.9668700000000001,0
0.96685,0.96683,0.9668700000000001,0
0.9668399999999999,0.9668399999999999,0.96688,0
0.96683,0.96685,0.9668700000000001,0
0.9668200000000001,0.96686,0.9668700000000001,0
0.9668200000000001,0.9668700000000001,0.96686,0
0.9668200000000001,0.9668700000000001,0.96685,0
0.96683,0.96688,0.9668399999999999,0
0.9668399999999999,0.96688,0.96683,0
0.96685,0.9668700000000001,0.9668200000000001,0
0.96686,0.9668700000000001,0.9668200000000001,0
0.9668700000000001,0.96686,0.9668200000000001,0
0.9668700000000001,0.96685,0.96683,0
0.96688,0.9668399999999999,0.9668399999999999,0
0.9668700000000001,0.96683,0.96685,0
0.9668700000000001,0.9668200000000001,0.96686,0
0.96686,0.9668200000000001,0.96686,0
0.96685,0.9668200000000001,0.9668700000000001,0
0.9668399999999999,0.96683,0.96688,0
0.96683,0.9668399999999999,0.96688,0
0.96683,0.96685,0.9668700000000001,0
0.9668200000000001,0.96686,0.9668700000000001,0
0.9668200000000001,0.9668700000000001,0.96686,0
0.96683,0.9668700000000001,0.96685,0
0.96683,0.96688,0.9668399999999999,0
0.9668399999999999,0.96688,0.96683,0
0.96685,0.9668700000000001,0.9668200000000001,0
0.96686,0.96686,0.9668200000000001,0
0.9668700000000001,0.96685,0.9668200000000001,0
0.96688,0.9668399999999999,0.96683,0
0.96688,0.96683,0.9668399999999999,0
0.9668700000000001,0.96683,0.96685,0
0.9668700000000001,0.9668200000000001,0.96686,0
0.96686,0.9668200000000001,0.9668700000000001,0
0.96685,0.96683,0.9668700000000001,0
0.9668399999999999,0.96683,0.96688,0
0.96683,0.9668399999999999,0.96688,0
0.9668200000000001,0.96685,0.9668700000000001,0
0.9668200000000001,0.96686,0.96686,0
0.9668200000000001,0.9668700000000001,0.96685,0
0.96683,0.96688,0.9668399999999999,0
0.9668399999999999,0.96688,0.96683,0
0.96685,0.9668700000000001,0.96683,0
0.96686,0.9668700000000001,0.9668200000000001,0
0.9668700000000001,0.96686,0.9668200000000001,0
0.9668700000000001,0.96685,0.96683,0
0.96688,0.9668399999999999,0.96683,0
0.96688,0.96683,0.9668399999999999,0
0.9668700000000001,0.9668200000000001,0.96685,0
0.9668700000000001,0.9668200000000001,0.96686,0
0.96686,0.9668200000000001,0.9668700000000001,0
0.96685,0.96683,0.9668700000000001,0
0.9668399999999999,0.9668399999999999,0.96688,0
0.96683,0.96685,0.9668700000000001,0
0.9668200000000001,0.96686,0.9668700000000001,0
0.9668200000000001,0.9668700000000001,0.96686,0
0.96683,0.9668700000000001,0.96685,0
0.96683,0.96688,0.9668399999999999,0
0.9668399999999999,0.96688,0.96683,0
0.96685,0.9668700000000001,0.96683,0
0.96686,0.9668700000000001,0.9668200000000001,0
0.9668700000000001,0.96686,0.9668200000000001,0
0.9668700000000001,0.96685,0.96683,0
0.96688,0.9668399999999999,0.9668399999999999,0
0.9668700000000001,0.96683,0.96685,0
0.9668700000000001,0.9668200000000001,0.96686,0
0.96686,0.9668200000000001,0.9668700000000001,0
0.96685,0.9668200000000001,0.9668700000000001,0
0.9668399999999999,0.96683,0.96688,0
0.96683,0.9668399999999999,0.96688,0
0.96683,0.96685,0.9668700000000001,0
0.9668200000000001,0.96686,0.9668700000000001,0
0.9668200000000001,0.9668700000000001,0.96686,0
0.96683,0.9668700000000001,0.96685,0
0.96683,0.96688,0.9668399999999999,0
0.9668399999999999,0.96688,0.96683,0
0.96685,0.9668700000000001,0.9668200000000001,0
0.96686,0.96686,0.9668200000000001,0
0.9668700000000001,0.96685,0.9668200000000001,0
0.96688,0.9668399999999999,0.96683,0
0.96688,0.96683,0.9668399999999999,0
0.9668700000000001,0.96683,0.96685,0
0.9668700000000001,0.9668200000000001,0.96686,0
0.96686,0.9668200000000001,0.9668700000000001,0
0.96685,0.96683,0.9668700000000001,0
0.9668399999999999,0.96683,0.96688,0
0.96683,0.9668399999999999,0.96688,0
0.9668200000000001,0.96685,0.9668700000000001,0
0.9668200000000001,0.96686,0.96686,0
0.9668200000000001,0.9668700000000001,0.96686,0
0.96683,0.96688,0.9668399999999999,0
0.9668399999999999,0.96688,0.9668399999999999,0
0.96685,0.9668700000000001,0.96683,0
0.96686,0.9668700000000001,0.9668200000000001,0
0.9668700000000001,0.96686,0.9668200000000001,0
0.9668700000000001,0.96685,0.96683,0
0.96688,0.9668399999999999,0.96683,0
0.96688,0.96683,0.9668399999999999,0
0.9668700000000001,0.9668200000000001,0.96685,0
0.9668700000000001,0.9668200000000001,0.96686,0
0.96686,0.9668200000000001,0.9668700000000001,0
0.96685,0.96683,0.96688,0
0.9668399999999999,0.9668399999999999,0.96688,0
0.96683,0.96685,0.9668700000000001,0
0.9668200000000001,0.96686,0.9668700000000001,0
0.9668200000000001,0.9668700000000001,0.96686,0
0.96683,0.9668700000000001,0.96685,0
0.96683,0.96688,0.9668399999999999,0
0.9668399999999999,0.96688,0.96683,0
0.96685,0.9668700000000001,0.96683,0
0.96686,0.9668700000000001,0.9668200000000001,0
0.9668700000000001,0.96686,0.9668200000000001,0
0.9668700000000001,0.96685,0.96683,0
0.96688,0.9668399999999999,0.9668399999999999,0
0.96688,0.96683,0.96685,0
0.9668700000000001,0.9668200000000001,0.96686,0
0.96686,0.9668200000000001,0.9668700000000001,0
0.96685,0.9668200000000001,0.9668700000000001,0
0.9668399999999999,0.96683,0.96688,0
0.96683,0.9668399999999999,0.96688,0
0.96683,0.96685,0.9668700000000001,0
0.9668200000000001,0.96686,0.9668700000000001,0
0.9668200000000001,0.9668700000000001,0.96686,0
0.96683,0.9668700000000001,0.96685,0
0.96683,0.96688,0.9668399999999999,0
0.9668399999999999,0.96688,0.96683,0
0.96686,0.9668700000000001,0.9668200000000001,0
0.96686,0.96686,0.9668200000000001,0
0.9668700000000001,0.96685,0.9668200000000001,0
0.96688,0.9668399999999999,0.96683,0
0.96688,0.96683,0.9668399999999999,0
0.9668700000000001,0.96683,0.96685,0
0.9668700000000001,0.9668200000000001,0.96686,0
0.96686,0.9668200000000001,0.9668700000000001,0
0.96685,0.96683,0.9668700000000001,0
0.9668399999999999,0.96683,0.96688,0
0.96683,0.9668399999999999,0.96688,0
0.9668200000000001,0.96685,0.9668700000000001,0
0.9668200000000001,0.96686,0.96686,0
0.9668200000000001,0.9668700000000001,0.96686,0
0.96683,0.96688,0.96685,0
0.9668399999999999,0.96688,0.9668399999999999,0
0.96685,0.9668700000000001,0.96683,0
0.96686,0.9668700000000001,0.9668200000000001,0
0.9668700000000001,0.96686,0.9668200000000001,0
0.9668700000000001,0.96685,0.96683,0
0.96688,0.9668399999999999,0.96683,0
0.96688,0.96683,0.9668399999999999,0
0.9668700000000001,0.96683,0.96685,0
0.9668700000000001,0.9668200000000001,0.96686,0
0.96686,0.9668200000000001,0.9668700000000001,0
0.96685,0.96683,0.96688,0
0.9668399999999999,0.9668399999999999,0.96688,0
0.96683,0.96685,0.9668700000000001,0
0.9668200000000001,0.96686,0.9668700000000001,0
0.9668200000000001,0.9668700000000001,0.96686,0
0.96683,0.9668700000000001,0.96685,0
0.96683,0.96688,0.9668399999999999,0
0.9668399999999999,0.96688,0.96683,0
0.96685,0.9668700000000001,0.96683,0
0.96686,0.9668700000000001,0.9668200000000001,0
0.9668700000000001,0.96686,0.9668200000000001,0
0.9668700000000001,0.96685,0.96683,0
0.96688,0.9668399999999999,0.9668399999999999,0
0.96688,0.96683,0.96685,0
0.9668700000000001,0.9668200000000001,0.96686,0
0.96686,0.9668200000000001,0.9668700000000001,0
0.96685,0.9668200000000001,0.9668700000000001,0
0.9668399999999999,0.96683,0.96688,0
0.96683,0.9668399999999999,0.96688,0
0.96683,0.96685,0.9668700000000001,0
0.9668200000000001,0.96686,0.9668700000000001,0
0.9668200000000001,0.9668700000000001,0.96686,0
0.96683,0.9668700000000001,0.96685,0
0.9668399999999999,0.96688,0.9668399999999999,0
0.9668399999999999,0.96688,0.96683,0
0.96686,0.9668700000000001,0.9668200000000001,0
0.96686,0.96686,0.9668200000000001,0
0.9668700000000001,0.96685,0.9668200000000001,0
0.96688,0.9668399999999999,0.96683,0
0.96688,0.96683,0.9668399999999999,0
0.9668700000000001,0.96683,0.96685,0
0.9668700000000001,0.9668200000000001,0.96686,0
0.96686,0.9668200000000001,0.9668700000000001,0
0.96685,0.96683,0.9668700000000001,0
0.9668399999999999,0.96683,0.96688,0
0.96683,0.9668399999999999,0.96688,0
0.9668200000000001,0.96685,0.9668700000000001,0
0.9668200000000001,0.96686,0.96686,0
0.9668200000000001,0.9668700000000001,0.96686,0
0.96683,0.96688,0.96685,0
0.9668399999999999,0.96688,0.9668399999999999,0
0.96685,0.9668700000000001,0.96683,0
0.96686,0.9668700000000001,0.9668200000000001,0
0.9668700000000001,0.96686,0.9668200000000001,0
0.9668700000000001,0.96685,0.96683,0
0.96688,0.9668399999999999,0.96683,0
0.96688,0.96683,0.9668399999999999,0
0.9668700000000001,0.96683,0.96685,0
0.9668700000000001,0.9668200000000001,0.96686,0
0.96686,0.9668200000000001,0.9668700000000001,0
0.96685,0.96683,0.96688,0
0.9668399999999999,0.9668399999999999,0.96688,0
0.96683,0.96685,0.9668700000000001,0
0.9668200000000001,0.96686,0.9668700000000001,0
0.9668200000000001,0.9668700000000001,0.96686,0
0.96683,0.9668700000000001,0.96685,0
0.96683,0.96688,0.9668399999999999,0
0.9668399999999999,0.96688,0.96683,0
0.96685,0.9668700000000001,0.96683,0
0.96686,0.9668700000000001,0.9668200000000001,0
0.9668700000000001,0.96686,0.9668200000000001,0
0.9668700000000001,0.96685,0.96683,0
0.96688,0.9668399999999999,0.9668399999999999,0
0.96688,0.96683,0.96685,0
0.9668700000000001,0.9668200000000001,0.96686,0
0.96686,0.9668200000000001,0.9668700000000001,0
0.96685,0.9668200000000001,0.9668700000000001,0
0.9668399999999999,0.96683,0.96688,0
0.96683,0.9668399999999999,0.96688,0
0.96683,0.96685,0.9668700000000001,0
0.9668200000000001,0.96686,0.9668700000000001,0
0.9668200000000001,0.9668700000000001,0.96686,0
0.96683,0.9668700000000001,0.96685,0
0.96683,0.96688,0.9668399999999999,0
0.9668399999999999,0.96688,0.96683,0
0.96686,0.9668700000000001,0.9668200000000001,0
0.96686,0.96686,0.9668200000000001,0
0.9668700000000001,0.96685,0.9668200000000001,0
0.96688,0.9668399999999999,0.96683,0
0.96688,0.96683,0.9668399999999999,0
0.9668700000000001,0.96683,0.96685,0
0.9668700000000001,0.9668200000000001,0.96686,0
0.96686,0.9668200000000001,0.9668700000000001,0
0.96685,0.96683,0.9668700000000001,0
0.9668399999999999,0.96683,0.96688,0
0.96683,0.9668399999999999,0.96688,0
0.9668200000000001,0.96685,0.9668700000000001,0
0.9668200000000001,0.96686,0.96686,0
0.9668200000000001,0.9668700000000001,0.96686,0
0.96683,0.96688,0.9668399999999999,0
0.9668399999999999,0.96688,0.9668399999999999,0
0.96685,0.9668700000000001,0.96683,0
0.96686,0.9668700000000001,0.9668200000000001,0
0.9668700000000001,0.96686,0.9668200000000001,0
0.9668700000000001,0.96685,0.96683,0
0.96688,0.9668399999999999,0.96683,0
0.96688,0.96683,0.9668399999999999,0
0.9668700000000001,0.9668200000000001,0.96685,0
0.9668700000000001,0.9668200000000001,0.96686,0
0.96686,0.9668200000000001,0.9668700000000001,0
0.96685,0.96683,0.96688,0
0.9668399999999999,0.9668399999999999,0.96688,0
0.96683,0.96685,0.9668700000000001,0
0.9668200000000001,0.96686,0.9668700000000001,0
0.9668200000000001,0.9668700000000001,0.96686,0
0.96683,0.9668700000000001,0.96685,0
0.96683,0.96688,0.9668399999999999,0
0.9668399999999999,0.96688,0.96683,0
0.96685,0.9668700000000001,0.96683,0
0.96686,0.9668700000000001,0.9668200000000001,0
0.9668700000000001,0.96686,0.9668200000000001,0
0.9668700000000001,0.96685,0.96683,0
0.96688,0.9668399999999999,0.9668399999999999,0
0.96688,0.96683,0.96685,0
0.9668700000000001,0.9668200000000001,0.96686,0
0.96686,0.9668200000000001,0.9668700000000001,0
0.96685,0.9668200000000001,0.9668700000000001,0
0.9668399999999999,0.96683,0.96688,0
0.96683,0.9668399999999999,0.96688,0
0.96683,0.96685,0.9668700000000001,0
0.9668200000000001,0.96686,0.9668700000000001,0
0.9668200000000001,0.9668700000000001,0.96686,0
0.96683,0.9668700000000001,0.96685,0
0.96683,0.96688,0.9668399999999999,0
0.9668399999999999,0.96688,0.96683,0
0.96685,0.9668700000000001,0.9668200000000001,0
0.96686,0.96686,0.9668200000000001,0
0.9668700000000001,0.96685,0.9668200000000001,0
0.96688,0.9668399999999999,0.96683,0
0.96688,0.96683,0.9668399999999999,0
0.9668700000000001,0.96683,0.96685,0
0.9668700000000001,0.9668200000000001,0.96686,0
0.96686,0.9668200000000001,0.9668700000000001,0
0.96685,0.96683,0.9668700000000001,0
0.9668399999999999,0.96683,0.96688,0
0.96683,0.9668399999999999,0.96688,0
0.9668200000000001,0.96685,0.9668700000000001,0
0.9668200000000001,0.96686,0.96686,0
0.9668200000000001,0.9668700000000001,0.96685,0
0.96683,0.96688,0.9668399999999999,0
0.9668399999999999,0.96688,0.96683,0
0.96685,0.9668700000000001,0.96683,0
0.96686,0.9668700000000001,0.9668200000000001,0
0.9668700000000001,0.96686,0.9668200000000001,0
0.9668700000000001,0.96685,0.96683,0
0.96688,0.9668399999999999,0.96683,0
0.96688,0.96683,0.9668399999999999,0
0.9668700000000001,0.9668200000000001,0.96685,0
0.96686,0.9668200000000001,0.96686,0
0.96686,0.9668200000000001,0.9668700000000001,0
0.96685,0.96683,0.9668700000000001,0
0.9668399999999999,0.9668399999999999,0.96688,0
0.96683,0.96685,0.9668700000000001,0
0.9668200000000001,0.96686,0.9668700000000001,0
0.9668200000000001,0.9668700000000001,0.96686,0
0.9668200000000001,0.9668700000000001,0.96685,0
0.96683,0.96688,0.9668399999999999,0
0.9668399999999999,0.96688,0.96683,0
0.96685,0.9668700000000001,0.9668200000000001,0
0.96686,0.9668700000000001,0.9668200000000001,0
0.9668700000000001,0.96686,0.9668200000000001,0
0.9668700000000001,0.96685,0.96683,0
0.96688,0.9668399999999999,0.9668399999999999,0
0.9668700000000001,0.96683,0.96685,0
0.9668700000000001,0.9668200000000001,0.96686,0
0.96686,0.9668200000000001,0.96686,0
0.96685,0.9668200000000001,0.9668700000000001,0
0.9668399999999999,0.96683,0.96688,0
0.96683,0.9668399999999999,0.96688,0
0.96683,0.96685,0.9668700000000001,0
0.9668200000000001,0.96686,0.9668700000000001,0
0.9668200000000001,0.9668700000000001,0.96686,0
0.96683,0.9668700000000001,0.96685,0
0.96683,0.96688,0.9668399999999999,0
0.9668399999999999,0.9668700000000001,0.96683,0
0.96685,0.9668700000000001,0.9668200000000001,0
0.96686,0.96686,0.9668200000000001,0
0.9668700000000001,0.96685,0.9668200000000001,0
0.96688,0.9668399999999999,0.96683,0
0.96688,0.96683,0.9668399999999999,0
0.9668700000000001,0.96683,0.96685,0
0.9668700000000001,0.9668200000000001,0.96686,0
0.96686,0.9668200000000001,0.9668700000000001,0
0.96685,0.96683,0.9668700000000001,0
0.9668399999999999,0.96683,0.96688,0
0.96683,0.9668399999999999,0.96688,0
0.9668200000000001,0.96685,0.9668700000000001,0
0.9668200000000001,0.96686,0.96686,0
0.9668200000000001,0.9668700000000001,0.96685,0
0.96683,0.9668700000000001,0.9668399999999999,0
0.9668399999999999,0.96688,0.96683,0
0.96685,0.9668700000000001,0.96683,0
0.96686,0.9668700000000001,0.9668200000000001,0
0.9668700000000001,0.96686,0.9668200000000001,0
0.9668700000000001,0.96685,0.9668200000000001,0
0.96688,0.9668399999999999,0.96683,0
0.96688,0.96683,0.9668399999999999,0
0.9668700000000001,0.9668200000000001,0.96685,0
0.96686,0.9668200000000001,0.96686,0
0.96686,0.9668200000000001,0.9668700000000001,0
0.96685,0.96683,0.9668700000000001,0
0.9668399999999999,0.9668399999999999,0.96688,0
0.96683,0.96685,0.9668700000000001,0
0.9668200000000001,0.96686,0.9668700000000001,0
0.9668200000000001,0.9668700000000001,0.96686,0
0.9668200000000001,0.9668700000000001,0.96685,0
0.96683,0.96688,0.9668399999999999,0
0.9668399999999999,0.96688,0.96683,0
0.96685,0.9668700000000001,0.9668200000000001,0
0.96686,0.9668700000000001,0.9668200000000001,0
0.9668700000000001,0.96686,0.9668200000000001,0
0.9668700000000001,0.96685,0.96683,0
0.96688,0.9668399999999999,0.96683,0
0.9668700000000001,0.96683,0.9668399999999999,0
0.9668700000000001,0.9668200000000001,0.96686,0
0.96686,0.9668200000000001,0.96686,0
0.96685,0.9668200000000001,0.9668700000000001,0
0.9668399999999999,0.96683,0.9668700000000001,0
0.96683,0.9668399999999999,0.96688,0
0.9668200000000001,0.96685,0.9668700000000001,0
0.9668200000000001,0.96686,0.9668700000000001,0
0.9668200000000001,0.9668700000000001,0.96686,0
0.96683,0.9668700000000001,0.96685,0
0.96683,0.96688,0.9668399999999999,0
0.9668399999999999,0.9668700000000001,0.96683,0
0.96685,0.9668700000000001,0.9668200000000001,0
0.96686,0.96686,0.9668200000000001,0
0.9668700000000001,0.96685,0.9668200000000001,0
0.9668700000000001,0.9668399999999999,0.96683,0
0.96688,0.96683,0.9668399999999999,0
0.9668700000000001,0.96683,0.96685,0
0.9668700000000001,0.9668200000000001,0.96686,0
0.96686,0.9668200000000001,0.9668700000000001,0
0.96685,0.96683,0.9668700000000001,0
0.9668399999999999,0.96683,0.96688,0
0.96683,0.9668399999999999,0.9668700000000001,0
0.9668200000000001,0.96685,0.9668700000000001,0
0.9668200000000001,0.96686,0.96686,0
0.9668200000000001,0.9668700000000001,0.96685,0
0.96683,0.9668700000000001,0.9668399999999999,0
0.9668399999999999,0.96688,0.96683,0
0.96685,0.9668700000000001,0.96683,0
0.96686,0.9668700000000001,0.9668200000000001,0
0.9668700000000001,0.96686,0.9668200000000001,0
0.9668700000000001,0.96685,0.9668200000000001,0
0.9668700000000001,0.9668399999999999,0.96683,0
0.9668700000000001,0.96683,0.9668399999999999,0
0.9668700000000001,0.9668200000000001,0.96685,0
0.96686,0.9668200000000001,0.96686,0
0.96685,0.9668200000000001,0.9668700000000001,0
0.9668399999999999,0.96683,0.9668700000000001,0
0.96683,0.9668399999999999,0.96688,0
0.96683,0.96685,0.9668700000000001,0
0.9668200000000001,0.96686,0.9668700000000001,0
0.9668200000000001,0.96686,0.96686,0
0.9668200000000001,0.9668700000000001,0.96685,0
0.96683,0.9668700000000001,0.9668399999999999,0
0.9668399999999999,0.9668700000000001,0.96683,0
0.96685,0.9668700000000001,0.9668200000000001,0
0.96686,0.96686,0.9668200000000001,0
0.9668700000000001,0.96686,0.9668200000000001,0
0.9668700000000001,0.96685,0.96683,0
0.9668700000000001,0.9668399999999999,0.96683,0
0.9668700000000001,0.96683,0.9668399999999999,0
0.9668700000000001,0.9668200000000001,0.96685,0
0.96686,0.9668200000000001,0.96686,0
0.96685,0.9668200000000001,0.9668700000000001,0
0.9668399999999999,0.96683,0.9668700000000001,0
0.96683,0.9668399999999999,0.9668700000000001,0
0.9668200000000001,0.96685,0.9668700000000001,0
0.9668200000000001,0.96686,0.9668700000000001,0
0.9668200000000001,0.9668700000000001,0.96686,0
0.96683,0.9668700000000001,0.96685,0
0.96683,0.9668700000000001,0.9668399999999999,0
0.9668399999999999,0.9668700000000001,0.96683,0
0.96685,0.9668700000000001,0.9668200000000001,0
0.96686,0.96686,0.9668200000000001,0
0.9668700000000001,0.96685,0.9668200000000001,0
0.9668700000000001,0.9668399999999999,0.96683,0
0.9668700000000001,0.96683,0.9668399999999999,0
0.9668700000000001,0.9668200000000001,0.96685,0
0.9668700000000001,0.9668200000000001,0.96686,0
0.96686,0.9668200000000001,0.9668700000000001,0
0.96685,0.9668200000000001,0.9668700000000001,0
0.9668399999999999,0.96683,0.9668700000000001,0
0.96683,0.9668399999999999,0.9668700000000001,0
0.9668200000000001,0.96685,0.9668700000000001,0
0.9668200000000001,0.96686,0.96686,0
0.9668200000000001,0.9668700000000001,0.96685,0
0.96683,0.9668700000000001,0.9668399999999999,0
0.9668399999999999,0.9668700000000001,0.96683,0
0.96685,0.9668700000000001,0.96683,0
0.96686,0.9668700000000001,0.9668200000000001,0
0.96686,0.96686,0.9668200000000001,0
0.9668700000000001,0.96685,0.9668200000000001,0
0.9668700000000001,0.9668399999999999,0.96683,0
0.9668700000000001,0.96683,0.9668399999999999,0
0.9668700000000001,0.9668200000000001,0.96685,0
0.96686,0.9668200000000001,0.96686,0
0.96685,0.9668200000000001,0.9668700000000001,0
0.9668399999999999,0.96683,0.9668700000000001,0
0.96683,0.96683,0.9668700000000001,0
0.96683,0.9668399999999999,0.9668700000000001,0
0.9668200000000001,0.96685,0.9668700000000001,0
0.9668200000000001,0.96686,0.96686,0
0.9668200000000001,0.9668700000000001,0.96685,0
0.96683,0.9668700000000001,0.9668399999999999,0
0.9668399999999999,0.9668700000000001,0.96683,0
0.96685,0.9668700000000001,0.9668200000000001,0
0.96686,0.96686,0.9668200000000001,0
0.9668700000000001,0.96685,0.9668200000000001,0
0.9668700000000001,0.9668399999999999,0.96683,0
0.9668700000000001,0.96683,0.96683,0
0.9668700000000001,0.96683,0.9668399999999999,0
0.9668700000000001,0.9668200000000001,0.96685,0
0.96686,0.9668200000000001,0.96686,0
0.96685,0.9668200000000001,0.9668700000000001,0
0.9668399999999999,0.96683,0.9668700000000001,0
0.96683,0.9668399999999999,0.9668700000000001,0
0.9668200000000001,0.96685,0.9668700000000001,0
0.9668200000000001,0.96686,0.96686,0
0.9668200000000001,0.9668700000000001,0.96686,0
0.9668200000000001,0.9668700000000001,0.96685,0
0.96683,0.9668700000000001,0.9668399999999999,0
0.9668399999999999,0.9668700000000001,0.96683,0
0.96685,0.9668700000000001,0.9668200000000001,0
0.96686,0.96686,0.9668200000000001,0
0.9668700000000001,0.96685,0.9668200000000001,0
0.9668700000000001,0.9668399999999999,0.96683,0
0.9668700000000001,0.96683,0.9668399999999999,0
0.9668700000000001,0.9668200000000001,0.96685,0
0.9668700000000001,0.9668200000000001,0.96686,0
0.96686,0.9668200000000001,0.9668700000000001,0
0.96685,0.9668200000000001,0.9668700000000001,0
0.9668399999999999,0.96683,0.9668700000000001,0
0.96683,0.9668399999999999,0.9668700000000001,0
0.9668200000000001,0.96685,0.9668700000000001,0
0.9668200000000001,0.96686,0.96686,0
0.9668200000000001,0.9668700000000001,0.96685,0
0.96683,0.9668700000000001,0.9668399999999999,0
0.96683,0.9668700000000001,0.96683,0
0.96685,0.9668700000000001,0.9668200000000001,0
0.96686,0.9668700000000001,0.9668200000000001,0
0.96686,0.96686,0.9668200000000001,0
0.9668700000000001,0.96685,0.9668200000000001,0
0.9668700000000001,0.9668399999999999,0.96683,0
0.9668700000000001,0.96683,0.9668399999999999,0
0.9668700000000001,0.9668200000000001,0.96685,0
0.96686,0.9668200000000001,0.96686,0
0.96685,0.9668200000000001,0.9668700000000001,0
0.9668399999999999,0.96683,0.9668700000000001,0
0.96683,0.96683,0.9668700000000001,0
0.9668200000000001,0.9668399999999999,0.9668700000000001,0
0.9668200000000001,0.96685,0.9668700000000001,0
0.9668200000000001,0.96686,0.96686,0
0.9668200000000001,0.9668700000000001,0.96685,0
0.96683,0.9668700000000001,0.9668399999999999,0
0.9668399999999999,0.9668700000000001,0.96683,0
0.96685,0.9668700000000001,0.9668200000000001,0
0.96686,0.96686,0.9668200000000001,0
0.9668700000000001,0.96685,0.9668200000000001,0
0.9668700000000001,0.9668399999999999,0.9668200000000001,0
0.9668700000000001,0.96683,0.96683,0
0.9668700000000001,0.96683,0.9668399999999999,0
0.9668700000000001,0.9668200000000001,0.96685,0
0.96686,0.9668200000000001,0.96686,0
0.96685,0.9668200000000001,0.9668700000000001,0
0.9668399999999999,0.96683,0.9668700000000001,0
0.96683,0.9668399999999999,0.9668700000000001,0
0.9668200000000001,0.96685,0.9668700000000001,0
0.9668200000000001,0.96686,0.96686,0
0.9668200000000001,0.9668700000000001,0.96685,0
0.9668200000000001,0.9668700000000001,0.9668399999999999,0
0.96683,0.9668700000000001,0.96683,0
0.9668399999999999,0.9668700000000001,0.96683,0
0.96685,0.9668700000000001,0.9668200000000001,0
0.96686,0.96686,0.9668200000000001,0
0.9668700000000001,0.96685,0.9668200000000001,0
0.9668700000000001,0.9668399999999999,0.96683,0
0.9668700000000001,0.96683,0.9668399999999999,0
0.9668700000000001,0.9668200000000001,0.96685,0
0.96686,0.9668200000000001,0.96686,0
0.96686,0.9668200000000001,0.96686,0
0.96685,0.9668200000000001,0.9668700000000001,0
0.9668399999999999,0.96683,0.9668700000000001,0
0.96683,0.9668399999999999,0.9668700000000001,0
0.9668200000000001,0.96685,0.9668700000000001,0
0.9668200000000001,0.96686,0.96686,0
0.9668200000000001,0.9668700000000001,0.96685,0
0.96683,0.9668700000000001,0.9668399999999999,0
0.96683,0.9668700000000001,0.96683,0
0.9668399999999999,0.9668700000000001,0.9668200000000001,0
0.96685,0.96686,0.9668200000000001,0
0.96686,0.96686,0.9668200000000001,0
0.9668700000000001,0.96685,0.9668200000000001,0
0.9668700000000001,0.9668399999999999,0.96683,0
0.9668700000000001,0.96683,0.9668399999999999,0
0.9668700000000001,0.9668200000000001,0.96685,0
0.96686,0.9668200000000001,0.96686,0
0.96685,0.9668200000000001,0.9668700000000001,0
0.9668399999999999,0.9668200000000001,0.9668700000000001,0
0.96683,0.96683,0.9668700000000001,0
0.9668200000000001,0.9668399999999999,0.9668700000000001,0
0.9668200000000001,0.96685,0.9668700000000001,0
0.9668200000000001,0.96686,0.96686,0
0.9668200000000001,0.9668700000000001,0.96685,0
0.96683,0.9668700000000001,0.9668399999999999,0
0.9668399999999999,0.9668700000000001,0.96683,0
0.96685,0.9668700000000001,0.9668200000000001,0
0.96686,0.96686,0.9668200000000001,0
0.9668700000000001,0.96685,0.9668200000000001,0
0.9668700000000001,0.9668399999999999,0.9668200000000001,0
0.9668700000000001,0.96683,0.96683,0
0.9668700000000001,0.9668200000000001,0.9668399999999999,0
0.9668700000000001,0.9668200000000001,0.96685,0
0.96686,0.9668200000000001,0.96686,0
0.96685,0.9668200000000001,0.9668700000000001,0
0.9668399999999999,0.96683,0.9668700000000001,0
0.96683,0.9668399999999999,0.9668700000000001,0
0.9668200000000001,0.96685,0.9668700000000001,0
0.9668200000000001,0.96686,0.96686,0
0.9668200000000001,0.96686,0.96685,0
0.9668200000000001,0.9668700000000001,0.9668399999999999,0
0.96683,0.9668700000000001,0.96683,0
0.9668399999999999,0.9668700000000001,0.9668200000000001,0
0.96685,0.9668700000000001,0.9668200000000001,0
0.96686,0.96686,0.9668200000000001,0
0.9668700000000001,0.96685,0.9668200000000001,0
0.9668700000000001,0.9668399999999999,0.96683,0
0.9668700000000001,0.96683,0.96683,0
0.9668700000000001,0.9668200000000001,0.9668399999999999,0
0.96686,0.9668200000000001,0.96685,0
0.96685,0.9668200000000001,0.96686,0
0.9668399999999999,0.9668200000000001,0.9668700000000001,0
0.96683,0.96683,0.9668700000000001,0
0.96683,0.9668399999999999,0.9668700000000001,0
0.9668200000000001,0.96685,0.9668700000000001,0
0.9668200000000001,0.96686,0.96686,0
0.9668200000000001,0.9668700000000001,0.96685,0
0.9668200000000001,0.9668700000000001,0.9668399999999999,0
0.96683,0.9668700000000001,0.96683,0
0.9668399999999999,0.9668700000000001,0.9668200000000001,0
0.96685,0.96686,0.9668200000000001,0
0.96686,0.96686,0.9668200000000001,0
0.9668700000000001,0.96685,0.9668200000000001,0
0.9668700000000001,0.9668399999999999,0.96683,0
0.9668700000000001,0.96683,0.9668399999999999,0
0.9668700000000001,0.9668200000000001,0.96685,0
0.96686,0.9668200000000001,0.96686,0
0.96685,0.9668200000000001,0.9668700000000001,0
0.9668399999999999,0.9668200000000001,0.9668700000000001,0
0.96683,0.96683,0.9668700000000001,0
0.9668200000000001,0.9668399999999999,0.9668700000000001,0
0.9668200000000001,0.96685,0.96686,0
0.9668200000000001,0.96686,0.96686,0
0.9668200000000001,0.9668700000000001,0.96685,0
0.96683,0.9668700000000001,0.9668399999999999,0
0.9668399999999999,0.9668700000000001,0.96683,0
0.96685,0.9668700000000001,0.9668200000000001,0
0.96686,0.96686,0.9668200000000001,0
0.96686,0.96685,0.9668200000000001,0
0.9668700000000001,0.9668399999999999,0.9668200000000001,0
0.9668700000000001,0.96683,0.96683,0
0.9668700000000001,0.9668200000000001,0.9668399999999999,0
0.96686,0.9668200000000001,0.96685,0
0.96686,0.9668200000000001,0.96686,0
0.96685,0.9668200000000001,0.9668700000000001,0
0.9668399999999999,0.96683,0.9668700000000001,0
0.96683,0.96683,0.9668700000000001,0
0.9668200000000001,0.9668399999999999,0.9668700000000001,0
0.9668200000000001,0.96685,0.96686,0
0.9668200000000001,0.96686,0.96685,0
0.9668200000000001,0.9668700000000001,0.9668399999999999,0
0.96683,0.9668700000000001,0.96683,0
0.9668399999999999,0.9668700000000001,0.9668200000000001,0
0.96685,0.9668700000000001,0.9668200000000001,0
0.96686,0.96686,0.9668200000000001,0
0.9668700000000001,0.96685,0.9668200000000001,0
0.9668700000000001,0.9668399999999999,0.9668200000000001,0
0.9668700000000001,0.96683,0.96683,0
0.9668700000000001,0.9668200000000001,0.9668399999999999,0
0.96686,0.9668200000000001,0.96685,0
0.96685,0.9668200000000001,0.96686,0
0.9668399999999999,0.9668200000000001,0.9668700000000001,0
0.96683,0.96683,0.9668700000000001,0
0.9668200000000001,0.9668399999999999,0.9668700000000001,0
0.9668200000000001,0.96685,0.9668700000000001,0
0.9668200000000001,0.96686,0.96686,0
0.9668200000000001,0.9668700000000001,0.96685,0
0.9668200000000001,0.9668700000000001,0.9668399999999999,0
0.96683,0.9668700000000001,0.96683,0
0.9668399999999999,0.9668700000000001,0.9668200000000001,0
0.96685,0.96686,0.9668200000000001,0
0.96686,0.96685,0.9668200000000001,0
0.9668700000000001,0.9668399999999999,0.9668200000000001,0
0.9668700000000001,0.96683,0.96683,0
0.9668700000000001,0.96683,0.9668399999999999,0
0.9668700000000001,0.9668200000000001,0.96685,0
0.96686,0.9668200000000001,0.96686,0
0.96685,0.9668200000000001,0.96686,0
0.9668399999999999,0.9668200000000001,0.9668700000000001,0
0.96683,0.96683,0.9668700000000001,0
0.9668200000000001,0.9668399999999999,0.9668700000000001,0
0.9668200000000001,0.96685,0.96686,0
0.9668200000000001,0.96686,0.96686,0
0.9668200000000001,0.9668700000000001,0.96685,0
0.96683,0.9668700000000001,0.9668399999999999,0
0.9668399999999999,0.9668700000000001,0.96683,0
0.96685,0.9668700000000001,0.9668200000000001,0
0.96686,0.96686,0.9668200000000001,0
0.96686,0.96685,0.9668200000000001,0
0.9668700000000001,0.9668399999999999,0.9668200000000001,0
0.9668700000000001,0.96683,0.96683,0
0.9668700000000001,0.9668200000000001,0.9668399999999999,0
0.96686,0.9668200000000001,0.96685,0
0.96686,0.9668200000000001,0.96686,0
0.96685,0.9668200000000001,0.9668700000000001,0
0.9668399999999999,0.9668200000000001,0.9668700000000001,0
0.96683,0.96683,0.9668700000000001,0
0.9668200000000001,0.9668399999999999,0.9668700000000001,0
0.9668200000000001,0.96685,0.96686,0
0.9668200000000001,0.96686,0.96685,0
0.9668200000000001,0.9668700000000001,0.9668399999999999,0
0.96683,0.9668700000000001,0.96683,0
0.9668399999999999,0.9668700000000001,0.9668200000000001,0
0.96685,0.96686,0.9668200000000001,0
0.96686,0.96686,0.9668200000000001,0
0.9668700000000001,0.96685,0.9668200000000001,0
0.9668700000000001,0.9668399999999999,0.9668200000000001,0
0.9668700000000001,0.96683,0.96683,0
0.9668700000000001,0.9668200000000001,0.9668399999999999,0
0.96686,0.9668200000000001,0.96685,0
0.96685,0.9668200000000001,0.96686,0
0.9668399999999999,0.9668200000000001,0.9668700000000001,0
0.96683,0.96683,0.9668700000000001,0
0.9668200000000001,0.9668399999999999,0.9668700000000001,0
0.9668200000000001,0.96685,0.9668700000000001,0
0.9668200000000001,0.96686,0.96686,0
0.9668200000000001,0.96686,0.96685,0
0.9668200000000001,0.9668700000000001,0.9668399999999999,0
0.96683,0.9668700000000001,0.96683,0
0.9668399999999999,0.9668700000000001,0.9668200000000001,0
0.96685,0.96686,0.9668200000000001,0
0.96686,0.96685,0.9668200000000001,0
0.9668700000000001,0.9668399999999999,0.9668200000000001,0
0.9668700000000001,0.96683,0.96683,0
0.9668700000000001,0.9668200000000001,0.9668399999999999,0
0.9668700000000001,0.9668200000000001,0.96685,0
0.96686,0.9668200000000001,0.96686,0
0.96685,0.9668200000000001,0.96686,0
0.9668399999999999,0.9668200000000001,0.9668700000000001,0
0.96683,0.96683,0.9668700000000001,0
0.9668200000000001,0.9668399999999999,0.9668700000000001,0
0.9668200000000001,0.96685,0.96686,0
0.9668200000000001,0.96686,0.96685,0
0.9668200000000001,0.9668700000000001,0.9668399999999999,0
0.96683,0.9668700000000001,0.96683,0
0.96683,0.9668700000000001,0.96683,0
0.9668399999999999,0.9668700000000001,0.9668200000000001,0
0.96685,0.96686,0.9668200000000001,0
0.96686,0.96685,0.9668200000000001,0
0.9668700000000001,0.9668399999999999,0.9668200000000001,0
0.9668700000000001,0.96683,0.96683,0
0.9668700000000001,0.9668200000000001,0.9668399999999999,0
0.96686,0.9668200000000001,0.96685,0
0.96686,0.9668100000000001,0.96686,0
0.96685,0.9668200000000001,0.9668700000000001,0
0.9668399999999999,0.9668200000000001,0.9668700000000001,0
0.96683,0.96683,0.9668700000000001,0
0.9668200000000001,0.9668399999999999,0.9668700000000001,0
0.9668200000000001,0.96685,0.96686,0
0.9668200000000001,0.96686,0.96685,0
0.9668200000000001,0.9668700000000001,0.9668399999999999,0
0.96683,0.9668700000000001,0.96683,0
0.9668399999999999,0.9668700000000001,0.9668200000000001,0
0.96685,0.96686,0.9668200000000001,0
0.96686,0.96686,0.9668100000000001,0
0.96686,0.96685,0.9668200000000001,0
0.9668700000000001,0.9668399999999999,0.9668200000000001,0
0.9668700000000001,0.96683,0.96683,0
0.9668700000000001,0.9668200000000001,0.9668399999999999,0
0.96686,0.9668200000000001,0.96685,0
0.96685,0.9668200000000001,0.96686,0
0.9668399999999999,0.9668200000000001,0.9668700000000001,0
0.96683,0.96683,0.9668700000000001,0
0.9668200000000001,0.9668399999999999,0.9668700000000001,0
0.9668200000000001,0.96685,0.96686,0
0.9668100000000001,0.96686,0.96686,0
0.9668200000000001,0.96686,0.96685,0
0.9668200000000001,0.9668700000000001,0.9668399999999999,0
0.96683,0.9668700000000001,0.96683,0
0.9668399999999999,0.9668700000000001,0.9668200000000001,0
0.96685,0.96686,0.9668200000000001,0
0.96686,0.96685,0.9668100000000001,0
0.9668700000000001,0.9668399999999999,0.9668200000000001,0
0.9668700000000001,0.96683,0.96683,0
0.9668700000000001,0.9668200000000001,0.96683,0
0.96686,0.9668200000000001,0.96685,0
0.96686,0.9668100000000001,0.96686,0
0.96685,0.9668200000000001,0.96686,0
0.9668399999999999,0.9668200000000001,0.9668700000000001,0
0.96683,0.96683,0.9668700000000001,0
0.9668200000000001,0.9668399999999999,0.9668700000000001,0
0.9668200000000001,0.96685,0.96686,0
0.9668100000000001,0.96686,0.96685,0
0.9668200000000001,0.9668700000000001,0.9668399999999999,0
0.9668200000000001,0.9668700000000001,0.96683,0
0.96683,0.9668700000000001,0.9668200000000001,0
0.9668399999999999,0.9668700000000001,0.9668200000000001,0
0.96685,0.96686,0.9668100000000001,0
0.96686,0.96685,0.9668200000000001,0
0.9668700000000001,0.9668399999999999,0.9668200000000001,0
0.9668700000000001,0.96683,0.96683,0
0.9668700000000001,0.9668200000000001,0.9668399999999999,0
0.96686,0.9668200000000001,0.96685,0
0.96685,0.9668100000000001,0.96686,0
0.96685,0.9668200000000001,0.96686,0
0.96683,0.9668200000000001,0.9668700000000001,0
0.96683,0.96683,0.9668700000000001,0
0.9668200000000001,0.9668399999999999,0.9668700000000001,0
0.9668100000000001,0.96685,0.96686,0
0.9668100000000001,0.96686,0.96685,0
0.9668200000000001,0.9668700000000001,0.9668399999999999,0
0.96683,0.9668700000000001,0.96683,0
0.9668399999999999,0.9668700000000001,0.9668200000000001,0
0.96685,0.96686,0.9668200000000001,0
0.96686,0.96686,0.9668100000000001,0
0.96686,0.96685,0.9668200000000001,0
0.9668700000000001,0.9668399999999999,0.9668200000000001,0
0.9668700000000001,0.96683,0.96683,0
0.9668700000000001,0.9668200000000001,0.9668399999999999,0
0.96686,0.9668100000000001,0.96685,0
0.96685,0.9668100000000001,0.96686,0
0.9668399999999999,0.9668200000000001,0.9668700000000001,0
0.96683,0.96683,0.9668700000000001,0
0.9668200000000001,0.9668399999999999,0.9668700000000001,0
0.9668200000000001,0.96685,0.96686,0
0.9668100000000001,0.96686,0.96686,0
0.9668200000000001,0.96686,0.96685,0
0.9668200000000001,0.9668700000000001,0.9668399999999999,0
0.96683,0.9668700000000001,0.96683,0
0.9668399999999999,0.9668700000000001,0.9668200000000001,0
0.96685,0.96686,0.9668100000000001,0
0.96686,0.96685,0.9668100000000001,0
0.9668700000000001,0.9668399999999999,0.9668200000000001,0
0.9668700000000001,0.96683,0.9668200000000001,0
0.9668700000000001,0.9668200000000001,0.96683,0
0.96686,0.9668200000000001,0.9668399999999999,0
0.96686,0.9668100000000001,0.96685,0
0.96685,0.9668200000000001,0.96686,0
0.9668399999999999,0.9668200000000001,0.9668700000000001,0
0.96683,0.96683,0.9668700000000001,0
0.9668200000000001,0.9668399999999999,0.9668700000000001,0
0.9668100000000001,0.96685,0.96686,0
0.9668100000000001,0.96686,0.96685,0
0.9668200000000001,0.96686,0.9668399999999999,0
0.9668200000000001,0.9668700000000001,0.96683,0
0.96683,0.9668700000000001,0.9668200000000001,0
0.9668399999999999,0.96686,0.9668200000000001,0
0.96685,0.96686,0.9668100000000001,0
0.96686,0.96685,0.9668100000000001,0
0.9668700000000001,0.9668399999999999,0.9668200000000001,0
0.9668700000000001,0.96683,0.96683,0
0.9668700000000001,0.9668200000000001,0.9668399999999999,0
0.96686,0.9668200000000001,0.96685,0
0.96685,0.9668100000000001,0.96686,0
0.9668399999999999,0.9668200000000001,0.96686,0
0.96683,0.9668200000000001,0.9668700000000001,0
0.96683,0.96683,0.9668700000000001,0
0.9668200000000001,0.9668399999999999,0.9668700000000001,0
0.9668100000000001,0.96685,0.96686,0
0.9668100000000001,0.96686,0.96685,0
0.9668200000000001,0.9668700000000001,0.9668399999999999,0
0.96683,0.9668700000000001,0.96683,0
0.9668399999999999,0.9668700000000001,0.9668200000000001,0
0.96685,0.96686,0.9668200000000001,0
0.96686,0.96686,0.9668100000000001,0
0.96686,0.96685,0.9668200000000001,0
0.9668700000000001,0.9668399999999999,0.9668200000000001,0
0.9668700000000001,0.96683,0.96683,0
0.9668700000000001,0.9668200000000001,0.9668399999999999,0
0.96686,0.9668100000000001,0.96685,0
0.96685,0.9668100000000001,0.96686,0
0.9668399999999999,0.9668200000000001,0.9668700000000001,0
0.96683,0.96683,0.9668700000000001,0
0.9668200000000001,0.9668399999999999,0.9668700000000001,0
0.9668200000000001,0.96685,0.96686,0
0.9668100000000001,0.96686,0.96686,0
0.9668200000000001,0.96686,0.96685,0
0.9668200000000001,0.9668700000000001,0.9668399999999999,0
0.96683,0.9668700000000001,0.96683,0
0.9668399999999999,0.9668700000000001,0.9668200000000001,0
0.96685,0.96686,0.9668100000000001,0
0.96686,0.96685,0.9668100000000001,0
0.9668700000000001,0.9668399999999999,0.9668200000000001,0
0.9668700000000001,0.96683,0.9668200000000001,0
0.9668700000000001,0.9668200000000001,0.96683,0
0.96686,0.9668200000000001,0.9668399999999999,0
0.96686,0.9668100000000001,0.96685,0
0.96685,0.9668100000000001,0.96686,0
0.9668399999999999,0.9668200000000001,0.9668700000000001,0
0.96683,0.96683,0.9668700000000001,0
0.9668200000000001,0.9668399999999999,0.9668700000000001,0
0.9668100000000001,0.96685,0.96686,0
0.9668100000000001,0.96686,0.96685,0
0.9668200000000001,0.96686,0.9668399999999999,0
0.9668200000000001,0.9668700000000001,0.96683,0
0.96683,0.9668700000000001,0.9668200000000001,0
0.9668399999999999,0.96686,0.9668200000000001,0
0.96685,0.96686,0.9668100000000001,0
0.96686,0.96685,0.9668100000000001,0
0.9668700000000001,0.9668399999999999,0.9668200000000001,0
0.9668700000000001,0.96683,0.96683,0
0.9668700000000001,0.9668200000000001,0.9668399999999999,0
0.96686,0.9668100000000001,0.96685,0
0.96685,0.9668100000000001,0.96686,0
0.9668399999999999,0.9668200000000001,0.96686,0
0.96683,0.9668200000000001,0.9668700000000001,0
0.9668200000000001,0.96683,0.9668700000000001,0
0.9668200000000001,0.9668399999999999,0.96686,0
0.9668100000000001,0.96685,0.96686,0
0.9668100000000001,0.96686,0.96685,0
0.9668200000000001,0.9668700000000001,0.9668399999999999,0
0.96683,0.9668700000000001,0.96683,0
0.9668399999999999,0.9668700000000001,0.9668200000000001,0
0.96685,0.96686,0.9668200000000001,0
0.96686,0.96686,0.9668100000000001,0
0.96686,0.96685,0.9668200000000001,0
0.9668700000000001,0.9668399999999999,0.9668200000000001,0
0.9668700000000001,0.96683,0.96683,0
0.9668700000000001,0.9668200000000001,0.9668399999999999,0
0.96686,0.9668100000000001,0.96685,0
0.96685,0.9668100000000001,0.96686,0
0.9668399999999999,0.9668200000000001,0.9668700000000001,0
0.96683,0.96683,0.9668700000000001,0
0.9668200000000001,0.96683,0.9668700000000001,0
0.9668200000000001,0.96685,0.96686,0
0.9668100000000001,0.96685,0.96686,0
0.9668200000000001,0.96686,0.96685,0
0.9668200000000001,0.9668700000000001,0.9668399999999999,0
0.96683,0.9668700000000001,0.96683,0
0.9668399999999999,0.9668700000000001,0.9668200000000001,0
0.96685,0.96686,0.9668100000000001,0
0.96686,0.96685,0.9668100000000001,0
0.96686,0.9668399999999999,0.9668200000000001,0
0.9668700000000001,0.96683,0.9668200000000001,0
0.9668700000000001,0.9668200000000001,0.96683,0
0.96686,0.9668200000000001,0.9668399999999999,0
0.96686,0.9668100000000001,0.96685,0
0.96685,0.9668100000000001,0.96686,0
0.9668399999999999,0.9668200000000001,0.9668700000000001,0
0.96683,0.96683,0.9668700000000001,0
0.9668200000000001,0.9668399999999999,0.9668700000000001,0
0.9668100000000001,0.96685,0.96686,0
0.9668100000000001,0.96686,0.96685,0
0.9668200000000001,0.96686,0.9668399999999999,0
0.9668200000000001,0.9668700000000001,0.96683,0
0.96683,0.9668700000000001,0.9668200000000001,0
0.9668399999999999,0.96686,0.9668200000000001,0
0.96685,0.96686,0.9668100000000001,0
0.96686,0.96685,0.9668100000000001,0
0.9668700000000001,0.9668399999999999,0.9668200000000001,0
0.9668700000000001,0.96683,0.96683,0
0.9668700000000001,0.9668200000000001,0.9668399999999999,0
0.96686,0.9668100000000001,0.96685,0
0.96685,0.9668100000000001,0.96686,0
0.9668399999999999,0.9668200000000001,0.96686,0
0.96683,0.9668200000000001,0.9668700000000001,0
0.9668200000000001,0.96683,0.9668700000000001,0
0.9668200000000001,0.9668399999999999,0.96686,0
0.9668100000000001,0.96685,0.96686,0
0.9668100000000001,0.96686,0.96685,0
0.9668200000000001,0.9668700000000001,0.9668399999999999,0
0.96683,0.9668700000000001,0.96683,0
0.9668399999999999,0.9668700000000001,0.9668200000000001,0
0.96685,0.96686,0.9668200000000001,0
0.96686,0.96685,0.9668100000000001,0
0.96686,0.96685,0.9668200000000001,0
0.9668700000000001,0.9668399999999999,0.9668200000000001,0
0.9668700000000001,0.96683,0.96683,0
0.9668700000000001,0.9668200000000001,0.9668399999999999,0
0.96686,0.9668100000000001,0.96685,0
0.96685,0.9668100000000001,0.96686,0
0.9668399999999999,0.9668200000000001,0.9668700000000001,0
0.96683,0.96683,0.9668700000000001,0
0.9668200000000001,0.96683,0.9668700000000001,0
0.9668200000000001,0.96685,0.96686,0
0.9668100000000001,0.96685,0.96686,0
0.9668100000000001,0.96686,0.96685,0
0.9668200000000001,0.9668700000000001,0.9668399999999999,0
0.96683,0.9668700000000001,0.96683,0
0.9668399999999999,0.9668700000000001,0.9668200000000001,0
0.96685,0.96686,0.9668100000000001,0
0.96686,0.96685,0.9668100000000001,0
0.96686,0.9668399999999999,0.9668200000000001,0
0.9668700000000001,0.96683,0.9668200000000001,0
0.9668700000000001,0.9668200000000001,0.96683,0
0.96686,0.9668200000000001,0.9668399999999999,0
0.96686,0.9668100000000001,0.96685,0
0.96685,0.9668100000000001,0.96686,0
0.9668399999999999,0.9668200000000001,0.9668700000000001,0
0.96683,0.96683,0.9668700000000001,0
0.9668200000000001,0.9668399999999999,0.9668700000000001,0
0.9668100000000001,0.96685,0.96686,0
0.9668100000000001,0.96686,0.96685,0
0.9668200000000001,0.96686,0.9668399999999999,0
0.9668200000000001,0.9668700000000001,0.96683,0
0.96683,0.9668700000000001,0.9668200000000001,0
0.9668399999999999,0.96686,0.9668200000000001,0
0.96685,0.96686,0.9668100000000001,0
0.96686,0.96685,0.9668100000000001,0
0.9668700000000001,0.9668399999999999,0.9668200000000001,0
0.9668700000000001,0.96683,0.96683,0
0.9668700000000001,0.9668200000000001,0.9668399999999999,0
0.96686,0.9668100000000001,0.96685,0
0.96685,0.9668100000000001,0.96686,0
0.9668399999999999,0.9668200000000001,0.96686,0
0.96683,0.9668200000000001,0.9668700000000001,0
0.9668200000000001,0.96683,0.9668700000000001,0
0.9668200000000001,0.9668399999999999,0.96686,0
0.9668100000000001,0.96685,0.96686,0
0.9668100000000001,0.96686,0.96685,0
0.9668200000000001,0.9668700000000001,0.9668399999999999,0
0.96683,0.9668700000000001,0.96683,0
0.9668399999999999,0.9668700000000001,0.9668200000000001,0
0.96685,0.96686,0.9668200000000001,0
0.96686,0.96686,0.9668100000000001,0
0.96686,0.96685,0.9668200000000001,0
0.9668700000000001,0.9668399999999999,0.9668200000000001,0
0.9668700000000001,0.96683,0.96683,0
0.9668700000000001,0.9668200000000001,0.9668399999999999,0
0.96686,0.9668100000000001,0.96685,0
0.96685,0.9668100000000001,0.96686,0
0.9668399999999999,0.9668200000000001,0.9668700000000001,0
0.96683,0.96683,0.9668700000000001,0
0.9668200000000001,0.9668399999999999,0.9668700000000001,0
0.9668200000000001,0.96685,0.96686,0
0.9668100000000001,0.96686,0.96686,0
0.9668200000000001,0.96686,0.96685,0
0.9668200000000001,0.9668700000000001,0.9668399999999999,0
0.96683,0.9668700000000001,0.96683,0
0.9668399999999999,0.9668700000000001,0.9668200000000001,0
0.96685,0.96686,0.9668100000000001,0
0.96686,0.96685,0.9668100000000001,0
0.9668700000000001,0.9668399999999999,0.9668200000000001,0
0.9668700000000001,0.96683,0.9668200000000001,0
0.9668700000000001,0.9668200000000001,0.96683,0
0.96686,0.9668200000000001,0.9668399999999999,0
0.96686,0.9668100000000001,0.96685,0
0.96685,0.9668100000000001,0.96686,0
0.9668399999999999,0.9668200000000001,0.9668700000000001,0
0.96683,0.96683,0.9668700000000001,0
0.9668200000000001,0.9668399999999999,0.9668700000000001,0
0.9668100000000001,0.96685,0.96686,0
0.9668100000000001,0.96686,0.96685,0
0.9668200000000001,0.96686,0.9668399999999999,0
0.9668200000000001,0.9668700000000001,0.96683,0
0.96683,0.9668700000000001,0.9668200000000001,0
0.9668399999999999,0.96686,0.9668200000000001,0
0.96685,0.96686,0.9668100000000001,0
0.96686,0.96685,0.9668100000000001,0
0.9668700000000001,0.9668399999999999,0.9668200000000001,0
0.9668700000000001,0.96683,0.96683,0
0.9668700000000001,0.9668200000000001,0.9668399999999999,0
0.96686,0.9668200000000001,0.96685,0
0.96685,0.9668100000000001,0.96686,0
0.9668399999999999,0.9668200000000001,0.96686,0
0.96683,0.9668200000000001,0.9668700000000001,0
0.9668200000000001,0.96683,0.9668700000000001,0
0.9668200000000001,0.9668399999999999,0.9668700000000001,0
0.9668100000000001,0.96685,0.96686,0
0.9668100000000001,0.96686,0.96685,0
0.9668200000000001,0.9668700000000001,0.9668399999999999,0
0.96683,0.9668700000000001,0.96683,0
0.9668399999999999,0.9668700000000001,0.9668200000000001,0
0.96685,0.96686,0.9668200000000001,0
0.96686,0.96686,0.9668100000000001,0
0.96686,0.96685,0.9668200000000001,0
0.9668700000000001,0.9668399999999999,0.9668200000000001,0
0.9668700000000001,0.96683,0.96683,0
0.9668700000000001,0.9668200000000001,0.9668399999999999,0
0.96686,0.9668100000000001,0.96685,0
0.96685,0.9668100000000001,0.96686,0
0.9668399999999999,0.9668200000000001,0.9668700000000001,0
0.96683,0.96683,0.9668700000000001,0
0.9668200000000001,0.9668399999999999,0.9668700000000001,0
0.9668200000000001,0.96685,0.96686,0
0.9668100000000001,0.96686,0.96686,0
0.9668200000000001,0.96686,0.96685,0
0.9668200000000001,0.9668700000000001,0.9668399999999999,0
0.96683,0.9668700000000001,0.96683,0
0.9668399999999999,0.9668700000000001,0.9668200000000001,0
0.96685,0.96686,0.9668100000000001,0
0.96686,0.96685,0.9668100000000001,0
0.9668700000000001,0.9668399999999999,0.9668200000000001,0
0.9668700000000001,0.96683,0.9668200000000001,0
0.9668700000000001,0.9668200000000001,0.96683,0
0.96686,0.9668200000000001,0.9668399999999999,0
0.96686,0.9668100000000001,0.96685,0
0.96685,0.9668200000000001,0.96686,0
0.9668399999999999,0.9668200000000001,0.9668700000000001,0
0.96683,0.96683,0.9668700000000001,0
0.9668200000000001,0.9668399999999999,0.9668700000000001,0
0.9668100000000001,0.96685,0.96686,0
0.9668100000000001,0.96686,0.96685,0
0.9668200000000001,0.96686,0.9668399999999999,0
0.9668200000000001,0.9668700000000001,0.96683,0
0.96683,0.9668700000000001,0.9668200000000001,0
0.9668399999999999,0.96686,0.9668200000000001,0
0.96685,0.96686,0.9668100000000001,0
0.96686,0.96685,0.9668100000000001,0
0.9668700000000001,0.9668399999999999,0.9668200000000001,0
0.9668700000000001,0.96683,0.96683,0
0.9668700000000001,0.9668200000000001,0.9668399999999999,0
0.96686,0.9668200000000001,0.96685,0
0.96685,0.9668100000000001,0.96686,0
0.9668399999999999,0.9668200000000001,0.96686,0
0.96683,0.9668200000000001,0.9668700000000001,0
0.96683,0.96683,0.9668700000000001,0
0.9668200000000001,0.9668399999999999,0.9668700000000001,0
0.9668100000000001,0.96685,0.96686,0
0.9668100000000001,0.96686,0.96685,0
0.9668200000000001,0.9668700000000001,0.9668399999999999,0
0.96683,0.9668700000000001,0.96683,0
0.9668399999999999,0.9668700000000001,0.9668200000000001,0
0.96685,0.96686,0.9668200000000001,0
0.96686,0.96686,0.9668100000000001,0
0.96686,0.96685,0.9668200000000001,0
0.9668700000000001,0.9668399999999999,0.9668200000000001,0
0.9668700000000001,0.96683,0.96683,0
0.9668700000000001,0.9668200000000001,0.9668399999999999,0
0.96686,0.9668100000000001,0.96685,0
0.96685,0.9668100000000001,0.96686,0
0.9668399999999999,0.9668200000000001,0.9668700000000001,0
0.96683,0.96683,0.9668700000000001,0
0.9668200000000001,0.9668399999999999,0.9668700000000001,0
0.9668200000000001,0.96685,0.96686,0
0.9668100000000001,0.96686,0.96686,0
0.9668200000000001,0.96686,0.96685,0
0.9668200000000001,0.9668700000000001,0.9668399999999999,0
0.96683,0.9668700000000001,0.96683,0
0.9668399999999999,0.9668700000000001,0.9668200000000001,0
0.96685,0.96686,0.9668100000000001,0
0.96686,0.96685,0.9668100000000001,0
0.9668700000000001,0.9668399999999999,0.9668200000000001,0
0.9668700000000001,0.96683,0.96683,0
0.9668700000000001,0.9668200000000001,0.96683,0
0.96686,0.9668200000000001,0.96685,0
0.96686,0.9668100000000001,0.96685,0
0.96685,0.9668200000000001,0.96686,0
0.9668399999999999,0.9668200000000001,0.9668700000000001,0
0.96683,0.96683,0.9668700000000001,0
0.9668200000000001,0.9668399999999999,0.9668700000000001,0
0.9668200000000001,0.96685,0.96686,0
0.9668100000000001,0.96686,0.96685,0
0.9668200000000001,0.9668700000000001,0.9668399999999999,0
0.9668200000000001,0.9668700000000001,0.96683,0
0.96683,0.9668700000000001,0.9668200000000001,0
0.9668399999999999,0.9668700000000001,0.9668200000000001,0
0.96685,0.96686,0.9668100000000001,0
0.96686,0.96685,0.9668200000000001,0
0.9668700000000001,0.9668399999999999,0.9668200000000001,0
0.9668700000000001,0.96683,0.96683,0
0.9668700000000001,0.9668200000000001,0.9668399999999999,0
0.96686,0.9668200000000001,0.96685,0
0.96686,0.9668100000000001,0.96686,0
0.96685,0.9668200000000001,0.96686,0
0.9668399999999999,0.9668200000000001,0.9668700000000001,0
0.96683,0.96683,0.9668700000000001,0
0.9668200000000001,0.9668399999999999,0.9668700000000001,0
0.9668100000000001,0.96685,0.96686,0
0.9668200000000001,0.96686,0.96685,0
0.9668200000000001,0.9668700000000001,0.9668399999999999,0
0.96683,0.9668700000000001,0.96683,0
0.9668399999999999,0.9668700000000001,0.9668200000000001,0
0.96685,0.96686,0.9668200000000001,0
0.96686,0.96686,0.9668100000000001,0
0.96686,0.96685,0.9668200000000001,0
0.9668700000000001,0.9668399999999999,0.9668200000000001,0
0.9668700000000001,0.96683,0.96683,0
0.9668700000000001,0.9668200000000001,0.9668399999999999,0
0.96686,0.9668200000000001,0.96685,0
0.96685,0.9668200000000001,0.96686,0
0.9668399999999999,0.9668200000000001,0.9668700000000001,0
0.96683,0.96683,0.9668700000000001,0
0.9668200000000001,0.9668399999999999,0.9668700000000001,0
0.9668200000000001,0.96685,0.96686,0
0.9668100000000001,0.96686,0.96686,0
0.9668200000000001,0.96686,0.96685,0
0.9668200000000001,0.9668700000000001,0.9668399999999999,0
0.96683,0.9668700000000001,0.96683,0
0.9668399999999999,0.9668700000000001,0.9668200000000001,0
0.96685,0.96686,0.9668200000000001,0
0.96686,0.96685,0.9668100000000001,0
0.9668700000000001,0.9668399999999999,0.9668200000000001,0
0.9668700000000001,0.96683,0.96683,0
0.9668700000000001,0.9668200000000001,0.9668399999999999,0
0.9668700000000001,0.9668200000000001,0.96685,0
0.96686,0.9668100000000001,0.96686,0
0.96685,0.9668200000000001,0.96686,0
0.9668399999999999,0.9668200000000001,0.9668700000000001,0
0.96683,0.96683,0.9668700000000001,0
0.9668200000000001,0.9668399999999999,0.9668700000000001,0
0.9668200000000001,0.96685,0.96686,0
0.9668100000000001,0.96686,0.96685,0
0.9668200000000001,0.9668700000000001,0.9668399999999999,0
0.9668200000000001,0.9668700000000001,0.96683,0
0.96683,0.9668700000000001,0.96683,0
0.9668399999999999,0.9668700000000001,0.9668200000000001,0
0.96685,0.96686,0.9668200000000001,0
0.96686,0.96685,0.9668200000000001,0
0.9668700000000001,0.9668399999999999,0.9668200000000001,0
0.9668700000000001,0.96683,0.96683,0
0.9668700000000001,0.9668200000000001,0.9668399999999999,0
0.96686,0.9668200000000001,0.96685,0
0.96686,0.9668200000000001,0.96686,0
0.96685,0.9668200000000001,0.9668700000000001,0
0.9668399999999999,0.9668200000000001,0.9668700000000001,0
0.96683,0.96683,0.9668700000000001,0
0.9668200000000001,0.9668399999999999,0.9668700000000001,0
0.9668200000000001,0.96685,0.96686,0
0.9668200000000001,0.96686,0.96685,0
0.9668200000000001,0.9668700000000001,0.9668399999999999,0
0.96683,0.9668700000000001,0.96683,0
0.9668399999999999,0.9668700000000001,0.9668200000000001,0
0.96685,0.96686,0.9668200000000001,0
0.96686,0.96686,0.9668200000000001,0
0.9668700000000001,0.96685,0.9668200000000001,0
0.9668700000000001,0.9668399999999999,0.9668200000000001,0
0.9668700000000001,0.96683,0.96683,0
0.9668700000000001,0.9668200000000001,0.9668399999999999,0
0.96686,0.9668200000000001,0.96685,0
0.96685,0.9668200000000001,0.96686,0
0.9668399999999999,0.9668200000000001,0.9668700000000001,0
0.96683,0.96683,0.9668700000000001,0
0.9668200000000001,0.9668399999999999,0.9668700000000001,0
0.9668200000000001,0.96685,0.9668700000000001,0
0.9668200000000001,0.96686,0.96686,0
0.9668200000000001,0.96686,0.96685,0
0.9668200000000001,0.9668700000000001,0.9668399999999999,0
0.96683,0.9668700000000001,0.96683,0
0.9668399999999999,0.9668700000000001,0.9668200000000001,0
0.96685,0.96686,0.9668200000000001,0
0.96686,0.96685,0.9668200000000001,0
0.9668700000000001,0.9668399999999999,0.9668200000000001,0
0.9668700000000001,0.96683,0.96683,0
0.9668700000000001,0.9668200000000001,0.9668399999999999,0
0.9668700000000001,0.9668200000000001,0.96685,0
0.96686,0.9668200000000001,0.96686,0
0.96685,0.9668200000000001,0.96686,0
0.9668399999999999,0.9668200000000001,0.9668700000000001,0
0.96683,0.96683,0.9668700000000001,0
0.9668200000000001,0.9668399999999999,0.9668700000000001,0
0.9668200000000001,0.96685,0.96686,0
0.9668200000000001,0.96686,0.96686,0
0.9668200000000001,0.9668700000000001,0.96685,0
0.96683,0.9668700000000001,0.9668399999999999,0
0.9668399999999999,0.9668700000000001,0.96683,0
0.96685,0.9668700000000001,0.9668200000000001,0
0.96686,0.96686,0.9668200000000001,0
0.96686,0.96685,0.9668200000000001,0
0.9668700000000001,0.9668399999999999,0.9668200000000001,0
0.9668700000000001,0.96683,0.96683,0
0.9668700000000001,0.9668200000000001,0.9668399999999999,0
0.96686,0.9668200000000001,0.96685,0
0.96686,0.9668200000000001,0.96686,0
0.96685,0.9668200000000001,0.9668700000000001,0
0.9668399999999999,0.9668200000000001,0.9668700000000001,0
0.96683,0.96683,0.9668700000000001,0
0.9668200000000001,0.9668399999999999,0.9668700000000001,0
0.9668200000000001,0.96685,0.96686,0
0.9668200000000001,0.96686,0.96685,0
0.9668200000000001,0.9668700000000001,0.9668399999999999,0
0.96683,0.9668700000000001,0.96683,0
0.9668399999999999,0.9668700000000001,0.9668200000000001,0
0.96685,0.9668700000000001,0.9668200000000001,0
0.96686,0.96686,0.9668200000000001,0
0.9668700000000001,0.96685,0.9668200000000001,0
0.9668700000000001,0.9668399999999999,0.9668200000000001,0
0.9668700000000001,0.96683,0.96683,0
0.9668700000000001,0.9668200000000001,0.9668399999999999,0
0.96686,0.9668200000000001,0.96685,0
0.96685,0.9668200000000001,0.96686,0
0.9668399999999999,0.9668200000000001,0.9668700000000001,0
0.96683,0.96683,0.9668700000000001,0
0.9668200000000001,0.9668399999999999,0.9668700000000001,0
0.9668200000000001,0.96685,0.9668700000000001,0
0.9668200000000001,0.96686,0.96686,0
0.9668200000000001,0.9668700000000001,0.96685,0
0.9668200000000001,0.9668700000000001,0.9668399999999999,0
0.96683,0.9668700000000001,0.96683,0
0.9668399999999999,0.9668700000000001,0.9668200000000001,0
0.96685,0.96686,0.9668200000000001,0
0.96686,0.96685,0.9668200000000001,0
0.9668700000000001,0.9668399999999999,0.9668200000000001,0
0.9668700000000001,0.96683,0.96683,0
0.9668700000000001,0.96683,0.9668399999999999,0
0.9668700000000001,0.9668200000000001,0.96685,0
0.96686,0.9668200000000001,0.96686,0
0.96685,0.9668200000000001,0.96686,0
0.9668399999999999,0.9668200000000001,0.9668700000000001,0
0.96683,0.96683,0.9668700000000001,0
0.9668200000000001,0.9668399999999999,0.9668700000000001,0
0.9668200000000001,0.96685,0.96686,0
0.9668200000000001,0.96686,0.96686,0
0.9668200000000001,0.9668700000000001,0.96685,0
0.96683,0.9668700000000001,0.9668399999999999,0
0.9668399999999999,0.9668700000000001,0.96683,0
0.96685,0.9668700000000001,0.9668200000000001,0
0.96686,0.96686,0.9668200000000001,0
0.96686,0.96685,0.9668200000000001,0
0.9668700000000001,0.9668399999999999,0.9668200000000001,0
0.9668700000000001,0.96683,0.96683,0
0.9668700000000001,0.9668200000000001,0.9668399999999999,0
0.96686,0.9668200000000001,0.96685,0
0.96686,0.9668200000000001,0.96686,0
0.96685,0.9668200000000001,0.9668700000000001,0
0.9668399999999999,0.96683,0.9668700000000001,0
0.96683,0.96683,0.9668700000000001,0
0.9668200000000001,0.96685,0.9668700000000001,0
0.9668200000000001,0.96686,0.96686,0
0.9668200000000001,0.96686,0.96685,0
0.9668200000000001,0.9668700000000001,0.9668399999999999,0
0.96683,0.9668700000000001,0.96683,0
0.9668399999999999,0.9668700000000001,0.9668200000000001,0
0.96685,0.9668700000000001,0.9668200000000001,0
0.96686,0.96686,0.9668200000000001,0
0.9668700000000001,0.96685,0.9668200000000001,0
0.9668700000000001,0.9668399999999999,0.9668200000000001,0
0.9668700000000001,0.96683,0.96683,0
0.9668700000000001,0.9668200000000001,0.9668399999999999,0
0.96686,0.9668200000000001,0.96685,0
0.96685,0.9668200000000001,0.96686,0
0.9668399999999999,0.9668200000000001,0.9668700000000001,0
0.96683,0.96683,0.9668700000000001,0
0.96683,0.9668399999999999,0.9668700000000001,0
0.9668200000000001,0.96685,0.9668700000000001,0
0.9668200000000001,0.96686,0.96686,0
0.9668200000000001,0.9668700000000001,0.96685,0
0.9668200000000001,0.9668700000000001,0.9668399999999999,0
0.96683,0.9668700000000001,0.96683,0
0.9668399999999999,0.9668700000000001,0.9668200000000001,0
0.96685,0.96686,0.9668200000000001,0
0.96686,0.96686,0.9668200000000001,0
0.9668700000000001,0.96685,0.9668200000000001,0
0.9668700000000001,0.9668399999999999,0.96683,0
0.9668700000000001,0.96683,0.9668399999999999,0
0.9668700000000001,0.9668200000000001,0.96685,0
0.96686,0.9668200000000001,0.96686,0
0.96685,0.9668200000000001,0.9668700000000001,0
0.9668399999999999,0.9668200000000001,0.9668700000000001,0
0.96683,0.96683,0.9668700000000001,0
0.9668200000000001,0.9668399999999999,0.9668700000000001,0
0.9668200000000001,0.96685,0.96686,0
0.9668200000000001,0.96686,0.96686,0
0.9668200000000001,0.9668700000000001,0.96685,0
0.96683,0.9668700000000001,0.9668399999999999,0
0.9668399999999999,0.9668700000000001,0.96683,0
0.96685,0.9668700000000001,0.9668200000000001,0
0.96686,0.96686,0.9668200000000001,0
0.96686,0.96685,0.9668200000000001,0
0.9668700000000001,0.9668399999999999,0.9668200000000001,0
0.9668700000000001,0.96683,0.96683,0
0.9668700000000001,0.9668200000000001,0.9668399999999999,0
0.9668700000000001,0.9668200000000001,0.96685,0
0.96686,0.9668200000000001,0.96686,0
0.96685,0.9668200000000001,0.9668700000000001,0
0.9668399999999999,0.96683,0.9668700000000001,0
0.96683,0.9668399999999999,0.9668700000000001,0
0.9668200000000001,0.96685,0.9668700000000001,0
0.9668200000000001,0.96686,0.96686,0
0.9668200000000001,0.96686,0.96685,0
0.9668200000000001,0.9668700000000001,0.9668399999999999,0
0.96683,0.9668700000000001,0.96683,0
0.9668399999999999,0.9668700000000001,0.96683,0
0.96685,0.9668700000000001,0.9668200000000001,0
0.96686,0.96686,0.9668200000000001,0
0.9668700000000001,0.96685,0.9668200000000001,0
0.9668700000000001,0.9668399999999999,0.96683,0
0.9668700000000001,0.96683,0.96683,0
0.9668700000000001,0.9668200000000001,0.9668399999999999,0
0.96686,0.9668200000000001,0.96686,0
0.96686,0.9668200000000001,0.96686,0
0.96685,0.9668200000000001,0.9668700000000001,0
0.96683,0.96683,0.9668700000000001,0
0.96683,0.9668399999999999,0.9668700000000001,0
0.9668200000000001,0.96685,0.9668700000000001,0
0.9668200000000001,0.96686,0.96686,0
0.9668200000000001,0.9668700000000001,0.96685,0
0.9668200000000001,0.9668700000000001,0.9668399999999999,0
0.96683,0.9668700000000001,0.96683,0
0.9668399999999999,0.9668700000000001,0.9668200000000001,0
0.96685,0.96686,0.9668200000000001,0
0.96686,0.96686,0.9668200000000001,0
0.9668700000000001,0.96685,0.9668200000000001,0
0.9668700000000001,0.9668399999999999,0.96683,0
0.9668700000000001,0.96683,0.9668399999999999,0
0.9668700000000001,0.9668200000000001,0.96685,0
0.96686,0.9668200000000001,0.96686,0
0.96685,0.9668200000000001,0.9668700000000001,0
0.9668399999999999,0.9668200000000001,0.9668700000000001,0
0.96683,0.96683,0.9668700000000001,0
0.9668200000000001,0.9668399999999999,0.9668700000000001,0
0.9668200000000001,0.96685,0.9668700000000001,0
0.9668200000000001,0.96686,0.96686,0
0.9668200000000001,0.9668700000000001,0.96685,0
0.96683,0.9668700000000001,0.9668399999999999,0
0.9668399999999999,0.9668700000000001,0.96683,0
0.96685,0.9668700000000001,0.9668200000000001,0
0.96686,0.96686,0.9668200000000001,0
0.9668700000000001,0.96685,0.9668200000000001,0
0.9668700000000001,0.9668399999999999,0.9668200000000001,0
0.9668700000000001,0.96683,0.96683,0
0.9668700000000001,0.9668200000000001,0.9668399999999999,0
0.9668700000000001,0.9668200000000001,0.96685,0
0.96686,0.9668200000000001,0.96686,0
0.96685,0.9668200000000001,0.9668700000000001,0
0.9668399999999999,0.96683,0.9668700000000001,0
0.96683,0.9668399999999999,0.9668700000000001,0
0.9668200000000001,0.96685,0.9668700000000001,0
0.9668200000000001,0.96686,0.96686,0
0.9668200000000001,0.9668700000000001,0.96685,0
0.9668200000000001,0.9668700000000001,0.9668399999999999,0
0.96683,0.9668700000000001,0.96683,0
0.9668399999999999,0.9668700000000001,0.96683,0
0.96685,0.9668700000000001,0.9668200000000001,0
0.96686,0.96686,0.9668200000000001,0
0.9668700000000001,0.96685,0.9668200000000001,0
0.9668700000000001,0.9668399999999999,0.96683,0
0.9668700000000001,0.96683,0.9668399999999999,0
0.9668700000000001,0.9668200000000001,0.96685,0
0.96686,0.9668200000000001,0.96686,0
0.96686,0.9668200000000001,0.96686,0
0.96685,0.9668200000000001,0.9668700000000001,0
0.9668399999999999,0.96683,0.9668700000000001,0
0.96683,0.9668399999999999,0.9668700000000001,0
0.9668200000000001,0.96685,0.9668700000000001,0
0.9668200000000001,0.96686,0.96686,0
0.9668200000000001,0.9668700000000001,0.96685,0
0.96683,0.9668700000000001,0.9668399999999999,0
0.96683,0.9668700000000001,0.96683,0
0.9668399999999999,0.9668700000000001,0.9668200000000001,0
0.96685,0.9668700000000001,0.9668200000000001,0
0.96686,0.96686,0.9668200000000001,0
0.9668700000000001,0.96685,0.9668200000000001,0
0.9668700000000001,0.9668399999999999,0.96683,0
0.9668700000000001,0.96683,0.9668399999999999,0
0.9668700000000001,0.9668200000000001,0.96685,0
0.96686,0.9668200000000001,0.96686,0
0.96685,0.9668200000000001,0.9668700000000001,0
0.9668399999999999,0.96683,0.9668700000000001,0
0.96683,0.96683,0.9668700000000001,0
0.9668200000000001,0.9668399999999999,0.9668700000000001,0
0.9668200000000001,0.96685,0.9668700000000001,0
0.9668200000000001,0.96686,0.96686,0
0.9668200000000001,0.9668700000000001,0.96685,0
0.96683,0.9668700000000001,0.9668399999999999,0
0.9668399999999999,0.9668700000000001,0.96683,0
0.96685,0.9668700000000001,0.9668200000000001,0
0.96686,0.96686,0.9668200000000001,0
0.9668700000000001,0.96685,0.9668200000000001,0
0.9668700000000001,0.9668399999999999,0.9668200000000001,0
0.9668700000000001,0.96683,0.96683,0
0.9668700000000001,0.96683,0.9668399999999999,0
0.9668700000000001,0.9668200000000001,0.96685,0
0.96686,0.9668200000000001,0.96686,0
0.96685,0.9668200000000001,0.9668700000000001,0
0.9668399999999999,0.96683,0.9668700000000001,0
0.96683,0.9668399999999999,0.9668700000000001,0
0.9668200000000001,0.96685,0.9668700000000001,0
0.9668200000000001,0.96686,0.96686,0
0.9668200000000001,0.9668700000000001,0.96686,0
0.9668200000000001,0.9668700000000001,0.96685,0
0.96683,0.9668700000000001,0.96683,0
0.9668399999999999,0.9668700000000001,0.96683,0
0.96685,0.9668700000000001,0.9668200000000001,0
0.96686,0.96686,0.9668200000000001,0
0.9668700000000001,0.96685,0.9668200000000001,0
0.9668700000000001,0.9668399999999999,0.96683,0
0.9668700000000001,0.96683,0.9668399999999999,0
0.9668700000000001,0.9668200000000001,0.96685,0
0.96686,0.9668200000000001,0.96686,0
0.96686,0.9668200000000001,0.9668700000000001,0
0.96685,0.9668200000000001,0.9668700000000001,0
0.9668399999999999,0.96683,0.9668700000000001,0
0.96683,0.9668399999999999,0.9668700000000001,0
0.9668200000000001,0.96685,0.9668700000000001,0
0.9668200000000001,0.96686,0.96686,0
0.9668200000000001,0.9668700000000001,0.96685,0
0.96683,0.9668700000000001,0.9668399999999999,0
0.96683,0.9668700000000001,0.96683,0
0.96685,0.9668700000000001,0.9668200000000001,0
0.96686,0.9668700000000001,0.9668200000000001,0
0.96686,0.96686,0.9668200000000001,0
0.9668700000000001,0.96685,0.9668200000000001,0
0.9668700000000001,0.9668399999999999,0.96683,0
0.9668700000000001,0.96683,0.9668399999999999,0
0.9668700000000001,0.9668200000000001,0.96685,0
0.96686,0.9668200000000001,0.96686,0
0.96685,0.9668200000000001,0.9668700000000001,0
0.9668399999999999,0.96683,0.9668700000000001,0
0.96683,0.96683,0.9668700000000001,0
0.96683,0.9668399999999999,0.9668700000000001,0
0.9668200000000001,0.96685,0.9668700000000001,0
0.9668200000000001,0.96686,0.96686,0
0.9668200000000001,0.9668700000000001,0.96685,0
0.96683,0.9668700000000001,0.9668399999999999,0
0.9668399999999999,0.9668700000000001,0.96683,0
0.96685,0.9668700000000001,0.9668200000000001,0
0.96686,0.96686,0.9668200000000001,0
0.9668700000000001,0.96685,0.9668200000000001,0
0.9668700000000001,0.9668399999999999,0.9668200000000001,0
0.9668700000000001,0.96683,0.96683,0
0.9668700000000001,0.96683,0.9668399999999999,0
0.9668700000000001,0.9668200000000001,0.96685,0
0.96686,0.9668200000000001,0.96686,0
0.96685,0.9668200000000001,0.9668700000000001,0
0.9668399999999999,0.96683,0.9668700000000001,0
0.96683,0.9668399999999999,0.9668700000000001,0
0.9668200000000001,0.96685,0.9668700000000001,0
0.9668200000000001,0.96686,0.96686,0
0.9668200000000001,0.9668700000000001,0.96686,0
0.9668200000000001,0.9668700000000001,0.96685,0
0.96683,0.9668700000000001,0.9668399999999999,0
0.9668399999999999,0.9668700000000001,0.96683,0
0.96685,0.9668700000000001,0.9668200000000001,0
0.96686,0.96686,0.9668200000000001,0
0.9668700000000001,0.96685,0.9668200000000001,0
0.9668700000000001,0.9668399999999999,0.96683,0
0.9668700000000001,0.96683,0.9668399999999999,0
0.9668700000000001,0.9668200000000001,0.96685,0
0.9668700000000001,0.9668200000000001,0.96686,0
0.96686,0.9668200000000001,0.9668700000000001,0
0.96685,0.9668200000000001,0.9668700000000001,0
0.9668399999999999,0.96683,0.9668700000000001,0
0.96683,0.9668399999999999,0.9668700000000001,0
0.9668200000000001,0.96685,0.9668700000000001,0
0.9668200000000001,0.96686,0.96686,0
0.9668200000000001,0.9668700000000001,0.96685,0
0.96683,0.9668700000000001,0.9668399999999999,0
0.9668399999999999,0.9668700000000001,0.96683,0
0.96685,0.9668700000000001,0.9668200000000001,0
0.96686,0.9668700000000001,0.9668200000000001,0
0.96686,0.96686,0.9668200000000001,0
0.9668700000000001,0.96685,0.9668200000000001,0
0.9668700000000001,0.9668399999999999,0.96683,0
0.9668700000000001,0.96683,0.9668399999999999,0
0.9668700000000001,0.9668200000000001,0.96685,0
0.96686,0.9668200000000001,0.96686,0
0.96685,0.9668200000000001,0.9668700000000001,0
0.9668399999999999,0.96683,0.9668700000000001,0
0.96683,0.96683,0.9668700000000001,0
0.96683,0.9668399999999999,0.9668700000000001,0
0.9668200000000001,0.96685,0.9668700000000001,0
0.9668200000000001,0.96686,0.96686,0
0.9668200000000001,0.9668700000000001,0.96685,0
0.96683,0.9668700000000001,0.9668399999999999,0
0.9668399999999999,0.9668700000000001,0.96683,0
0.96685,0.9668700000000001,0.9668200000000001,0
0.96686,0.96686,0.9668200000000001,0
0.9668700000000001,0.96685,0.9668200000000001,0
0.9668700000000001,0.9668399999999999,0.96683,0
0.9668700000000001,0.96683,0.96683,0
0.9668700000000001,0.96683,0.9668399999999999,0
0.9668700000000001,0.9668200000000001,0.96685,0
0.96686,0.9668200000000001,0.96686,0
0.96685,0.9668200000000001,0.9668700000000001,0
0.9668399999999999,0.96683,0.9668700000000001,0
0.96683,0.9668399999999999,0.9668700000000001,0
0.9668200000000001,0.96685,0.9668700000000001,0
0.9668200000000001,0.96686,0.96686,0
0.9668200000000001,0.9668700000000001,0.96686,0
0.9668200000000001,0.9668700000000001,0.96685,0
0.96683,0.9668700000000001,0.9668399999999999,0
0.9668399999999999,0.9668700000000001,0.96683,0
0.96685,0.9668700000000001,0.9668200000000001,0
0.96686,0.96686,0.9668200000000001,0
0.9668700000000001,0.96685,0.9668200000000001,0
0.9668700000000001,0.9668399999999999,0.96683,0
0.9668700000000001,0.96683,0.9668399999999999,0
0.9668700000000001,0.9668200000000001,0.96685,0
0.9668700000000001,0.9668200000000001,0.96686,0
0.96686,0.9668200000000001,0.9668700000000001,0
0.96685,0.9668200000000001,0.9668700000000001,0
0.9668399999999999,0.96683,0.9668700000000001,0
0.96683,0.9668399999999999,0.9668700000000001,0
0.9668200000000001,0.96685,0.9668700000000001,0
0.9668200000000001,0.96686,0.96686,0
0.9668200000000001,0.9668700000000001,0.96685,0
0.96683,0.9668700000000001,0.9668399999999999,0
0.9668399999999999,0.9668700000000001,0.96683,0
0.96685,0.9668700000000001,0.9668200000000001,0
0.96686,0.9668700000000001,0.9668200000000001,0
0.9668700000000001,0.96686,0.9668200000000001,0
0.9668700000000001,0.96685,0.9668200000000001,0
0.9668700000000001,0.9668399999999999,0.96683,0
0.9668700000000001,0.96683,0.9668399999999999,0
0.9668700000000001,0.9668200000000001,0.96685,0
0.96686,0.9668200000000001,0.96686,0
0.96685,0.9668200000000001,0.9668700000000001,0
0.9668399999999999,0.96683,0.9668700000000001,0
0.96683,0.96683,0.9668700000000001,0
0.96683,0.96685,0.9668700000000001,0
0.9668200000000001,0.96686,0.9668700000000001,0
0.9668200000000001,0.96686,0.96686,0
0.9668200000000001,0.9668700000000001,0.96685,0
0.96683,0.9668700000000001,0.9668399999999999,0
0.9668399999999999,0.9668700000000001,0.96683,0
0.96685,0.9668700000000001,0.9668200000000001,0
0.96686,0.96686,0.9668200000000001,0
0.9668700000000001,0.96686,0.9668200000000001,0
0.9668700000000001,0.9668399999999999,0.96683,0
0.9668700000000001,0.96683,0.96683,0
0.9668700000000001,0.96683,0.9668399999999999,0
0.9668700000000001,0.9668200000000001,0.96685,0
0.96686,0.9668200000000001,0.96686,0
0.96685,0.9668200000000001,0.9668700000000001,0
0.9668399999999999,0.96683,0.9668700000000001,0
0.96683,0.9668399999999999,0.9668700000000001,0
0.9668200000000001,0.96685,0.9668700000000001,0
0.9668200000000001,0.96686,0.9668700000000001,0
0.9668200000000001,0.9668700000000001,0.96686,0
0.96683,0.9668700000000001,0.96685,0
0.96683,0.9668700000000001,0.9668399999999999,0
0.9668399999999999,0.9668700000000001,0.96683,0
0.96685,0.9668700000000001,0.9668200000000001,0
0.96686,0.96686,0.9668200000000001,0
0.9668700000000001,0.96685,0.9668200000000001,0
0.9668700000000001,0.9668399999999999,0.96683,0
0.9668700000000001,0.96683,0.9668399999999999,0
0.9668700000000001,0.9668200000000001,0.96685,0
0.9668700000000001,0.9668200000000001,0.96686,0
0.96686,0.9668200000000001,0.9668700000000001,0
0.96685,0.9668200000000001,0.9668700000000001,0
0.9668399999999999,0.96683,0.9668700000000001,0
0.96683,0.9668399999999999,0.9668700000000001,0
0.9668200000000001,0.96685,0.9668700000000001,0
0.9668200000000001,0.96686,0.96686,0
0.9668200000000001,0.9668700000000001,0.96685,0
0.96683,0.9668700000000001,0.9668399999999999,0
0.9668399999999999,0.9668700000000001,0.96683,0
0.96685,0.9668700000000001,0.96683,0
0.96686,0.9668700000000001,0.9668200000000001,0
0.9668700000000001,0.96686,0.9668200000000001,0
0.9668700000000001,0.96685,0.9668200000000001,0
0.9668700000000001,0.9668399999999999,0.96683,0
0.9668700000000001,0.96683,0.9668399999999999,0
0.9668700000000001,0.9668200000000001,0.96685,0
0.96686,0.9668200000000001,0.96686,0
0.96685,0.9668200000000001,0.9668700000000001,0
0.9668399999999999,0.96683,0.9668700000000001,0
0.96683,0.9668399999999999,0.9668700000000001,0
0.96683,0.96685,0.9668700000000001,0
0.9668200000000001,0.96686,0.9668700000000001,0
0.9668200000000001,0.96686,0.96686,0
0.9668200000000001,0.9668700000000001,0.96685,0
0.96683,0.9668700000000001,0.9668399999999999,0
0.9668399999999999,0.9668700000000001,0.96683,0
0.96685,0.9668700000000001,0.9668200000000001,0
0.96686,0.96686,0.9668200000000001,0
0.9668700000000001,0.96686,0.9668200000000001,0
0.9668700000000001,0.96685,0.96683,0
0.96688,0.9668399999999999,0.96683,0
0.9668700000000001,0.96683,0.9668399999999999,0
0.9668700000000001,0.9668200000000001,0.96685,0
0.96686,0.9668200000000001,0.96686,0
0.96685,0.9668200000000001,0.9668700000000001,0
0.9668399999999999,0.96683,0.9668700000000001,0
0.96683,0.9668399999999999,0.9668700000000001,0
0.9668200000000001,0.96685,0.9668700000000001,0
0.9668200000000001,0.96686,0.9668700000000001,0
0.9668200000000001,0.9668700000000001,0.96686,0
0.96683,0.9668700000000001,0.96685,0
0.96683,0.9668700000000001,0.9668399999999999,0
0.9668399999999999,0.9668700000000001,0.96683,0
0.96685,0.9668700000000001,0.9668200000000001,0
0.96686,0.96686,0.9668200000000001,0
0.9668700000000001,0.96685,0.9668200000000001,0
0.9668700000000001,0.9668399999999999,0.96683,0
0.9668700000000001,0.96683,0.9668399999999999,0
0.9668700000000001,0.9668200000000001,0.96685,0
0.9668700000000001,0.9668200000000001,0.96686,0
0.96686,0.9668200000000001,0.9668700000000001,0
0.96685,0.9668200000000001,0.9668700000000001,0
0.9668399999999999,0.96683,0.9668700000000001,0
0.96683,0.9668399999999999,0.9668700000000001,0
0.9668200000000001,0.96685,0.9668700000000001,0
0.9668200000000001,0.96686,0.96686,0
0.9668200000000001,0.9668700000000001,0.96685,0
0.96683,0.9668700000000001,0.9668399999999999,0
0.9668399999999999,0.9668700000000001,0.96683,0
0.96685,0.9668700000000001,0.96683,0
0.96686,0.9668700000000001,0.9668200000000001,0
0.9668700000000001,0.96686,0.9668200000000001,0
0.9668700000000001,0.96685,0.9668200000000001,0
0.9668700000000001,0.9668399999999999,0.96683,0
0.9668700000000001,0.96683,0.9668399999999999,0
0.9668700000000001,0.9668200000000001,0.96685,0
0.96686,0.9668200000000001,0.96686,0
0.96685,0.9668200000000001,0.9668700000000001,0
0.9668399999999999,0.96683,0.9668700000000001,0
0.96683,0.9668399999999999,0.9668700000000001,0
0.96683,0.96685,0.9668700000000001,0
0.9668200000000001,0.96686,0.9668700000000001,0
0.9668200000000001,0.96686,0.96686,0
0.9668200000000001,0.9668700000000001,0.96685,0
0.96683,0.9668700000000001,0.9668399999999999,0
0.9668399999999999,0.9668700000000001,0.96683,0
0.96685,0.9668700000000001,0.9668200000000001,0
0.96686,0.96686,0.9668200000000001,0
0.9668700000000001,0.96686,0.9668200000000001,0
0.9668700000000001,0.96685,0.96683,0
0.9668700000000001,0.96683,0.96683,0
0.9668700000000001,0.96683,0.9668399999999999,0
0.9668700000000001,0.9668200000000001,0.96685,0
0.96686,0.9668200000000001,0.96686,0
0.96685,0.9668200000000001,0.9668700000000001,0
0.9668399999999999,0.96683,0.9668700000000001,0
0.96683,0.9668399999999999,0.9668700000000001,0
0.9668200000000001,0.96685,0.9668700000000001,0
0.9668200000000001,0.96686,0.9668700000000001,0
0.9668200000000001,0.9668700000000001,0.96686,0
0.96683,0.9668700000000001,0.96685,0
0.96683,0.9668700000000001,0.9668399999999999,0
0.9668399999999999,0.9668700000000001,0.96683,0
0.96685,0.9668700000000001,0.9668200000000001,0
0.96686,0.96686,0.9668200000000001,0
0.9668700000000001,0.96685,0.9668200000000001,0
0.9668700000000001,0.9668399999999999,0.96683,0
0.9668700000000001,0.96683,0.9668399999999999,0
0.9668700000000001,0.9668200000000001,0.96685,0
0.9668700000000001,0.9668200000000001,0.96686,0
0.96686,0.9668200000000001,0.9668700000000001,0
0.96685,0.9668200000000001,0.9668700000000001,0
0.9668399999999999,0.96683,0.9668700000000001,0
0.96683,0.9668399999999999,0.9668700000000001,0
0.9668200000000001,0.96685,0.9668700000000001,0
0.9668200000000001,0.96686,0.96686,0
0.9668200000000001,0.9668700000000001,0.96685,0
0.96683,0.9668700000000001,0.9668399999999999,0
0.9668399999999999,0.9668700000000001,0.96683,0
0.96685,0.9668700000000001,0.96683,0
0.96686,0.9668700000000001,0.9668200000000001,0
0.9668700000000001,0.96686,0.9668200000000001,0
0.9668700000000001,0.96685,0.9668200000000001,0
0.9668700000000001,0.9668399999999999,0.96683,0
0.9668700000000001,0.96683,0.9668399999999999,0
0.9668700000000001,0.9668200000000001,0.96685,0
0.96686,0.9668200000000001,0.96686,0
0.96685,0.9668200000000001,0.9668700000000001,0
0.9668399999999999,0.96683,0.9668700000000001,0
0.96683,0.96683,0.9668700000000001,0
0.96683,0.96685,0.9668700000000001,0
0.9668200000000001,0.96686,0.9668700000000001,0
0.9668200000000001,0.96686,0.96686,0
0.9668200000000001,0.9668700000000001,0.96685,0
0.96683,0.9668700000000001,0.9668399999999999,0
0.9668399999999999,0.9668700000000001,0.96683,0
0.96685,0.9668700000000001,0.9668200000000001,0
0.96686,0.96686,0.9668200000000001,0
0.9668700000000001,0.96685,0.9668200000000001,0
0.9668700000000001,0.9668399999999999,0.96683,0
0.9668700000000001,0.96683,0.96683,0
0.9668700000000001,0.96683,0.9668399999999999,0
0.9668700000000001,0.9668200000000001,0.96685,0
0.96686,0.9668200000000001,0.96686,0
0.96685,0.9668200000000001,0.9668700000000001,0
0.9668399999999999,0.96683,0.9668700000000001,0
0.96683,0.9668399999999999,0.9668700000000001,0
0.9668200000000001,0.96685,0.9668700000000001,0
0.9668200000000001,0.96686,0.96686,0
0.9668200000000001,0.9668700000000001,0.96686,0
0.9668200000000001,0.9668700000000001,0.96685,0
0.96683,0.9668700000000001,0.9668399999999999,0
0.9668399999999999,0.9668700000000001,0.96683,0
0.96685,0.9668700000000001,0.9668200000000001,0
0.96686,0.96686,0.9668200000000001,0
0.9668700000000001,0.96685,0.9668200000000001,0
0.9668700000000001,0.9668399999999999,0.96683,0
0.9668700000000001,0.96683,0.9668399999999999,0
0.9668700000000001,0.9668200000000001,0.96685,0
0.9668700000000001,0.9668200000000001,0.96686,0
0.96686,0.9668200000000001,0.9668700000000001,0
0.96685,0.9668200000000001,0.9668700000000001,0
0.9668399999999999,0.96683,0.9668700000000001,0
0.96683,0.9668399999999999,0.9668700000000001,0
0.9668200000000001,0.96685,0.9668700000000001,0
0.9668200000000001,0.96686,0.96686,0
0.9668200000000001,0.9668700000000001,0.96685,0
0.96683,0.9668700000000001,0.9668399999999999,0
0.9668399999999999,0.9668700000000001,0.96683,0
0.96685,0.9668700000000001,0.9668200000000001,0
0.96686,0.9668700000000001,0.9668200000000001,0
0.9668700000000001,0.96686,0.9668200000000001,0
0.9668700000000001,0.96685,0.9668200000000001,0
0.9668700000000001,0.9668399999999999,0.96683,0
0.9668700000000001,0.96683,0.9668399999999999,0
0.9668700000000001,0.9668200000000001,0.96685,0
0.96686,0.9668200000000001,0.96686,0
0.96685,0.9668200000000001,0.9668700000000001,0
0.9668399999999999,0.96683,0.9668700000000001,0
0.96683,0.96683,0.9668700000000001,0
0.96683,0.9668399999999999,0.9668700000000001,0
0.9668200000000001,0.96686,0.9668700000000001,0
0.9668200000000001,0.96686,0.96686,0
0.9668200000000001,0.9668700000000001,0.96685,0
0.96683,0.9668700000000001,0.9668399999999999,0
0.9668399999999999,0.9668700000000001,0.96683,0
0.96685,0.9668700000000001,0.9668200000000001,0
0.96686,0.96686,0.9668200000000001,0
0.9668700000000001,0.96685,0.9668200000000001,0
0.9668700000000001,0.9668399999999999,0.96683,0
0.9668700000000001,0.96683,0.96683,0
0.9668700000000001,0.96683,0.9668399999999999,0
0.9668700000000001,0.9668200000000001,0.96685,0
0.96686,0.9668200000000001,0.96686,0
0.96685,0.9668200000000001,0.9668700000000001,0
0.9668399999999999,0.96683,0.9668700000000001,0
0.96683,0.9668399999999999,0.9668700000000001,0
0.9668200000000001,0.96685,0.9668700000000001,0
0.9668200000000001,0.96686,0.96686,0
0.9668200000000001,0.9668700000000001,0.96686,0
0.9668200000000001,0.9668700000000001,0.96685,0
0.96683,0.9668700000000001,0.9668399999999999,0
0.9668399999999999,0.9668700000000001,0.96683,0
0.96685,0.9668700000000001,0.9668200000000001,0
0.96686,0.96686,0.9668200000000001,0
0.9668700000000001,0.96685,0.9668200000000001,0
0.9668700000000001,0.9668399999999999,0.96683,0
0.9668700000000001,0.96683,0.9668399999999999,0
0.9668700000000001,0.9668200000000001,0.96685,0
0.9668700000000001,0.9668200000000001,0.96686,0
0.96686,0.9668200000000001,0.9668700000000001,0
0.96685,0.9668200000000001,0.9668700000000001,0
0.9668399999999999,0.96683,0.9668700000000001,0
0.96683,0.9668399999999999,0.9668700000000001,0
0.9668200000000001,0.96685,0.9668700000000001,0
0.9668200000000001,0.96686,0.96686,0
0.9668200000000001,0.9668700000000001,0.96685,0
0.96683,0.9668700000000001,0.9668399999999999,0
0.9668399999999999,0.9668700000000001,0.96683,0
0.96685,0.9668700000000001,0.9668200000000001,0
0.96686,0.9668700000000001,0.9668200000000001,0
0.96686,0.96686,0.9668200000000001,0
0.9668700000000001,0.96685,0.9668200000000001,0
0.9668700000000001,0.9668399999999999,0.96683,0
0.9668700000000001,0.96683,0.9668399999999999,0
0.9668700000000001,0.9668200000000001,0.96685,0
0.96686,0.9668200000000001,0.96686,0
0.96685,0.9668200000000001,0.9668700000000001,0
0.9668399999999999,0.96683,0.9668700000000001,0
0.96683,0.96683,0.9668700000000001,0
0.9668200000000001,0.9668399999999999,0.9668700000000001,0
0.9668200000000001,0.96685,0.9668700000000001,0
0.9668200000000001,0.96686,0.96686,0
0.9668200000000001,0.9668700000000001,0.96685,0
0.96683,0.9668700000000001,0.9668399999999999,0
0.9668399999999999,0.9668700000000001,0.96683,0
0.96685,0.9668700000000001,0.9668200000000001,0
0.96686,0.96686,0.9668200000000001,0
0.9668700000000001,0.96685,0.9668200000000001,0
0.9668700000000001,0.9668399999999999,0.9668200000000001,0
0.9668700000000001,0.96683,0.96683,0
0.9668700000000001,0.96683,0.9668399999999999,0
0.9668700000000001,0.9668200000000001,0.96685,0
0.96686,0.9668200000000001,0.96686,0
0.96685,0.9668200000000001,0.9668700000000001,0
0.9668399999999999,0.96683,0.9668700000000001,0
0.96683,0.9668399999999999,0.9668700000000001,0
0.9668200000000001,0.96685,0.9668700000000001,0
0.9668200000000001,0.96686,0.96686,0
0.9668200000000001,0.9668700000000001,0.96686,0
0.9668200000000001,0.9668700000000001,0.9668399999999999,0
0.96683,0.9668700000000001,0.96683,0
0.9668399999999999,0.9668700000000001,0.96683,0
0.96685,0.9668700000000001,0.9668200000000001,0
0.96686,0.96686,0.9668200000000001,0
0.9668700000000001,0.96685,0.9668200000000001,0
0.9668700000000001,0.9668399999999999,0.96683,0
0.9668700000000001,0.96683,0.9668399999999999,0
0.9668700000000001,0.9668200000000001,0.96685,0
0.96686,0.9668200000000001,0.96686,0
0.96686,0.9668200000000001,0.9668700000000001,0
0.96685,0.9668200000000001,0.9668700000000001,0
0.9668399999999999,0.96683,0.9668700000000001,0
0.96683,0.9668399999999999,0.9668700000000001,0
0.9668200000000001,0.96685,0.9668700000000001,0
0.9668200000000001,0.96686,0.96686,0
0.9668200000000001,0.9668700000000001,0.96685,0
0.96683,0.9668700000000001,0.9668399999999999,0
0.96683,0.9668700000000001,0.96683,0
0.96685,0.9668700000000001,0.9668200000000001,0
0.96686,0.9668700000000001,0.9668200000000001,0
0.96686,0.96686,0.9668200000000001,0
0.9668700000000001,0.96685,0.9668200000000001,0
0.9668700000000001,0.9668399999999999,0.96683,0
0.9668700000000001,0.96683,0.9668399999999999,0
0.9668700000000001,0.9668200000000001,0.96685,0
0.96686,0.9668200000000001,0.96686,0
0.96685,0.9668200000000001,0.9668700000000001,0
0.9668399999999999,0.96683,0.9668700000000001,0
0.96683,0.96683,0.9668700000000001,0
0.9668200000000001,0.9668399999999999,0.9668700000000001,0
0.9668200000000001,0.96685,0.9668700000000001,0
0.9668200000000001,0.96686,0.96686,0
0.9668200000000001,0.9668700000000001,0.96685,0
0.96683,0.9668700000000001,0.9668399999999999,0
0.9668399999999999,0.9668700000000001,0.96683,0
0.96685,0.9668700000000001,0.9668200000000001,0
0.96686,0.96686,0.9668200000000001,0
0.9668700000000001,0.96685,0.9668200000000001,0
0.9668700000000001,0.9668399999999999,0.9668200000000001,0
0.9668700000000001,0.96683,0.96683,0
0.9668700000000001,0.9668200000000001,0.9668399999999999,0
0.9668700000000001,0.9668200000000001,0.96685,0
0.96686,0.9668200000000001,0.96686,0
0.96685,0.9668200000000001,0.9668700000000001,0
0.9668399999999999,0.96683,0.9668700000000001,0
0.96683,0.9668399999999999,0.9668700000000001,0
0.9668200000000001,0.96685,0.9668700000000001,0
0.9668200000000001,0.96686,0.96686,0
0.9668200000000001,0.9668700000000001,0.96685,0
0.9668200000000001,0.9668700000000001,0.9668399999999999,0
0.96683,0.9668700000000001,0.96683,0
0.9668399999999999,0.9668700000000001,0.96683,0
0.96685,0.9668700000000001,0.9668200000000001,0
0.96686,0.96686,0.9668200000000001,0
0.9668700000000001,0.96685,0.9668200000000001,0
0.9668700000000001,0.9668399999999999,0.96683,0
0.9668700000000001,0.96683,0.9668399999999999,0
0.9668700000000001,0.9668200000000001,0.96685,0
0.96686,0.9668200000000001,0.96686,0
0.96686,0.9668200000000001,0.96686,0
0.96685,0.9668200000000001,0.9668700000000001,0
0.96683,0.96683,0.9668700000000001,0
0.96683,0.9668399999999999,0.9668700000000001,0
0.9668200000000001,0.96685,0.9668700000000001,0
0.9668200000000001,0.96686,0.96686,0
0.9668200000000001,0.9668700000000001,0.96685,0
0.96683,0.9668700000000001,0.9668399999999999,0
0.96683,0.9668700000000001,0.96683,0
0.9668399999999999,0.9668700000000001,0.9668200000000001,0
0.96685,0.96686,0.9668200000000001,0
0.96686,0.96686,0.9668200000000001,0
0.9668700000000001,0.96685,0.9668200000000001,0
0.9668700000000001,0.9668399999999999,0.96683,0
0.9668700000000001,0.96683,0.9668399999999999,0
0.9668700000000001,0.9668200000000001,0.96685,0
0.96686,0.9668200000000001,0.96686,0
0.96685,0.9668200000000001,0.9668700000000001,0
0.9668399999999999,0.9668200000000001,0.9668700000000001,0
0.96683,0.96683,0.9668700000000001,0
0.9668200000000001,0.9668399999999999,0.9668700000000001,0
0.9668200000000001,0.96685,0.9668700000000001,0
0.9668200000000001,0.96686,0.96686,0
0.9668200000000001,0.9668700000000001,0.96685,0
0.96683,0.9668700000000001,0.9668399999999999,0
0.9668399999999999,0.9668700000000001,0.96683,0
0.96685,0.9668700000000001,0.9668200000000001,0
0.96686,0.96686,0.9668200000000001,0
0.9668700000000001,0.96685,0.9668200000000001,0
0.9668700000000001,0.9668399999999999,0.9668200000000001,0
0.9668700000000001,0.96683,0.96683,0
0.9668700000000001,0.9668200000000001,0.9668399999999999,0
0.9668700000000001,0.9668200000000001,0.96685,0
0.96686,0.9668200000000001,0.96686,0
0.96685,0.9668200000000001,0.9668700000000001,0
0.9668399999999999,0.96683,0.9668700000000001,0
0.96683,0.9668399999999999,0.9668700000000001,0
0.9668200000000001,0.96685,0.9668700000000001,0
0.9668200000000001,0.96686,0.96686,0
0.9668200000000001,0.96686,0.96685,0
0.9668200000000001,0.9668700000000001,0.9668399999999999,0
0.96683,0.9668700000000001,0.96683,0
0.9668399999999999,0.9668700000000001,0.9668200000000001,0
0.96685,0.9668700000000001,0.9668200000000001,0
0.96686,0.96686,0.9668200000000001,0
0.9668700000000001,0.96685,0.9668200000000001,0
0.9668700000000001,0.9668399999999999,0.96683,0
0.9668700000000001,0.96683,0.96683,0
0.9668700000000001,0.9668200000000001,0.96685,0
0.96686,0.9668200000000001,0.96686,0
0.96685,0.9668200000000001,0.96686,0
0.9668399999999999,0.9668200000000001,0.9668700000000001,0
0.96683,0.96683,0.9668700000000001,0
0.96683,0.9668399999999999,0.9668700000000001,0
0.9668200000000001,0.96685,0.9668700000000001,0
0.9668200000000001,0.96686,0.96686,0
0.9668200000000001,0.9668700000000001,0.96685,0
0.9668200000000001,0.9668700000000001,0.9668399999999999,0
0.96683,0.9668700000000001,0.96683,0
0.9668399999999999,0.9668700000000001,0.9668200000000001,0
0.96685,0.96686,0.9668200000000001,0
0.96686,0.96686,0.9668200000000001,0
0.9668700000000001,0.96685,0.9668200000000001,0
0.9668700000000001,0.9668399999999999,0.96683,0
0.9668700000000001,0.96683,0.9668399999999999,0
0.9668700000000001,0.9668200000000001,0.96685,0
0.96686,0.9668200000000001,0.96686,0
0.96685,0.9668200000000001,0.9668700000000001,0
0.9668399999999999,0.9668200000000001,0.9668700000000001,0
0.96683,0.96683,0.9668700000000001,0
0.9668200000000001,0.9668399999999999,0.9668700000000001,0
0.9668200000000001,0.96685,0.96686,0
0.9668200000000001,0.96686,0.96686,0
0.9668200000000001,0.9668700000000001,0.96685,0
0.96683,0.9668700000000001,0.9668399999999999,0
0.9668399999999999,0.9668700000000001,0.96683,0
0.96685,0.9668700000000001,0.9668200000000001,0
0.96686,0.96686,0.9668200000000001,0
0.96686,0.96685,0.9668200000000001,0
0.9668700000000001,0.9668399999999999,0.9668200000000001,0
0.9668700000000001,0.96683,0.96683,0
0.9668700000000001,0.9668200000000001,0.9668399999999999,0
0.9668700000000001,0.9668200000000001,0.96685,0
0.96686,0.9668200000000001,0.96686,0
0.96685,0.9668200000000001,0.9668700000000001,0
0.9668399999999999,0.96683,0.9668700000000001,0
0.96683,0.9668399999999999,0.9668700000000001,0
0.9668200000000001,0.96685,0.9668700000000001,0
0.9668200000000001,0.96686,0.96686,0
0.9668200000000001,0.96686,0.96685,0
0.9668200000000001,0.9668700000000001,0.9668399999999999,0
0.96683,0.9668700000000001,0.96683,0
0.9668399999999999,0.9668700000000001,0.9668200000000001,0
0.96685,0.9668700000000001,0.9668200000000001,0
0.96686,0.96686,0.9668200000000001,0
0.9668700000000001,0.96685,0.9668200000000001,0
0.9668700000000001,0.9668399999999999,0.9668200000000001,0
0.9668700000000001,0.96683,0.96683,0
0.9668700000000001,0.9668200000000001,0.9668399999999999,0
0.96686,0.9668200000000001,0.96685,0
0.96685,0.9668200000000001,0.96686,0
0.9668399999999999,0.9668200000000001,0.9668700000000001,0
0.96683,0.96683,0.9668700000000001,0
0.9668200000000001,0.9668399999999999,0.9668700000000001,0
0.9668200000000001,0.96685,0.9668700000000001,0
0.9668200000000001,0.96686,0.96686,0
0.9668200000000001,0.9668700000000001,0.96685,0
0.9668200000000001,0.9668700000000001,0.9668399999999999,0
0.96683,0.9668700000000001,0.96683,0
0.9668399999999999,0.9668700000000001,0.9668200000000001,0
0.96685,0.96686,0.9668200000000001,0
0.96686,0.96685,0.9668200000000001,0
0.9668700000000001,0.9668399999999999,0.9668200000000001,0
0.9668700000000001,0.96683,0.96683,0
0.9668700000000001,0.96683,0.9668399999999999,0
0.9668700000000001,0.9668200000000001,0.96685,0
0.96686,0.9668200000000001,0.96686,0
0.96685,0.9668200000000001,0.9668700000000001,0
0.9668399999999999,0.9668200000000001,0.9668700000000001,0
0.96683,0.96683,0.9668700000000001,0
0.9668200000000001,0.9668399999999999,0.9668700000000001,0
0.9668200000000001,0.96685,0.96686,0
0.9668200000000001,0.96686,0.96686,0
0.9668200000000001,0.9668700000000001,0.96685,0
0.96683,0.9668700000000001,0.9668399999999999,0
0.9668399999999999,0.9668700000000001,0.96683,0
0.96685,0.9668700000000001,0.9668200000000001,0
0.96686,0.96686,0.9668200000000001,0
0.96686,0.96685,0.9668200000000001,0
0.9668700000000001,0.9668399999999999,0.9668200000000001,0
0.9668700000000001,0.96683,0.96683,0
0.9668700000000001,0.9668200000000001,0.9668399999999999,0
0.96686,0.9668200000000001,0.96685,0
0.96686,0.9668200000000001,0.96686,0
0.96685,0.9668200000000001,0.9668700000000001,0
0.9668399999999999,0.96683,0.9668700000000001,0
0.96683,0.96683,0.9668700000000001,0
0.9668200000000001,0.9668399999999999,0.9668700000000001,0
0.9668200000000001,0.96685,0.96686,0
0.9668200000000001,0.96686,0.96685,0
0.9668200000000001,0.9668700000000001,0.9668399999999999,0
0.96683,0.9668700000000001,0.96683,0
0.9668399999999999,0.9668700000000001,0.9668200000000001,0
0.96685,0.96686,0.9668200000000001,0
0.96686,0.96686,0.9668200000000001,0
0.9668700000000001,0.96685,0.9668200000000001,0
0.9668700000000001,0.9668399999999999,0.9668200000000001,0
0.9668700000000001,0.96683,0.96683,0
0.9668700000000001,0.9668200000000001,0.9668399999999999,0
0.96686,0.9668200000000001,0.96685,0
0.96685,0.9668200000000001,0.96686,0
0.9668399999999999,0.9668200000000001,0.9668700000000001,0
0.96683,0.96683,0.9668700000000001,0
0.9668200000000001,0.9668399999999999,0.9668700000000001,0
0.9668200000000001,0.96685,0.9668700000000001,0
0.9668200000000001,0.96686,0.96686,0
0.9668200000000001,0.9668700000000001,0.96685,0
0.9668200000000001,0.9668700000000001,0.9668399999999999,0
0.96683,0.9668700000000001,0.96683,0
0.9668399999999999,0.9668700000000001,0.9668200000000001,0
0.96685,0.96686,0.9668200000000001,0
0.96686,0.96685,0.9668200000000001,0
0.9668700000000001,0.9668399999999999,0.9668200000000001,0
0.9668700000000001,0.96683,0.96683,0
0.9668700000000001,0.9668200000000001,0.9668399999999999,0
0.9668700000000001,0.9668200000000001,0.96685,0
0.96686,0.9668200000000001,0.96686,0
0.96685,0.9668200000000001,0.96686,0
0.9668399999999999,0.9668200000000001,0.9668700000000001,0
0.96683,0.96683,0.9668700000000001,0
0.9668200000000001,0.9668399999999999,0.9668700000000001,0
0.9668200000000001,0.96685,0.96686,0
0.9668200000000001,0.96686,0.96685,0
0.9668200000000001,0.9668700000000001,0.9668399999999999,0
0.96683,0.9668700000000001,0.96683,0
0.9668399999999999,0.9668700000000001,0.96683,0
0.96685,0.9668700000000001,0.9668200000000001,0
0.96686,0.96686,0.9668200000000001,0
0.96686,0.96685,0.9668200000000001,0
0.9668700000000001,0.9668399999999999,0.9668200000000001,0
0.9668700000000001,0.96683,0.96683,0
0.9668700000000001,0.9668200000000001,0.9668399999999999,0
0.96686,0.9668200000000001,0.96685,0
0.96686,0.9668100000000001,0.96686,0
0.96685,0.9668200000000001,0.9668700000000001,0
0.9668399999999999,0.9668200000000001,0.9668700000000001,0
0.96683,0.96683,0.9668700000000001,0
0.9668200000000001,0.9668399999999999,0.9668700000000001,0
0.9668200000000001,0.96685,0.96686,0
0.9668200000000001,0.96686,0.96685,0
0.9668200000000001,0.9668700000000001,0.9668399999999999,0
0.96683,0.9668700000000001,0.96683,0
0.9668399999999999,0.9668700000000001,0.9668200000000001,0
0.96685,0.96686,0.9668200000000001,0
0.96686,0.96686,0.9668100000000001,0
0.9668700000000001,0.96685,0.9668200000000001,0
0.9668700000000001,0.9668399999999999,0.9668200000000001,0
0.9668700000000001,0.96683,0.96683,0
0.9668700000000001,0.9668200000000001,0.9668399999999999,0
0.96686,0.9668200000000001,0.96685,0
0.96685,0.9668200000000001,0.96686,0
0.9668399999999999,0.9668200000000001,0.9668700000000001,0
0.96683,0.96683,0.9668700000000001,0
0.9668200000000001,0.9668399999999999,0.9668700000000001,0
0.9668200000000001,0.96685,0.96686,0
0.9668100000000001,0.96686,0.96686,0
0.9668200000000001,0.96686,0.96685,0
0.9668200000000001,0.9668700000000001,0.9668399999999999,0
0.96683,0.9668700000000001,0.96683,0
0.9668399999999999,0.9668700000000001,0.9668200000000001,0
0.96685,0.96686,0.9668200000000001,0
0.96686,0.96685,0.9668100000000001,0
0.9668700000000001,0.9668399999999999,0.9668200000000001,0
0.9668700000000001,0.96683,0.96683,0
0.9668700000000001,0.9668200000000001,0.9668399999999999,0
0.96686,0.9668200000000001,0.96685,0
0.96686,0.9668100000000001,0.96686,0
0.96685,0.9668200000000001,0.96686,0
0.9668399999999999,0.9668200000000001,0.9668700000000001,0
0.96683,0.96683,0.9668700000000001,0
0.9668200000000001,0.9668399999999999,0.9668700000000001,0
0.9668200000000001,0.96685,0.96686,0
0.9668100000000001,0.96686,0.96685,0
0.9668200000000001,0.9668700000000001,0.9668399999999999,0
0.9668200000000001,0.9668700000000001,0.96683,0
0.96683,0.9668700000000001,0.9668200000000001,0
0.9668399999999999,0.9668700000000001,0.9668200000000001,0
0.96685,0.96686,0.9668100000000001,0
0.96686,0.96685,0.9668200000000001,0
0.9668700000000001,0.9668399999999999,0.9668200000000001,0
0.9668700000000001,0.96683,0.96683,0
0.9668700000000001,0.9668200000000001,0.9668399999999999,0
0.96686,0.9668200000000001,0.96685,0
0.96685,0.9668100000000001,0.96686,0
0.9668399999999999,0.9668200000000001,0.9668700000000001,0
0.96683,0.9668200000000001,0.9668700000000001,0
0.96683,0.96683,0.9668700000000001,0
0.9668200000000001,0.9668399999999999,0.9668700000000001,0
0.9668100000000001,0.96685,0.96686,0
0.9668100000000001,0.96686,0.96685,0
0.9668200000000001,0.9668700000000001,0.9668399999999999,0
0.96683,0.9668700000000001,0.96683,0
0.9668399999999999,0.9668700000000001,0.9668200000000001,0
0.96685,0.96686,0.9668200000000001,0
0.96686,0.96686,0.9668100000000001,0
0.96686,0.96685,0.9668200000000001,0
0.9668700000000001,0.9668399999999999,0.9668200000000001,0
0.9668700000000001,0.96683,0.96683,0
0.9668700000000001,0.9668200000000001,0.9668399999999999,0
0.96686,0.9668100000000001,0.96685,0
0.96685,0.9668100000000001,0.96686,0
0.9668399999999999,0.9668200000000001,0.9668700000000001,0
0.96683,0.96683,0.9668700000000001,0
0.9668200000000001,0.9668399999999999,0.9668700000000001,0
0.9668200000000001,0.96685,0.96686,0
0.9668100000000001,0.96686,0.96686,0
0.9668200000000001,0.96686,0.96685,0
0.9668200000000001,0.9668700000000001,0.9668399999999999,0
0.96683,0.9668700000000001,0.96683,0
0.9668399999999999,0.9668700000000001,0.9668200000000001,0
0.96685,0.96686,0.9668100000000001,0
0.96686,0.96685,0.9668100000000001,0
0.9668700000000001,0.9668399999999999,0.9668200000000001,0
0.9668700000000001,0.96683,0.96683,0
0.9668700000000001,0.9668200000000001,0.96683,0
0.96686,0.9668200000000001,0.96685,0
0.96686,0.9668100000000001,0.96686,0
0.96685,0.9668200000000001,0.96686,0
0.9668399999999999,0.9668200000000001,0.9668700000000001,0
0.96683,0.96683,0.9668700000000001,0
0.9668200000000001,0.9668399999999999,0.9668700000000001,0
0.9668100000000001,0.96685,0.96686,0
0.9668100000000001,0.96686,0.96685,0
0.9668200000000001,0.9668700000000001,0.9668399999999999,0
0.9668200000000001,0.9668700000000001,0.96683,0
0.96683,0.9668700000000001,0.9668200000000001,0
0.9668399999999999,0.96686,0.9668200000000001,0
0.96685,0.96686,0.9668100000000001,0
0.96686,0.96685,0.9668100000000001,0
0.9668700000000001,0.9668399999999999,0.9668200000000001,0
0.9668700000000001,0.96683,0.96683,0
0.9668700000000001,0.9668200000000001,0.9668399999999999,0
0.96686,0.9668100000000001,0.96685,0
0.96685,0.9668100000000001,0.96686,0
0.9668399999999999,0.9668200000000001,0.96686,0
0.96683,0.9668200000000001,0.9668700000000001,0
0.9668200000000001,0.96683,0.9668700000000001,0
0.9668200000000001,0.9668399999999999,0.9668700000000001,0
0.9668100000000001,0.96685,0.96686,0
0.9668100000000001,0.96686,0.96685,0
0.9668200000000001,0.9668700000000001,0.9668399999999999,0
0.96683,0.9668700000000001,0.96683,0
0.9668399999999999,0.9668700000000001,0.9668200000000001,0
0.96685,0.96686,0.9668200000000001,0
0.96686,0.96685,0.9668100000000001,0
0.96686,0.96685,0.9668200000000001,0
0.9668700000000001,0.96683,0.9668200000000001,0
0.9668700000000001,0.96683,0.96683,0
0.9668700000000001,0.9668200000000001,0.9668399999999999,0
0.96686,0.9668100000000001,0.96685,0
0.96685,0.9668100000000001,0.96686,0
0.9668399999999999,0.9668200000000001,0.9668700000000001,0
0.96683,0.96683,0.9668700000000001,0
0.9668200000000001,0.9668399999999999,0.9668700000000001,0
0.9668200000000001,0.96685,0.96686,0
0.9668100000000001,0.96686,0.96686,0
0.9668200000000001,0.96686,0.96685,0
0.9668200000000001,0.9668700000000001,0.9668399999999999,0
0.96683,0.9668700000000001,0.96683,0
0.9668399999999999,0.9668700000000001,0.9668200000000001,0
0.96685,0.96686,0.9668100000000001,0
0.96686,0.96685,0.9668100000000001,0
0.9668700000000001,0.9668399999999999,0.9668200000000001,0
0.9668700000000001,0.96683,0.9668200000000001,0
0.9668700000000001,0.9668200000000001,0.96683,0
0.96686,0.9668200000000001,0.9668399999999999,0
0.96686,0.9668100000000001,0.96685,0
0.96685,0.9668100000000001,0.96686,0
0.9668399999999999,0.9668200000000001,0.9668700000000001,0
0.96683,0.96683,0.9668700000000001,0
0.9668200000000001,0.9668399999999999,0.9668700000000001,0
0.9668100000000001,0.96685,0.96686,0
0.9668100000000001,0.96686,0.96685,0
0.9668200000000001,0.96686,0.9668399999999999,0
0.9668200000000001,0.9668700000000001,0.96683,0
0.96683,0.9668700000000001,0.9668200000000001,0
0.9668399999999999,0.96686,0.9668200000000001,0
0.96685,0.96686,0.9668100000000001,0
0.96686,0.96685,0.9668100000000001,0
0.9668700000000001,0.9668399999999999,0.9668200000000001,0
0.9668700000000001,0.96683,0.96683,0
0.9668700000000001,0.9668200000000001,0.9668399999999999,0
0.96686,0.9668100000000001,0.96685,0
0.96685,0.9668100000000001,0.96686,0
0.9668399999999999,0.9668200000000001,0.96686,0
0.96683,0.9668200000000001,0.9668700000000001,0
0.9668200000000001,0.96683,0.9668700000000001,0
0.9668200000000001,0.9668399999999999,0.96686,0
0.9668100000000001,0.96685,0.96686,0
0.9668100000000001,0.96686,0.96685,0
0.9668200000000001,0.9668700000000001,0.9668399999999999,0
0.96683,0.9668700000000001,0.96683,0
0.9668399999999999,0.9668700000000001,0.9668200000000001,0
0.96685,0.96686,0.9668100000000001,0
0.96686,0.96685,0.9668100000000001,0
0.96686,0.9668399999999999,0.9668200000000001,0
0.9668700000000001,0.96683,0.9668200000000001,0
0.9668700000000001,0.9668200000000001,0.96683,0
0.96686,0.9668200000000001,0.9668399999999999,0
0.96686,0.9668100000000001,0.96685,0
0.96685,0.9668100000000001,0.96686,0
0.9668399999999999,0.9668200000000001,0.9668700000000001,0
0.96683,0.96683,0.9668700000000001,0
0.9668200000000001,0.9668399999999999,0.9668700000000001,0
0.9668100000000001,0.96685,0.96686,0
0.9668100000000001,0.96686,0.96686,0
0.9668100000000001,0.96686,0.96685,0
0.9668200000000001,0.9668700000000001,0.9668399999999999,0
0.96683,0.9668700000000001,0.96683,0
0.9668399999999999,0.9668700000000001,0.9668200000000001,0
0.96685,0.96686,0.9668100000000001,0
0.96686,0.96685,0.9668100000000001,0
0.96686,0.9668399999999999,0.9668200000000001,0
0.9668700000000001,0.96683,0.9668200000000001,0
0.9668700000000001,0.9668200000000001,0.96683,0
0.96686,0.9668200000000001,0.9668399999999999,0
0.96686,0.9668100000000001,0.96685,0
0.96685,0.9668100000000001,0.96686,0
0.9668399999999999,0.9668200000000001,0.9668700000000001,0
0.96683,0.96683,0.9668700000000001,0
0.9668200000000001,0.9668399999999999,0.9668700000000001,0
0.9668100000000001,0.96685,0.96686,0
0.9668100000000001,0.96686,0.96685,0
0.9668200000000001,0.96686,0.9668399999999999,0
0.9668200000000001,0.9668700000000001,0.96683,0
0.96683,0.9668700000000001,0.9668200000000001,0
0.9668399999999999,0.96686,0.9668200000000001,0
0.96685,0.96686,0.9668100000000001,0
0.96686,0.96685,0.9668100000000001,0
0.9668700000000001,0.9668399999999999,0.9668200000000001,0
0.9668700000000001,0.96683,0.96683,0
0.9668700000000001,0.9668200000000001,0.9668399999999999,0
0.96686,0.9668100000000001,0.96685,0
0.96685,0.9668100000000001,0.96686,0
0.9668399999999999,0.9668200000000001,0.96686,0
0.96683,0.9668200000000001,0.9668700000000001,0
0.9668200000000001,0.96683,0.9668700000000001,0
0.9668200000000001,0.9668399999999999,0.96686,0
0.9668100000000001,0.96685,0.96686,0
0.9668100000000001,0.96686,0.96685,0
0.9668200000000001,0.9668700000000001,0.9668399999999999,0
0.96683,0.9668700000000001,0.96683,0
0.9668399999999999,0.9668700000000001,0.9668200000000001,0
0.96685,0.96686,0.9668100000000001,0
0.96686,0.96685,0.9668100000000001,0
0.96686,0.9668399999999999,0.9668100000000001,0
0.9668700000000001,0.96683,0.9668200000000001,0
0.9668700000000001,0.9668200000000001,0.96683,0
0.96686,0.9668200000000001,0.9668399999999999,0
0.96686,0.9668100000000001,0.96685,0
0.96685,0.9668100000000001,0.96686,0
0.9668399999999999,0.9668200000000001,0.9668700000000001,0
0.96683,0.9668200000000001,0.9668700000000001,0
0.9668200000000001,0.96683,0.9668700000000001,0
0.9668100000000001,0.96685,0.96686,0
0.9668100000000001,0.96685,0.96685,0
0.9668100000000001,0.96686,0.96685,0
0.9668200000000001,0.9668700000000001,0.96683,0
0.96683,0.9668700000000001,0.9668200000000001,0
0.9668399999999999,0.96686,0.9668200000000001,0
0.96685,0.96686,0.9668100000000001,0
0.96686,0.96685,0.9668100000000001,0
0.96686,0.9668399999999999,0.9668200000000001,0
0.9668700000000001,0.96683,0.9668200000000001,0
0.9668700000000001,0.9668200000000001,0.96683,0
0.96686,0.9668100000000001,0.9668399999999999,0
0.96686,0.9668100000000001,0.96685,0
0.96685,0.9668100000000001,0.96686,0
0.9668399999999999,0.9668200000000001,0.9668700000000001,0
0.96683,0.96683,0.9668700000000001,0
0.9668200000000001,0.9668399999999999,0.9668700000000001,0
0.9668100000000001,0.96685,0.96686,0
0.9668100000000001,0.96686,0.96685,0
0.9668200000000001,0.96686,0.9668399999999999,0
0.9668200000000001,0.9668700000000001,0.96683,0
0.96683,0.9668700000000001,0.9668200000000001,0
0.9668399999999999,0.96686,0.9668200000000001,0
0.96685,0.96686,0.9668100000000001,0
0.96686,0.96685,0.9668100000000001,0
0.9668700000000001,0.9668399999999999,0.9668200000000001,0
0.9668700000000001,0.96683,0.96683,0
0.9668700000000001,0.9668200000000001,0.9668399999999999,0
0.96686,0.9668100000000001,0.96685,0
0.96685,0.9668100000000001,0.96686,0
0.9668399999999999,0.9668200000000001,0.96686,0
0.96683,0.9668200000000001,0.9668700000000001,0
0.9668200000000001,0.96683,0.9668700000000001,0
0.9668200000000001,0.9668399999999999,0.96686,0
0.9668100000000001,0.96685,0.96686,0
0.9668100000000001,0.96686,0.96685,0
0.9668200000000001,0.9668700000000001,0.9668399999999999,0
0.96683,0.9668700000000001,0.96683,0
0.9668399999999999,0.9668700000000001,0.9668200000000001,0
0.96685,0.96686,0.9668100000000001,0
0.96686,0.96685,0.9668100000000001,0
0.96686,0.9668399999999999,0.9668100000000001,0
0.9668700000000001,0.96683,0.9668200000000001,0
0.9668700000000001,0.9668200000000001,0.96683,0
0.96686,0.9668200000000001,0.9668399999999999,0
0.96686,0.9668100000000001,0.96685,0
0.96685,0.9668100000000001,0.96686,0
0.9668399999999999,0.9668200000000001,0.96686,0
0.96683,0.9668200000000001,0.9668700000000001,0
0.9668200000000001,0.96683,0.9668700000000001,0
0.9668100000000001,0.9668399999999999,0.96686,0
0.9668100000000001,0.96685,0.96685,0
0.9668100000000001,0.96686,0.9668399999999999,0
0.9668200000000001,0.9668700000000001,0.96683,0
0.96683,0.9668700000000001,0.9668200000000001,0
0.9668399999999999,0.96686,0.9668200000000001,0
0.96685,0.96686,0.9668100000000001,0
0.96686,0.96685,0.9668100000000001,0
0.96686,0.9668399999999999,0.9668200000000001,0
0.9668700000000001,0.96683,0.9668200000000001,0
0.9668700000000001,0.9668200000000001,0.96683,0
0.96686,0.9668100000000001,0.9668399999999999,0
0.96686,0.9668100000000001,0.96685,0
0.96685,0.9668100000000001,0.96686,0
0.9668399999999999,0.9668200000000001,0.9668700000000001,0
0.96683,0.96683,0.9668700000000001,0
0.9668200000000001,0.9668399999999999,0.96686,0
0.9668100000000001,0.96685,0.96686,0
0.9668100000000001,0.96686,0.96685,0
0.9668200000000001,0.96686,0.9668399999999999,0
0.9668200000000001,0.9668700000000001,0.96683,0
0.96683,0.9668700000000001,0.9668200000000001,0
0.9668399999999999,0.96686,0.9668100000000001,0
0.96685,0.96686,0.9668100000000001,0
0.96686,0.96685,0.9668100000000001,0
0.9668700000000001,0.9668399999999999,0.9668200000000001,0
0.9668700000000001,0.96683,0.96683,0
0.9668700000000001,0.9668200000000001,0.9668399999999999,0
0.96686,0.9668100000000001,0.96685,0
0.96685,0.9668100000000001,0.96686,0
0.9668399999999999,0.9668100000000001,0.96686,0
0.96683,0.9668200000000001,0.9668700000000001,0
0.9668200000000001,0.96683,0.9668700000000001,0
0.9668200000000001,0.9668399999999999,0.96686,0
0.9668100000000001,0.96685,0.96686,0
0.9668100000000001,0.96686,0.96685,0
0.9668200000000001,0.9668700000000001,0.9668399999999999,0
0.96683,0.9668700000000001,0.96683,0
0.9668399999999999,0.9668700000000001,0.9668200000000001,0
0.96685,0.96686,0.9668100000000001,0
0.96686,0.96685,0.9668100000000001,0
0.96686,0.9668399999999999,0.9668100000000001,0
0.9668700000000001,0.96683,0.9668200000000001,0
0.9668700000000001,0.9668200000000001,0.96683,0
0.96686,0.9668200000000001,0.9668399999999999,0
0.96686,0.9668100000000001,0.96685,0
0.96685,0.9668100000000001,0.96686,0
0.9668399999999999,0.9668200000000001,0.96686,0
0.96683,0.9668200000000001,0.9668700000000001,0
0.9668200000000001,0.96683,0.9668700000000001,0
0.9668100000000001,0.9668399999999999,0.96686,0
0.9668100000000001,0.96685,0.96685,0
0.9668100000000001,0.96686,0.9668399999999999,0
0.9668200000000001,0.9668700000000001,0.96683,0
0.96683,0.9668700000000001,0.9668200000000001,0
0.9668399999999999,0.96686,0.9668200000000001,0
0.96685,0.96686,0.9668100000000001,0
0.96686,0.96685,0.9668100000000001,0
0.96686,0.9668399999999999,0.9668200000000001,0
0.9668700000000001,0.96683,0.9668200000000001,0
0.9668700000000001,0.9668200000000001,0.96683,0
0.96686,0.9668100000000001,0.9668399999999999,0
0.96685,0.9668100000000001,0.96685,0
0.96685,0.9668100000000001,0.96686,0
0.9668399999999999,0.9668200000000001,0.9668700000000001,0
0.96683,0.96683,0.9668700000000001,0
0.9668200000000001,0.9668399999999999,0.96686,0
0.9668100000000001,0.96685,0.96686,0
0.9668100000000001,0.96686,0.96685,0
0.9668200000000001,0.96686,0.9668399999999999,0
0.9668200000000001,0.9668700000000001,0.96683,0
0.96683,0.9668700000000001,0.9668200000000001,0
0.9668399999999999,0.96686,0.9668100000000001,0
0.96685,0.96686,0.9668100000000001,0
0.96686,0.96685,0.9668100000000001,0
0.9668700000000001,0.9668399999999999,0.9668200000000001,0
0.9668700000000001,0.96683,0.96683,0
0.9668700000000001,0.9668200000000001,0.9668399999999999,0
0.96686,0.9668100000000001,0.96685,0
0.96685,0.9668100000000001,0.96686,0
0.9668399999999999,0.9668100000000001,0.96686,0
0.96683,0.9668200000000001,0.9668700000000001,0
0.9668200000000001,0.96683,0.9668700000000001,0
0.9668200000000001,0.9668399999999999,0.96686,0
0.9668100000000001,0.96685,0.96686,0
0.9668100000000001,0.96686,0.96685,0
0.9668200000000001,0.9668700000000001,0.9668399999999999,0
0.96683,0.9668700000000001,0.96683,0
0.9668399999999999,0.9668700000000001,0.9668200000000001,0
0.96685,0.96686,0.9668100000000001,0
0.96686,0.96685,0.9668100000000001,0
0.96686,0.9668399999999999,0.9668100000000001,0
0.9668700000000001,0.96683,0.9668200000000001,0
0.9668700000000001,0.9668200000000001,0.96683,0
0.96686,0.9668200000000001,0.9668399999999999,0
0.96686,0.9668100000000001,0.96685,0
0.96685,0.9668100000000001,0.96686,0
0.9668399999999999,0.9668200000000001,0.96686,0
0.96683,0.9668200000000001,0.9668700000000001,0
0.9668200000000001,0.96683,0.9668700000000001,0
0.9668100000000001,0.9668399999999999,0.96686,0
0.9668100000000001,0.96685,0.96685,0
0.9668100000000001,0.96686,0.9668399999999999,0
0.9668200000000001,0.9668700000000001,0.96683,0
0.96683,0.9668700000000001,0.9668200000000001,0
0.9668399999999999,0.96686,0.9668200000000001,0
0.96685,0.96686,0.9668100000000001,0
0.96686,0.96685,0.9668100000000001,0
0.96686,0.9668399999999999,0.9668200000000001,0
0.9668700000000001,0.96683,0.9668200000000001,0
0.9668700000000001,0.9668200000000001,0.96683,0
0.96686,0.9668100000000001,0.9668399999999999,0
0.96685,0.9668100000000001,0.96685,0
0.96685,0.9668100000000001,0.96686,0
0.9668399999999999,0.9668200000000001,0.9668700000000001,0
0.96683,0.96683,0.9668700000000001,0
0.9668200000000001,0.9668399999999999,0.96686,0
0.9668100000000001,0.96685,0.96686,0
0.9668100000000001,0.96686,0.96685,0
0.9668200000000001,0.96686,0.9668399999999999,0
0.9668200000000001,0.9668700000000001,0.96683,0
0.96683,0.9668700000000001,0.9668200000000001,0
0.9668399999999999,0.96686,0.9668100000000001,0
0.96685,0.96686,0.9668100000000001,0
0.96686,0.96685,0.9668100000000001,0
0.9668700000000001,0.9668399999999999,0.9668200000000001,0
0.9668700000000001,0.96683,0.96683,0
0.9668700000000001,0.9668200000000001,0.9668399999999999,0
0.96686,0.9668100000000001,0.96685,0
0.96685,0.9668100000000001,0.96686,0
0.9668399999999999,0.9668100000000001,0.96686,0
0.96683,0.9668200000000001,0.9668700000000001,0
0.9668200000000001,0.96683,0.9668700000000001,0
0.9668200000000001,0.9668399999999999,0.96686,0
0.9668100000000001,0.96685,0.96686,0
0.9668100000000001,0.96686,0.96685,0
0.9668200000000001,0.9668700000000001,0.9668399999999999,0
0.96683,0.9668700000000001,0.96683,0
0.9668399999999999,0.9668700000000001,0.9668200000000001,0
0.96685,0.96686,0.9668100000000001,0
0.96686,0.96685,0.9668100000000001,0
0.96686,0.9668399999999999,0.9668100000000001,0
0.9668700000000001,0.96683,0.9668200000000001,0
0.9668700000000001,0.9668200000000001,0.96683,0
0.96686,0.9668200000000001,0.9668399999999999,0
0.96686,0.9668100000000001,0.96685,0
0.96685,0.9668100000000001,0.96686,0
0.9668399999999999,0.9668200000000001,0.96686,0
0.96683,0.9668200000000001,0.9668700000000001,0
0.9668200000000001,0.96683,0.9668700000000001,0
0.9668100000000001,0.9668399999999999,0.96686,0
0.9668100000000001,0.96685,0.96685,0
0.9668100000000001,0.96686,0.9668399999999999,0
0.9668200000000001,0.9668700000000001,0.96683,0
0.96683,0.9668700000000001,0.9668200000000001,0
0.9668399999999999,0.96686,0.9668200000000001,0
0.96685,0.96686,0.9668100000000001,0
0.96686,0.96685,0.9668100000000001,0
0.96686,0.9668399999999999,0.9668200000000001,0
0.9668700000000001,0.96683,0.9668200000000001,0
0.9668700000000001,0.9668200000000001,0.96683,0
0.96686,0.9668100000000001,0.9668399999999999,0
0.96686,0.9668100000000001,0.96685,0
0.96685,0.9668100000000001,0.96686,0
0.9668399999999999,0.9668200000000001,0.9668700000000001,0
0.96683,0.96683,0.9668700000000001,0
0.9668200000000001,0.9668399999999999,0.96686,0
0.9668100000000001,0.96685,0.96686,0
0.9668100000000001,0.96686,0.96685,0
0.9668200000000001,0.96686,0.9668399999999999,0
0.9668200000000001,0.9668700000000001,0.96683,0
0.96683,0.9668700000000001,0.9668200000000001,0
0.9668399999999999,0.96686,0.9668100000000001,0
0.96685,0.96686,0.9668100000000001,0
0.96686,0.96685,0.9668100000000001,0
0.9668700000000001,0.9668399999999999,0.9668200000000001,0
0.9668700000000001,0.96683,0.96683,0
0.9668700000000001,0.9668200000000001,0.9668399999999999,0
0.96686,0.9668100000000001,0.96685,0
0.96685,0.9668100000000001,0.96686,0
0.9668399999999999,0.9668100000000001,0.96686,0
0.96683,0.9668200000000001,0.9668700000000001,0
0.9668200000000001,0.96683,0.9668700000000001,0
0.9668200000000001,0.9668399999999999,0.96686,0
0.9668100000000001,0.96685,0.96686,0
0.9668100000000001,0.96686,0.96685,0
0.9668200000000001,0.9668700000000001,0.9668399999999999,0
0.96683,0.9668700000000001,0.96683,0
0.9668399999999999,0.9668700000000001,0.9668200000000001,0
0.96685,0.96686,0.9668100000000001,0
0.96686,0.96685,0.9668100000000001,0
0.96686,0.9668399999999999,0.9668100000000001,0
0.9668700000000001,0.96683,0.9668200000000001,0
0.9668700000000001,0.9668200000000001,0.96683,0
0.96686,0.9668200000000001,0.9668399999999999,0
0.96686,0.9668100000000001,0.96685,0
0.96685,0.9668100000000001,0.96686,0
0.9668399999999999,0.9668200000000001,0.96686,0
0.96683,0.9668200000000001,0.9668700000000001,0
0.9668200000000001,0.96683,0.9668700000000001,0
0.9668100000000001,0.96685,0.96686,0
0.9668100000000001,0.96685,0.96685,0
0.9668100000000001,0.96686,0.9668399999999999,0
0.9668200000000001,0.9668700000000001,0.96683,0
0.96683,0.9668700000000001,0.9668200000000001,0
0.9668399999999999,0.96686,0.9668200000000001,0
0.96685,0.96686,0.9668100000000001,0
0.96686,0.96685,0.9668100000000001,0
0.96686,0.9668399999999999,0.9668200000000001,0
0.9668700000000001,0.96683,0.9668200000000001,0
0.9668700000000001,0.9668200000000001,0.96683,0
0.96686,0.9668100000000001,0.9668399999999999,0
0.96686,0.9668100000000001,0.96685,0
0.96685,0.9668100000000001,0.96686,0
0.9668399999999999,0.9668200000000001,0.9668700000000001,0
0.96683,0.96683,0.9668700000000001,0
0.9668200000000001,0.9668399999999999,0.9668700000000001,0
0.9668100000000001,0.96685,0.96686,0
0.9668100000000001,0.96686,0.96685,0
0.9668200000000001,0.96686,0.9668399999999999,0
0.9668200000000001,0.9668700000000001,0.96683,0
0.96683,0.9668700000000001,0.9668200000000001,0
0.9668399999999999,0.96686,0.9668200000000001,0
0.96685,0.96686,0.9668100000000001,0
0.96686,0.96685,0.9668100000000001,0
0.9668700000000001,0.9668399999999999,0.9668200000000001,0
0.9668700000000001,0.96683,0.96683,0
0.9668700000000001,0.9668200000000001,0.9668399999999999,0
0.96686,0.9668100000000001,0.96685,0
0.96685,0.9668100000000001,0.96686,0
0.9668399999999999,0.9668200000000001,0.96686,0
0.96683,0.9668200000000001,0.9668700000000001,0
0.9668200000000001,0.96683,0.9668700000000001,0
0.9668200000000001,0.9668399999999999,0.96686,0
0.9668100000000001,0.96685,0.96686,0
0.9668100000000001,0.96686,0.96685,0
0.9668200000000001,0.9668700000000001,0.9668399999999999,0
0.96683,0.9668700000000001,0.96683,0
0.9668399999999999,0.9668700000000001,0.9668200000000001,0
0.96685,0.96686,0.9668100000000001,0
0.96686,0.96685,0.9668100000000001,0
0.96686,0.9668399999999999,0.9668100000000001,0
0.9668700000000001,0.96683,0.9668200000000001,0
0.9668700000000001,0.9668200000000001,0.96683,0
0.96686,0.9668200000000001,0.9668399999999999,0
0.96686,0.9668100000000001,0.96685,0
0.96685,0.9668100000000001,0.96686,0
0.9668399999999999,0.9668200000000001,0.9668700000000001,0
0.96683,0.96683,0.9668700000000001,0
0.9668200000000001,0.9668399999999999,0.9668700000000001,0
0.9668100000000001,0.96685,0.96686,0
0.9668100000000001,0.96686,0.96685,0
0.9668100000000001,0.96686,0.96685,0
0.9668200000000001,0.9668700000000001,0.96683,0
0.96683,0.9668700000000001,0.9668200000000001,0
0.9668399999999999,0.9668700000000001,0.9668200000000001,0
0.96685,0.96686,0.9668100000000001,0
0.96686,0.96685,0.9668100000000001,0
0.96686,0.9668399999999999,0.9668200000000001,0
0.9668700000000001,0.96683,0.9668200000000001,0
0.9668700000000001,0.9668200000000001,0.96683,0
0.96686,0.9668100000000001,0.9668399999999999,0
0.96686,0.9668100000000001,0.96685,0
0.96685,0.9668100000000001,0.96686,0
0.9668399999999999,0.9668200000000001,0.9668700000000001,0
0.96683,0.96683,0.9668700000000001,0
0.9668200000000001,0.9668399999999999,0.9668700000000001,0
0.9668100000000001,0.96685,0.96686,0
0.9668100000000001,0.96686,0.96685,0
0.9668200000000001,0.96686,0.9668399999999999,0
0.9668200000000001,0.9668700000000001,0.96683,0
0.96683,0.9668700000000001,0.9668200000000001,0
0.9668399999999999,0.96686,0.9668200000000001,0
0.96685,0.96686,0.9668100000000001,0
0.96686,0.96685,0.9668100000000001,0
0.9668700000000001,0.9668399999999999,0.9668200000000001,0
0.9668700000000001,0.96683,0.96683,0
0.9668700000000001,0.9668200000000001,0.9668399999999999,0
0.96686,0.9668100000000001,0.96685,0
0.96685,0.9668100000000001,0.96686,0
0.9668399999999999,0.9668200000000001,0.96686,0
0.96683,0.9668200000000001,0.9668700000000001,0
0.9668200000000001,0.96683,0.9668700000000001,0
0.9668200000000001,0.9668399999999999,0.96686,0
0.9668100000000001,0.96685,0.96686,0
0.9668100000000001,0.96686,0.96685,0
0.9668200000000001,0.9668700000000001,0.9668399999999999,0
0.96683,0.9668700000000001,0.96683,0
0.9668399999999999,0.9668700000000001,0.9668200000000001,0
0.96685,0.96686,0.9668100000000001,0
0.96686,0.96685,0.9668100000000001,0
0.96686,0.9668399999999999,0.9668200000000001,0
0.9668700000000001,0.96683,0.9668200000000001,0
0.9668700000000001,0.9668200000000001,0.96683,0
0.96686,0.9668200000000001,0.9668399999999999,0
0.96686,0.9668100000000001,0.96685,0
0.96685,0.9668100000000001,0.96686,0
0.9668399999999999,0.9668200000000001,0.9668700000000001,0
0.96683,0.96683,0.9668700000000001,0
0.9668200000000001,0.9668399999999999,0.9668700000000001,0
0.9668100000000001,0.96685,0.96686,0
0.9668100000000001,0.96686,0.96685,0
0.9668100000000001,0.96686,0.96685,0
0.9668200000000001,0.9668700000000001,0.9668399999999999,0
0.96683,0.9668700000000001,0.96683,0
0.9668399999999999,0.9668700000000001,0.9668200000000001,0
0.96685,0.96686,0.9668100000000001,0
0.96686,0.96685,0.9668100000000001,0
0.9668700000000001,0.9668399999999999,0.9668200000000001,0
0.9668700000000001,0.96683,0.9668200000000001,0
0.9668700000000001,0.9668200000000001,0.96683,0
0.96686,0.9668200000000001,0.9668399999999999,0
0.96686,0.9668100000000001,0.96685,0
0.96685,0.9668100000000001,0.96686,0
0.9668399999999999,0.9668200000000001,0.9668700000000001,0
0.96683,0.96683,0.9668700000000001,0
0.9668200000000001,0.9668399999999999,0.9668700000000001,0
0.9668100000000001,0.96685,0.96686,0
0.9668100000000001,0.96686,0.96685,0
0.9668200000000001,0.96686,0.9668399999999999,0
0.9668200000000001,0.9668700000000001,0.96683,0
0.96683,0.9668700000000001,0.9668200000000001,0
0.9668399999999999,0.96686,0.9668200000000001,0
0.96685,0.96686,0.9668100000000001,0
0.96686,0.96685,0.9668100000000001,0
0.9668700000000001,0.9668399999999999,0.9668200000000001,0
0.9668700000000001,0.96683,0.96683,0
0.9668700000000001,0.9668200000000001,0.9668399999999999,0
0.96686,0.9668100000000001,0.96685,0
0.96685,0.9668100000000001,0.96686,0
0.9668399999999999,0.9668200000000001,0.96686,0
0.96683,0.9668200000000001,0.9668700000000001,0
0.9668200000000001,0.96683,0.9668700000000001,0
0.9668200000000001,0.9668399999999999,0.96686,0
0.9668100000000001,0.96685,0.96686,0
0.9668100000000001,0.96686,0.96685,0
0.9668200000000001,0.9668700000000001,0.9668399999999999,0
0.96683,0.9668700000000001,0.96683,0
0.9668399999999999,0.9668700000000001,0.9668200000000001,0
0.96685,0.96686,0.9668100000000001,0
0.96686,0.96685,0.9668100000000001,0
0.96686,0.9668399999999999,0.9668200000000001,0
0.9668700000000001,0.96683,0.9668200000000001,0
0.9668700000000001,0.9668200000000001,0.96683,0
0.9668700000000001,0.9668200000000001,0.9668399999999999,0
0.96686,0.9668100000000001,0.96685,0
0.96685,0.9668100000000001,0.96686,0
0.9668399999999999,0.9668200000000001,0.9668700000000001,0
0.96683,0.96683,0.9668700000000001,0
0.9668200000000001,0.9668399999999999,0.9668700000000001,0
0.9668200000000001,0.96685,0.96686,0
0.9668100000000001,0.96686,0.96686,0
0.9668200000000001,0.96686,0.96685,0
0.9668200000000001,0.9668700000000001,0.9668399999999999,0
0.96683,0.9668700000000001,0.96683,0
0.9668399999999999,0.9668700000000001,0.9668200000000001,0
0.96685,0.96686,0.9668100000000001,0
0.96686,0.96685,0.9668100000000001,0
0.9668700000000001,0.9668399999999999,0.9668200000000001,0
0.9668700000000001,0.96683,0.96683,0
0.9668700000000001,0.9668200000000001,0.9668399999999999,0
0.96686,0.9668200000000001,0.96685,0
0.96686,0.9668100000000001,0.96686,0
0.96685,0.9668200000000001,0.96686,0
0.9668399999999999,0.9668200000000001,0.9668700000000001,0
0.96683,0.96683,0.9668700000000001,0
0.9668200000000001,0.9668399999999999,0.9668700000000001,0
0.9668100000000001,0.96685,0.96686,0
0.9668100000000001,0.96686,0.96685,0
0.9668200000000001,0.9668700000000001,0.9668399999999999,0
0.9668200000000001,0.9668700000000001,0.96683,0
0.96683,0.9668700000000001,0.9668200000000001,0
0.9668399999999999,0.96686,0.9668200000000001,0
0.96685,0.96686,0.9668100000000001,0
0.96686,0.96685,0.9668100000000001,0
0.9668700000000001,0.9668399999999999,0.9668200000000001,0
0.9668700000000001,0.96683,0.96683,0
0.9668700000000001,0.9668200000000001,0.9668399999999999,0
0.96686,0.9668100000000001,0.96685,0
0.96685,0.9668100000000001,0.96686,0
0.9668399999999999,0.9668200000000001,0.9668700000000001,0
0.96683,0.9668200000000001,0.9668700000000001,0
0.9668200000000001,0.96683,0.9668700000000001,0
0.9668200000000001,0.9668399999999999,0.9668700000000001,0
0.9668100000000001,0.96685,0.96686,0
0.9668100000000001,0.96686,0.96685,0
0.9668200000000001,0.9668700000000001,0.9668399999999999,0
0.96683,0.9668700000000001,0.96683,0
0.9668399999999999,0.9668700000000001,0.9668200000000001,0
0.96685,0.96686,0.9668200000000001,0
0.96686,0.96685,0.9668100000000001,0
0.96686,0.96685,0.9668200000000001,0
0.9668700000000001,0.96683,0.9668200000000001,0
0.9668700000000001,0.96683,0.96683,0
0.9668700000000001,0.9668200000000001,0.9668399999999999,0
0.96686,0.9668100000000001,0.96685,0
0.96685,0.9668100000000001,0.96686,0
0.9668399999999999,0.9668200000000001,0.9668700000000001,0
0.96683,0.96683,0.9668700000000001,0
0.9668200000000001,0.9668399999999999,0.9668700000000001,0
0.9668200000000001,0.96685,0.96686,0
0.9668100000000001,0.96686,0.96686,0
0.9668200000000001,0.96686,0.96685,0
0.9668200000000001,0.9668700000000001,0.9668399999999999,0
0.96683,0.9668700000000001,0.96683,0
0.9668399999999999,0.9668700000000001,0.9668200000000001,0
0.96685,0.96686,0.9668100000000001,0
0.96686,0.96685,0.9668100000000001,0
0.9668700000000001,0.9668399999999999,0.9668200000000001,0
0.9668700000000001,0.96683,0.96683,0
0.9668700000000001,0.9668200000000001,0.9668399999999999,0
0.96686,0.9668200000000001,0.96685,0
0.96686,0.9668100000000001,0.96686,0
0.96685,0.9668200000000001,0.96686,0
0.9668399999999999,0.9668200000000001,0.9668700000000001,0
0.96683,0.96683,0.9668700000000001,0
0.9668200000000001,0.9668399999999999,0.9668700000000001,0
0.9668100000000001,0.96685,0.96686,0
0.9668100000000001,0.96686,0.96685,0
0.9668200000000001,0.9668700000000001,0.9668399999999999,0
0.9668200000000001,0.9668700000000001,0.96683,0
0.96683,0.9668700000000001,0.9668200000000001,0
0.96685,0.96686,0.9668200000000001,0
0.96685,0.96686,0.9668100000000001,0
0.96686,0.96685,0.9668200000000001,0
0.9668700000000001,0.9668399999999999,0.9668200000000001,0
0.9668700000000001,0.96683,0.96683,0
0.9668700000000001,0.9668200000000001,0.9668399999999999,0
0.96686,0.9668200000000001,0.96685,0
0.96685,0.9668100000000001,0.96686,0
0.9668399999999999,0.9668200000000001,0.9668700000000001,0
0.96683,0.9668200000000001,0.9668700000000001,0
0.9668200000000001,0.96683,0.9668700000000001,0
0.9668200000000001,0.9668399999999999,0.9668700000000001,0
0.9668100000000001,0.96685,0.96686,0
0.9668200000000001,0.96686,0.96685,0
0.9668200000000001,0.9668700000000001,0.9668399999999999,0
0.96683,0.9668700000000001,0.96683,0
0.9668399999999999,0.9668700000000001,0.9668200000000001,0
0.96685,0.96686,0.9668200000000001,0
0.96686,0.96686,0.9668100000000001,0
0.9668700000000001,0.96685,0.9668200000000001,0
0.9668700000000001,0.9668399999999999,0.9668200000000001,0
0.9668700000000001,0.96683,0.96683,0
0.9668700000000001,0.9668200000000001,0.9668399999999999,0
0.96686,0.9668100000000001,0.96685,0
0.96685,0.9668100000000001,0.96686,0
0.9668399999999999,0.9668200000000001,0.9668700000000001,0
0.96683,0.96683,0.9668700000000001,0
0.9668200000000001,0.9668399999999999,0.9668700000000001,0
0.9668200000000001,0.96685,0.96686,0
0.9668100000000001,0.96686,0.96686,0
0.9668200000000001,0.96686,0.96685,0
0.9668200000000001,0.9668700000000001,0.9668399999999999,0
0.96683,0.9668700000000001,0.96683,0
0.9668399999999999,0.9668700000000001,0.9668200000000001,0
0.96685,0.96686,0.9668100000000001,0
0.96686,0.96685,0.9668100000000001,0
0.9668700000000001,0.9668399999999999,0.9668200000000001,0
0.9668700000000001,0.96683,0.96683,0
0.9668700000000001,0.9668200000000001,0.9668399999999999,0
0.96686,0.9668200000000001,0.96685,0
0.96686,0.9668100000000001,0.96686,0
0.96685,0.9668200000000001,0.96686,0
0.9668399999999999,0.9668200000000001,0.9668700000000001,0
0.96683,0.96683,0.9668700000000001,0
0.9668200000000001,0.9668399999999999,0.9668700000000001,0
0.9668200000000001,0.96685,0.96686,0
0.9668100000000001,0.96686,0.96685,0
0.9668200000000001,0.9668700000000001,0.9668399999999999,0
0.96683,0.9668700000000001,0.96683,0
0.9668399999999999,0.9668700000000001,0.9668200000000001,0
0.96685,0.9668700000000001,0.9668200000000001,0
0.96686,0.96686,0.9668100000000001,0
0.96686,0.96685,0.9668200000000001,0
0.9668700000000001,0.9668399999999999,0.9668200000000001,0
0.9668700000000001,0.96683,0.96683,0
0.9668700000000001,0.9668200000000001,0.9668399999999999,0
0.96686,0.9668200000000001,0.96685,0
0.96685,0.9668100000000001,0.96686,0
0.9668399999999999,0.9668200000000001,0.9668700000000001,0
0.96683,0.9668200000000001,0.9668700000000001,0
0.9668200000000001,0.96683,0.9668700000000001,0
0.9668200000000001,0.9668399999999999,0.9668700000000001,0
0.9668100000000001,0.96685,0.96686,0
0.9668200000000001,0.96686,0.96685,0
0.9668200000000001,0.9668700000000001,0.9668399999999999,0
0.96683,0.9668700000000001,0.96683,0
0.9668399999999999,0.9668700000000001,0.9668200000000001,0
0.96685,0.96686,0.9668200000000001,0
0.96686,0.96686,0.9668100000000001,0
0.9668700000000001,0.96685,0.9668200000000001,0
0.9668700000000001,0.9668399999999999,0.9668200000000001,0
0.9668700000000001,0.96683,0.96683,0
0.9668700000000001,0.9668200000000001,0.9668399999999999,0
0.96686,0.9668100000000001,0.96685,0
0.96685,0.9668200000000001,0.96686,0
0.9668399999999999,0.9668200000000001,0.9668700000000001,0
0.96683,0.96683,0.9668700000000001,0
0.9668200000000001,0.9668399999999999,0.9668700000000001,0
0.9668200000000001,0.96685,0.96686,0
0.9668100000000001,0.96686,0.96686,0
0.9668200000000001,0.9668700000000001,0.96685,0
0.9668200000000001,0.9668700000000001,0.9668399999999999,0
0.96683,0.9668700000000001,0.96683,0
0.9668399999999999,0.9668700000000001,0.9668200000000001,0
0.96685,0.96686,0.9668200000000001,0
0.96686,0.96685,0.9668200000000001,0
0.9668700000000001,0.9668399999999999,0.9668200000000001,0
0.9668700000000001,0.96683,0.96683,0
0.9668700000000001,0.9668200000000001,0.9668399999999999,0
0.9668700000000001,0.9668200000000001,0.96685,0
0.96686,0.9668100000000001,0.96686,0
0.96685,0.9668200000000001,0.96686,0
0.9668399999999999,0.9668200000000001,0.9668700000000001,0
0.96683,0.96683,0.9668700000000001,0
0.9668200000000001,0.9668399999999999,0.9668700000000001,0
0.9668200000000001,0.96685,0.96686,0
0.9668200000000001,0.96686,0.96685,0
0.9668200000000001,0.9668700000000001,0.9668399999999999,0
0.96683,0.9668700000000001,0.96683,0
0.9668399999999999,0.9668700000000001,0.9668200000000001,0
0.96685,0.9668700000000001,0.9668200000000001,0
0.96686,0.96686,0.9668100000000001,0
0.96686,0.96685,0.9668200000000001,0
0.9668700000000001,0.9668399999999999,0.9668200000000001,0
0.9668700000000001,0.96683,0.96683,0
0.9668700000000001,0.9668200000000001,0.9668399999999999,0
0.96686,0.9668200000000001,0.96685,0
0.96685,0.9668200000000001,0.96686,0
0.96685,0.9668200000000001,0.9668700000000001,0
0.96683,0.96683,0.9668700000000001,0
0.96683,0.96683,0.9668700000000001,0
0.9668200000000001,0.96685,0.9668700000000001,0
0.9668200000000001,0.96686,0.96686,0
0.9668200000000001,0.96686,0.96685,0
0.9668200000000001,0.9668700000000001,0.9668399999999999,0
0.96683,0.9668700000000001,0.96683,0
0.9668399999999999,0.9668700000000001,0.9668200000000001,0
0.96685,0.96686,0.9668200000000001,0
0.96686,0.96686,0.9668200000000001,0
0.9668700000000001,0.96685,0.9668200000000001,0
0.9668700000000001,0.9668399999999999,0.9668200000000001,0
0.9668700000000001,0.96683,0.96683,0
0.9668700000000001,0.9668200000000001,0.9668399999999999,0
0.96686,0.9668200000000001,0.96685,0
0.96685,0.9668200000000001,0.96686,0
0.9668399999999999,0.9668200000000001,0.9668700000000001,0
0.96683,0.96683,0.9668700000000001,0
0.9668200000000001,0.9668399999999999,0.9668700000000001,0
0.9668200000000001,0.96685,0.96686,0
0.9668200000000001,0.96686,0.96686,0
0.9668200000000001,0.9668700000000001,0.96685,0
0.9668200000000001,0.9668700000000001,0.9668399999999999,0
0.96683,0.9668700000000001,0.96683,0
0.9668399999999999,0.9668700000000001,0.9668200000000001,0
0.96685,0.96686,0.9668200000000001,0
0.96686,0.96685,0.9668200000000001,0
0.9668700000000001,0.9668399999999999,0.9668200000000001,0
0.9668700000000001,0.96683,0.96683,0
0.9668700000000001,0.9668200000000001,0.9668399999999999,0
0.9668700000000001,0.9668200000000001,0.96685,0
0.96686,0.9668200000000001,0.96686,0
0.96685,0.9668200000000001,0.96686,0
0.9668399999999999,0.9668200000000001,0.9668700000000001,0
0.96683,0.96683,0.9668700000000001,0
0.9668200000000001,0.9668399999999999,0.9668700000000001,0
0.9668200000000001,0.96685,0.96686,0
0.9668200000000001,0.96686,0.96685,0
0.9668200000000001,0.9668700000000001,0.9668399999999999,0
0.96683,0.9668700000000001,0.96683,0
0.9668399999999999,0.9668700000000001,0.9668200000000001,0
0.96685,0.9668700000000001,0.9668200000000001,0
0.96686,0.96686,0.9668200000000001,0
0.96686,0.96685,0.9668200000000001,0
0.9668700000000001,0.9668399999999999,0.9668200000000001,0
0.9668700000000001,0.96683,0.96683,0
0.9668700000000001,0.9668200000000001,0.9668399999999999,0
0.96686,0.9668200000000001,0.96685,0
0.96686,0.9668200000000001,0.96686,0
0.96685,0.9668200000000001,0.9668700000000001,0
0.9668399999999999,0.96683,0.9668700000000001,0
0.96683,0.9668399999999999,0.9668700000000001,0
0.9668200000000001,0.96685,0.9668700000000001,0
0.9668200000000001,0.96686,0.96686,0
0.9668200000000001,0.96686,0.96685,0
0.9668200000000001,0.9668700000000001,0.9668399999999999,0
0.96683,0.9668700000000001,0.96683,0
0.9668399999999999,0.9668700000000001,0.9668200000000001,0
0.96685,0.96686,0.9668200000000001,0
0.96686,0.96686,0.9668200000000001,0
0.9668700000000001,0.96685,0.9668200000000001,0
0.9668700000000001,0.9668399999999999,0.9668200000000001,0
0.9668700000000001,0.96683,0.96683,0
0.9668700000000001,0.9668200000000001,0.9668399999999999,0
0.96686,0.9668200000000001,0.96685,0
0.96685,0.9668200000000001,0.96686,0
0.9668399999999999,0.9668200000000001,0.9668700000000001,0
0.96683,0.96683,0.9668700000000001,0
0.9668200000000001,0.9668399999999999,0.9668700000000001,0
0.9668200000000001,0.96685,0.9668700000000001,0
0.9668200000000001,0.96686,0.96686,0
0.9668200000000001,0.9668700000000001,0.96685,0
0.9668200000000001,0.9668700000000001,0.9668399999999999,0
0.96683,0.9668700000000001,0.96683,0
0.9668399999999999,0.9668700000000001,0.9668200000000001,0
0.96685,0.96686,0.9668200000000001,0
0.96686,0.96685,0.9668200000000001,0
0.9668700000000001,0.9668399999999999,0.9668200000000001,0
0.9668700000000001,0.96683,0.96683,0
0.9668700000000001,0.9668200000000001,0.9668399999999999,0
0.9668700000000001,0.9668200000000001,0.96685,0
0.96686,0.9668200000000001,0.96686,0
0.96685,0.9668200000000001,0.9668700000000001,0
0.9668399999999999,0.9668200000000001,0.9668700000000001,0
0.96683,0.96683,0.9668700000000001,0
0.9668200000000001,0.9668399999999999,0.9668700000000001,0
0.9668200000000001,0.96685,0.96686,0
0.9668200000000001,0.96686,0.96685,0
0.9668200000000001,0.9668700000000001,0.9668399999999999,0
0.96683,0.9668700000000001,0.96683,0
0.9668399999999999,0.9668700000000001,0.96683,0
0.96685,0.9668700000000001,0.9668200000000001,0
0.96686,0.96686,0.9668200000000001,0
0.96686,0.96685,0.9668200000000001,0
0.9668700000000001,0.9668399999999999,0.9668200000000001,0
0.9668700000000001,0.96683,0.96683,0
0.9668700000000001,0.9668200000000001,0.9668399999999999,0
0.96686,0.9668200000000001,0.96685,0
0.96686,0.9668200000000001,0.96686,0
0.96685,0.9668200000000001,0.9668700000000001,0
0.9668399999999999,0.96683,0.9668700000000001,0
0.96683,0.9668399999999999,0.9668700000000001,0
0.9668200000000001,0.96685,0.9668700000000001,0
0.9668200000000001,0.96686,0.96686,0
0.9668200000000001,0.96686,0.96685,0
0.9668200000000001,0.9668700000000001,0.9668399999999999,0
0.96683,0.9668700000000001,0.96683,0
0.9668399999999999,0.9668700000000001,0.9668200000000001,0
0.96685,0.96686,0.9668200000000001,0
0.96686,0.96686,0.9668200000000001,0
0.9668700000000001,0.96685,0.9668200000000001,0
0.9668700000000001,0.9668399999999999,0.96683,0
0.9668700000000001,0.96683,0.96683,0
0.9668700000000001,0.9668200000000001,0.9668399999999999,0
0.96686,0.9668200000000001,0.96685,0
0.96685,0.9668200000000001,0.96686,0
0.9668399999999999,0.9668200000000001,0.9668700000000001,0
0.96683,0.96683,0.9668700000000001,0
0.9668200000000001,0.9668399999999999,0.9668700000000001,0
0.9668200000000001,0.96685,0.9668700000000001,0
0.9668200000000001,0.96686,0.96686,0
0.9668200000000001,0.9668700000000001,0.96685,0
0.9668200000000001,0.9668700000000001,0.9668399999999999,0
0.96683,0.9668700000000001,0.96683,0
0.9668399999999999,0.9668700000000001,0.9668200000000001,0
0.96685,0.96686,0.9668200000000001,0
0.96686,0.96685,0.9668200000000001,0
0.9668700000000001,0.9668399999999999,0.9668200000000001,0
0.9668700000000001,0.96683,0.96683,0
0.9668700000000001,0.9668200000000001,0.9668399999999999,0
0.9668700000000001,0.9668200000000001,0.96685,0
0.96686,0.9668200000000001,0.96686,0
0.96685,0.9668200000000001,0.9668700000000001,0
0.9668399999999999,0.9668200000000001,0.9668700000000001,0
0.96683,0.96683,0.9668700000000001,0
0.9668200000000001,0.9668399999999999,0.9668700000000001,0
0.9668200000000001,0.96685,0.96686,0
0.9668200000000001,0.96686,0.96685,0
0.9668200000000001,0.9668700000000001,0.9668399999999999,0
0.96683,0.9668700000000001,0.96683,0
0.9668399999999999,0.9668700000000001,0.96683,0
0.96685,0.9668700000000001,0.9668200000000001,0
0.96686,0.96686,0.9668200000000001,0
0.9668700000000001,0.96685,0.9668200000000001,0
0.9668700000000001,0.9668399999999999,0.9668200000000001,0
0.9668700000000001,0.96683,0.96683,0
0.9668700000000001,0.9668200000000001,0.9668399999999999,0
0.96686,0.9668200000000001,0.96685,0
0.96686,0.9668200000000001,0.96686,0
0.96685,0.9668200000000001,0.9668700000000001,0
0.9668399999999999,0.96683,0.9668700000000001,0
0.96683,0.9668399999999999,0.9668700000000001,0
0.9668200000000001,0.96685,0.9668700000000001,0
0.9668200000000001,0.96686,0.96686,0
0.9668200000000001,0.96686,0.96685,0
0.9668200000000001,0.9668700000000001,0.9668399999999999,0
0.96683,0.9668700000000001,0.96683,0
0.9668399999999999,0.9668700000000001,0.9668200000000001,0
0.96685,0.96686,0.9668200000000001,0
0.96686,0.96686,0.9668200000000001,0
0.9668700000000001,0.96685,0.9668200000000001,0
0.9668700000000001,0.9668399999999999,0.96683,0
0.9668700000000001,0.96683,0.96683,0
0.9668700000000001,0.9668200000000001,0.96685,0
0.96686,0.9668200000000001,0.96686,0
0.96685,0.9668200000000001,0.96686,0
0.9668399999999999,0.9668200000000001,0.9668700000000001,0
0.96683,0.96683,0.9668700000000001,0
0.9668200000000001,0.9668399999999999,0.9668700000000001,0
0.9668200000000001,0.96685,0.9668700000000001,0
0.9668200000000001,0.96686,0.96686,0
0.9668200000000001,0.9668700000000001,0.96685,0
0.9668200000000001,0.9668700000000001,0.9668399999999999,0
0.96683,0.9668700000000001,0.96683,0
0.9668399999999999,0.9668700000000001,0.9668200000000001,0
0.96685,0.96686,0.9668200000000001,0
0.96686,0.96685,0.9668200000000001,0
0.9668700000000001,0.9668399999999999,0.9668200000000001,0
0.9668700000000001,0.96683,0.96683,0
0.9668700000000001,0.9668200000000001,0.9668399999999999,0
0.9668700000000001,0.9668200000000001,0.96685,0
0.96686,0.9668200000000001,0.96686,0
0.96685,0.9668200000000001,0.9668700000000001,0
0.9668399999999999,0.9668200000000001,0.9668700000000001,0
0.96683,0.96683,0.9668700000000001,0
0.9668200000000001,0.9668399999999999,0.9668700000000001,0
0.9668200000000001,0.96685,0.96686,0
0.9668200000000001,0.96686,0.96685,0
0.9668200000000001,0.9668700000000001,0.9668399999999999,0
0.96683,0.9668700000000001,0.96683,0
0.9668399999999999,0.9668700000000001,0.96683,0
0.96685,0.9668700000000001,0.9668200000000001,0
0.96686,0.96686,0.9668200000000001,0
0.9668700000000001,0.96685,0.9668200000000001,0
0.9668700000000001,0.9668399999999999,0.9668200000000001,0
0.9668700000000001,0.96683,0.96683,0
0.9668700000000001,0.9668200000000001,0.9668399999999999,0
0.96686,0.9668200000000001,0.96685,0
0.96686,0.9668200000000001,0.96686,0
0.96685,0.9668200000000001,0.9668700000000001,0
0.9668399999999999,0.96683,0.9668700000000001,0
0.96683,0.9668399999999999,0.9668700000000001,0
0.9668200000000001,0.96685,0.9668700000000001,0
0.9668200000000001,0.96686,0.96686,0
0.9668200000000001,0.96686,0.96685,0
0.9668200000000001,0.9668700000000001,0.9668399999999999,0
0.96683,0.9668700000000001,0.96683,0
0.9668399999999999,0.9668700000000001,0.9668200000000001,0
0.96685,0.96686,0.9668200000000001,0
0.96686,0.96686,0.9668200000000001,0
0.9668700000000001,0.96685,0.9668200000000001,0
0.9668700000000001,0.9668399999999999,0.96683,0
0.9668700000000001,0.96683,0.96683,0
0.9668700000000001,0.9668200000000001,0.96685,0
0.96686,0.9668200000000001,0.96686,0
0.96685,0.9668200000000001,0.96686,0
0.9668399999999999,0.9668200000000001,0.9668700000000001,0
0.96683,0.96683,0.9668700000000001,0
0.9668200000000001,0.9668399999999999,0.9668700000000001,0
0.9668200000000001,0.96685,0.9668700000000001,0
0.9668200000000001,0.96686,0.96686,0
0.9668200000000001,0.9668700000000001,0.96685,0
0.9668200000000001,0.9668700000000001,0.9668399999999999,0
0.96683,0.9668700000000001,0.96683,0
0.9668399999999999,0.9668700000000001,0.9668200000000001,0
0.96685,0.96686,0.9668200000000001,0
0.96686,0.96685,0.9668200000000001,0
0.9668700000000001,0.9668399999999999,0.9668200000000001,0
0.9668700000000001,0.96683,0.96683,0
0.9668700000000001,0.9668200000000001,0.9668399999999999,0
0.9668700000000001,0.9668200000000001,0.96685,0
0.96686,0.9668200000000001,0.96686,0
0.96685,0.9668200000000001,0.9668700000000001,0
0.9668399999999999,0.9668200000000001,0.9668700000000001,0
0.96683,0.96683,0.9668700000000001,0
0.9668200000000001,0.9668399999999999,0.9668700000000001,0
0.9668200000000001,0.96685,0.96686,0
0.9668200000000001,0.96686,0.96685,0
0.9668200000000001,0.9668700000000001,0.9668399999999999,0
0.96683,0.9668700000000001,0.96683,0
0.9668399999999999,0.9668700000000001,0.96683,0
0.96685,0.9668700000000001,0.9668200000000001,0
0.96686,0.96686,0.9668200000000001,0
0.9668700000000001,0.96685,0.9668200000000001,0
0.9668700000000001,0.9668399999999999,0.9668200000000001,0
0.9668700000000001,0.96683,0.96683,0
0.9668700000000001,0.9668200000000001,0.9668399999999999,0
0.96686,0.9668200000000001,0.96685,0
0.96686,0.9668200000000001,0.96686,0
0.96685,0.9668200000000001,0.9668700000000001,0
0.9668399999999999,0.96683,0.9668700000000001,0
0.96683,0.9668399999999999,0.9668700000000001,0
0.9668200000000001,0.96685,0.9668700000000001,0
0.9668200000000001,0.96686,0.96686,0
0.9668200000000001,0.96686,0.96685,0
0.9668200000000001,0.9668700000000001,0.9668399999999999,0
0.96683,0.9668700000000001,0.96683,0
0.9668399999999999,0.9668700000000001,0.9668200000000001,0
0.96685,0.96686,0.9668200000000001,0
0.96686,0.96686,0.9668200000000001,0
0.9668700000000001,0.96685,0.9668200000000001,0
0.9668700000000001,0.9668399999999999,0.96683,0
0.9668700000000001,0.96683,0.96683,0
0.9668700000000001,0.9668200000000001,0.96685,0
0.96686,0.9668200000000001,0.96686,0
0.96685,0.9668200000000001,0.96686,0
0.9668399999999999,0.9668200000000001,0.9668700000000001,0
0.96683,0.96683,0.9668700000000001,0
0.9668200000000001,0.9668399999999999,0.9668700000000001,0
0.9668200000000001,0.96685,0.9668700000000001,0
0.9668200000000001,0.96686,0.96686,0
0.9668200000000001,0.9668700000000001,0.96685,0
0.9668200000000001,0.9668700000000001,0.9668399999999999,0
0.96683,0.9668700000000001,0.96683,0
0.9668399999999999,0.9668700000000001,0.9668200000000001,0
0.96685,0.96686,0.9668200000000001,0
0.96686,0.96685,0.9668200000000001,0
0.9668700000000001,0.9668399999999999,0.9668200000000001,0
0.9668700000000001,0.96683,0.96683,0
0.9668700000000001,0.9668200000000001,0.9668399999999999,0
0.9668700000000001,0.9668200000000001,0.96685,0
0.96686,0.9668200000000001,0.96686,0
0.96685,0.9668200000000001,0.9668700000000001,0
0.9668399999999999,0.9668200000000001,0.9668700000000001,0
0.96683,0.96683,0.9668700000000001,0
0.9668200000000001,0.9668399999999999,0.9668700000000001,0
0.9668200000000001,0.96685,0.96686,0
0.9668200000000001,0.96686,0.96685,0
0.9668200000000001,0.9668700000000001,0.9668399999999999,0
0.96683,0.9668700000000001,0.96683,0
0.9668399999999999,0.9668700000000001,0.96683,0
0.96685,0.9668700000000001,0.9668200000000001,0
0.96686,0.96686,0.9668200000000001,0
0.9668700000000001,0.96685,0.9668200000000001,0
0.9668700000000001,0.9668399999999999,0.9668200000000001,0
0.9668700000000001,0.96683,0.96683,0
0.9668700000000001,0.9668200000000001,0.9668399999999999,0
0.96686,0.9668200000000001,0.96685,0
0.96686,0.9668200000000001,0.96686,0
0.96685,0.9668200000000001,0.9668700000000001,0
0.9668399999999999,0.96683,0.9668700000000001,0
0.96683,0.9668399999999999,0.9668700000000001,0
0.9668200000000001,0.96685,0.9668700000000001,0
0.9668200000000001,0.96686,0.96686,0
0.9668200000000001,0.96686,0.96685,0
0.9668200000000001,0.9668700000000001,0.9668399999999999,0
0.96683,0.9668700000000001,0.96683,0
0.9668399999999999,0.9668700000000001,0.9668200000000001,0
0.96685,0.96686,0.9668200000000001,0
0.96686,0.96686,0.9668200000000001,0
0.9668700000000001,0.96685,0.9668200000000001,0
0.9668700000000001,0.9668399999999999,0.96683,0
0.9668700000000001,0.96683,0.96683,0
0.9668700000000001,0.9668200000000001,0.96685,0
0.96686,0.9668200000000001,0.96686,0
0.96685,0.9668200000000001,0.96686,0
0.9668399999999999,0.9668200000000001,0.9668700000000001,0
0.96683,0.96683,0.9668700000000001,0
0.9668200000000001,0.9668399999999999,0.9668700000000001,0
0.9668200000000001,0.96685,0.9668700000000001,0
0.9668200000000001,0.96686,0.96686,0
0.9668200000000001,0.9668700000000001,0.96685,0
0.9668200000000001,0.9668700000000001,0.9668399999999999,0
0.96683,0.9668700000000001,0.96683,0
0.9668399999999999,0.9668700000000001,0.9668200000000001,0
0.96685,0.96686,0.9668200000000001,0
0.96686,0.96685,0.9668200000000001,0
0.9668700000000001,0.9668399999999999,0.9668200000000001,0
0.9668700000000001,0.96683,0.96683,0
0.9668700000000001,0.9668200000000001,0.9668399999999999,0
0.9668700000000001,0.9668200000000001,0.96685,0
0.96686,0.9668200000000001,0.96686,0
0.96685,0.9668200000000001,0.9668700000000001,0
0.9668399999999999,0.9668200000000001,0.9668700000000001,0
0.96683,0.96683,0.9668700000000001,0
0.9668200000000001,0.9668399999999999,0.9668700000000001,0
0.9668200000000001,0.96685,0.96686,0
0.9668200000000001,0.96686,0.96685,0
0.9668200000000001,0.9668700000000001,0.9668399999999999,0
0.96683,0.9668700000000001,0.96683,0
0.9668399999999999,0.9668700000000001,0.96683,0
0.96685,0.9668700000000001,0.9668200000000001,0
0.96686,0.96686,0.9668200000000001,0
0.9668700000000001,0.96685,0.9668200000000001,0
0.9668700000000001,0.9668399999999999,0.9668200000000001,0
0.9668700000000001,0.96683,0.96683,0
0.9668700000000001,0.9668200000000001,0.9668399999999999,0
0.96686,0.9668200000000001,0.96685,0
0.96686,0.9668200000000001,0.96686,0
0.96685,0.9668200000000001,0.9668700000000001,0
0.9668399999999999,0.96683,0.9668700000000001,0
0.96683,0.9668399999999999,0.9668700000000001,0
0.9668200000000001,0.96685,0.9668700000000001,0
0.9668200000000001,0.96686,0.96686,0
0.9668200000000001,0.96686,0.96685,0
0.9668200000000001,0.9668700000000001,0.9668399999999999,0
0.96683,0.9668700000000001,0.96683,0
0.9668399999999999,0.9668700000000001,0.9668200000000001,0
0.96685,0.96686,0.9668200000000001,0
0.96686,0.96686,0.9668200000000001,0
0.9668700000000001,0.96685,0.9668200000000001,0
0.9668700000000001,0.9668399999999999,0.96683,0
0.9668700000000001,0.96683,0.96683,0
0.9668700000000001,0.9668200000000001,0.96685,0
0.96686,0.9668200000000001,0.96686,0
0.96685,0.9668200000000001,0.96686,0
0.9668399999999999,0.9668200000000001,0.9668700000000001,0
0.96683,0.96683,0.9668700000000001,0
0.9668200000000001,0.9668399999999999,0.9668700000000001,0
0.9668200000000001,0.96685,0.9668700000000001,0
0.9668200000000001,0.96686,0.96686,0
0.9668200000000001,0.9668700000000001,0.96685,0
0.9668200000000001,0.9668700000000001,0.9668399999999999,0
0.96683,0.9668700000000001,0.96683,0
0.9668399999999999,0.9668700000000001,0.9668200000000001,0
0.96685,0.96686,0.9668200000000001,0
0.96686,0.96685,0.9668200000000001,0
0.9668700000000001,0.9668399999999999,0.9668200000000001,0
0.9668700000000001,0.96683,0.96683,0
0.9668700000000001,0.9668200000000001,0.9668399999999999,0
0.9668700000000001,0.9668200000000001,0.96685,0
0.96686,0.9668200000000001,0.96686,0
0.96685,0.9668200000000001,0.9668700000000001,0
0.9668399999999999,0.9668200000000001,0.9668700000000001,0
0.96683,0.96683,0.9668700000000001,0
0.9668200000000001,0.9668399999999999,0.9668700000000001,0
0.9668200000000001,0.96685,0.96686,0
0.9668200000000001,0.96686,0.96685,0
0.9668200000000001,0.9668700000000001,0.9668399999999999,0
0.96683,0.9668700000000001,0.96683,0
0.9668399999999999,0.9668700000000001,0.9668200000000001,0
0.96685,0.9668700000000001,0.9668200000000001,0
0.96686,0.96686,0.9668200000000001,0
0.96686,0.96685,0.9668200000000001,0
0.9668700000000001,0.9668399999999999,0.9668200000000001,0
0.9668700000000001,0.96683,0.96683,0
0.9668700000000001,0.9668200000000001,0.9668399999999999,0
0.96686,0.9668200000000001,0.96685,0
0.96686,0.9668200000000001,0.96686,0
0.96685,0.9668200000000001,0.9668700000000001,0
0.96683,0.96683,0.9668700000000001,0
0.96683,0.9668399999999999,0.9668700000000001,0
0.9668200000000001,0.96685,0.9668700000000001,0
0.9668200000000001,0.96686,0.96686,0
0.9668200000000001,0.96686,0.96685,0
0.9668200000000001,0.9668700000000001,0.9668399999999999,0
0.96683,0.9668700000000001,0.96683,0
0.9668399999999999,0.9668700000000001,0.9668200000000001,0
0.96685,0.96686,0.9668200000000001,0
0.96686,0.96686,0.9668200000000001,0
0.9668700000000001,0.96685,0.9668200000000001,0
0.9668700000000001,0.9668399999999999,0.96683,0
0.9668700000000001,0.96683,0.96683,0
0.9668700000000001,0.9668200000000001,0.9668399999999999,0
0.96686,0.9668200000000001,0.96686,0
0.96685,0.9668200000000001,0.96686,0
0.9668399999999999,0.9668200000000001,0.9668700000000001,0
0.96683,0.96683,0.9668700000000001,0
0.9668200000000001,0.9668399999999999,0.9668700000000001,0
0.9668200000000001,0.96685,0.96686,0
0.9668200000000001,0.96686,0.96686,0
0.9668200000000001,0.9668700000000001,0.96685,0
0.9668200000000001,0.9668700000000001,0.9668399999999999,0
0.96683,0.9668700000000001,0.96683,0
0.9668399999999999,0.9668700000000001,0.9668200000000001,0
0.96685,0.96686,0.9668200000000001,0
0.96686,0.96685,0.9668200000000001,0
0.9668700000000001,0.9668399999999999,0.9668200000000001,0
0.9668700000000001,0.96683,0.96683,0
0.9668700000000001,0.9668200000000001,0.9668399999999999,0
0.9668700000000001,0.9668200000000001,0.96685,0
0.96686,0.9668200000000001,0.96686,0
0.96685,0.9668200000000001,0.9668700000000001,0
0.9668399999999999,0.9668200000000001,0.9668700000000001,0
0.96683,0.96683,0.9668700000000001,0
0.9668200000000001,0.9668399999999999,0.9668700000000001,0
0.9668200000000001,0.96685,0.96686,0
0.9668200000000001,0.96686,0.96685,0
0.9668200000000001,0.9668700000000001,0.9668399999999999,0
0.96683,0.9668700000000001,0.96683,0
0.9668399999999999,0.9668700000000001,0.9668200000000001,0
0.96685,0.9668700000000001,0.9668200000000001,0
0.96686,0.96686,0.9668200000000001,0
0.96686,0.96685,0.9668200000000001,0
0.9668700000000001,0.9668399999999999,0.9668200000000001,0
0.9668700000000001,0.96683,0.96683,0
0.9668700000000001,0.9668200000000001,0.9668399999999999,0
0.96686,0.9668200000000001,0.96685,0
0.96685,0.9668200000000001,0.96686,0
0.9668399999999999,0.9668200000000001,0.9668700000000001,0
0.96683,0.96683,0.9668700000000001,0
0.96683,0.9668399999999999,0.9668700000000001,0
0.9668200000000001,0.96685,0.9668700000000001,0
0.9668200000000001,0.96686,0.96686,0
0.9668200000000001,0.96686,0.96685,0
0.9668200000000001,0.9668700000000001,0.9668399999999999,0
0.96683,0.9668700000000001,0.96683,0
0.9668399999999999,0.9668700000000001,0.9668200000000001,0
0.96685,0.96686,0.9668200000000001,0
0.96686,0.96686,0.9668200000000001,0
0.9668700000000001,0.96685,0.9668200000000001,0
0.9668700000000001,0.9668399999999999,0.9668200000000001,0
0.9668700000000001,0.96683,0.96683,0
0.9668700000000001,0.9668200000000001,0.9668399999999999,0
0.96686,0.9668200000000001,0.96685,0
0.96685,0.9668200000000001,0.96686,0
0.9668399999999999,0.9668200000000001,0.9668700000000001,0
0.96683,0.96683,0.9668700000000001,0
0.9668200000000001,0.9668399999999999,0.9668700000000001,0
0.9668200000000001,0.96685,0.96686,0
0.9668100000000001,0.96686,0.96686,0
0.9668200000000001,0.9668700000000001,0.96685,0
0.9668200000000001,0.9668700000000001,0.9668399999999999,0
0.96683,0.9668700000000001,0.96683,0
0.9668399999999999,0.9668700000000001,0.9668200000000001,0
0.96685,0.96686,0.9668200000000001,0
0.96686,0.96685,0.9668200000000001,0
0.9668700000000001,0.9668399999999999,0.9668200000000001,0
0.9668700000000001,0.96683,0.96683,0
0.9668700000000001,0.9668200000000001,0.9668399999999999,0
0.96686,0.9668200000000001,0.96685,0
0.96686,0.9668100000000001,0.96686,0
0.96685,0.9668200000000001,0.9668700000000001,0
0.9668399999999999,0.9668200000000001,0.9668700000000001,0
0.96683,0.96683,0.9668700000000001,0
0.9668200000000001,0.9668399999999999,0.9668700000000001,0
0.9668200000000001,0.96685,0.96686,0
0.9668200000000001,0.96686,0.96685,0
0.9668200000000001,0.9668700000000001,0.9668399999999999,0
0.96683,0.9668700000000001,0.96683,0
0.9668399999999999,0.9668700000000001,0.9668200000000001,0
0.96685,0.9668700000000001,0.9668200000000001,0
0.96686,0.96686,0.9668100000000001,0
0.96686,0.96685,0.9668200000000001,0
0.9668700000000001,0.9668399999999999,0.9668200000000001,0
0.9668700000000001,0.96683,0.96683,0
0.9668700000000001,0.9668200000000001,0.9668399999999999,0
0.96686,0.9668200000000001,0.96685,0
0.96685,0.9668100000000001,0.96686,0
0.9668399999999999,0.9668200000000001,0.9668700000000001,0
0.96683,0.96683,0.9668700000000001,0
0.9668200000000001,0.9668399999999999,0.9668700000000001,0
0.9668200000000001,0.96685,0.9668700000000001,0
0.9668100000000001,0.96686,0.96686,0
0.9668200000000001,0.96686,0.96685,0
0.9668200000000001,0.9668700000000001,0.9668399999999999,0
0.96683,0.9668700000000001,0.96683,0
0.9668399999999999,0.9668700000000001,0.9668200000000001,0
0.96685,0.96686,0.9668200000000001,0
0.96686,0.96686,0.9668100000000001,0
0.9668700000000001,0.96685,0.9668200000000001,0
0.9668700000000001,0.9668399999999999,0.9668200000000001,0
0.9668700000000001,0.96683,0.96683,0
0.9668700000000001,0.9668200000000001,0.9668399999999999,0
0.96686,0.9668100000000001,0.96685,0
0.96685,0.9668200000000001,0.96686,0
0.9668399999999999,0.9668200000000001,0.9668700000000001,0
0.96683,0.96683,0.9668700000000001,0
0.9668200000000001,0.9668399999999999,0.9668700000000001,0
0.9668200000000001,0.96685,0.96686,0
0.9668100000000001,0.96686,0.96686,0
0.9668200000000001,0.9668700000000001,0.96685,0
0.9668200000000001,0.9668700000000001,0.9668399999999999,0
0.96683,0.9668700000000001,0.96683,0
0.9668399999999999,0.9668700000000001,0.9668200000000001,0
0.96685,0.96686,0.9668100000000001,0
0.96686,0.96685,0.9668200000000001,0
0.9668700000000001,0.9668399999999999,0.9668200000000001,0
0.9668700000000001,0.96683,0.96683,0
0.9668700000000001,0.9668200000000001,0.9668399999999999,0
0.96686,0.9668200000000001,0.96685,0
0.96686,0.9668100000000001,0.96686,0
0.96685,0.9668200000000001,0.96686,0
0.9668399999999999,0.9668200000000001,0.9668700000000001,0
0.96683,0.96683,0.9668700000000001,0
0.9668200000000001,0.9668399999999999,0.9668700000000001,0
0.9668200000000001,0.96685,0.96686,0
0.9668100000000001,0.96686,0.96685,0
0.9668200000000001,0.9668700000000001,0.9668399999999999,0
0.96683,0.9668700000000001,0.96683,0
0.9668399999999999,0.9668700000000001,0.9668200000000001,0
0.96685,0.9668700000000001,0.9668200000000001,0
0.96686,0.96686,0.9668100000000001,0
0.96686,0.96685,0.9668200000000001,0
0.9668700000000001,0.9668399999999999,0.9668200000000001,0
0.9668700000000001,0.96683,0.96683,0
0.9668700000000001,0.9668200000000001,0.9668399999999999,0
0.96686,0.9668200000000001,0.96685,0
0.96685,0.9668100000000001,0.96686,0
0.9668399999999999,0.9668200000000001,0.9668700000000001,0
0.96683,0.96683,0.9668700000000001,0
0.9668200000000001,0.96683,0.9668700000000001,0
0.9668200000000001,0.96685,0.9668700000000001,0
0.9668100000000001,0.96686,0.96686,0
0.9668200000000001,0.96686,0.96685,0
0.9668200000000001,0.9668700000000001,0.9668399999999999,0
0.96683,0.9668700000000001,0.96683,0
0.9668399999999999,0.9668700000000001,0.9668200000000001,0
0.96685,0.96686,0.9668200000000001,0
0.96686,0.96685,0.9668100000000001,0
0.9668700000000001,0.9668399999999999,0.9668200000000001,0
0.9668700000000001,0.96683,0.9668200000000001,0
0.9668700000000001,0.9668200000000001,0.96683,0
0.9668700000000001,0.9668200000000001,0.9668399999999999,0
0.96686,0.9668100000000001,0.96685,0
0.96685,0.9668200000000001,0.96686,0
0.9668399999999999,0.9668200000000001,0.9668700000000001,0
0.96683,0.96683,0.9668700000000001,0
0.9668200000000001,0.9668399999999999,0.9668700000000001,0
0.9668200000000001,0.96685,0.96686,0
0.9668100000000001,0.96686,0.96686,0
0.9668200000000001,0.9668700000000001,0.96685,0
0.9668200000000001,0.9668700000000001,0.9668399999999999,0
0.96683,0.9668700000000001,0.96683,0
0.9668399999999999,0.9668700000000001,0.9668200000000001,0
0.96685,0.96686,0.9668100000000001,0
0.96686,0.96685,0.9668100000000001,0
0.9668700000000001,0.9668399999999999,0.9668200000000001,0
0.9668700000000001,0.96683,0.96683,0
0.9668700000000001,0.9668200000000001,0.9668399999999999,0
0.96686,0.9668200000000001,0.96685,0
0.96686,0.9668100000000001,0.96686,0
0.96685,0.9668200000000001,0.96686,0
0.9668399999999999,0.9668200000000001,0.9668700000000001,0
0.96683,0.96683,0.9668700000000001,0
0.9668200000000001,0.9668399999999999,0.9668700000000001,0
0.9668100000000001,0.96685,0.96686,0
0.9668100000000001,0.96686,0.96685,0
0.9668200000000001,0.9668700000000001,0.9668399999999999,0
0.96683,0.9668700000000001,0.96683,0
0.9668399999999999,0.9668700000000001,0.9668200000000001,0
0.96685,0.96686,0.9668200000000001,0
0.96686,0.96686,0.9668100000000001,0
0.96686,0.96685,0.9668200000000001,0
0.9668700000000001,0.9668399999999999,0.9668200000000001,0
0.9668700000000001,0.96683,0.96683,0
0.9668700000000001,0.9668200000000001,0.9668399999999999,0
0.96686,0.9668100000000001,0.96685,0
0.96685,0.9668100000000001,0.96686,0
0.9668399999999999,0.9668200000000001,0.9668700000000001,0
0.96683,0.9668200000000001,0.9668700000000001,0
0.9668200000000001,0.96683,0.9668700000000001,0
0.9668200000000001,0.9668399999999999,0.9668700000000001,0
0.9668100000000001,0.96685,0.96686,0
0.9668200000000001,0.96686,0.96685,0
0.9668200000000001,0.9668700000000001,0.9668399999999999,0
0.96683,0.9668700000000001,0.96683,0
0.9668399999999999,0.9668700000000001,0.9668200000000001,0
0.96685,0.96686,0.9668100000000001,0
0.96686,0.96685,0.9668100000000001,0
0.9668700000000001,0.9668399999999999,0.9668200000000001,0
0.9668700000000001,0.96683,0.9668200000000001,0
0.9668700000000001,0.9668200000000001,0.96683,0
0.9668700000000001,0.9668200000000001,0.9668399999999999,0
0.96686,0.9668100000000001,0.96685,0
0.96685,0.9668100000000001,0.96686,0
0.9668399999999999,0.9668200000000001,0.9668700000000001,0
0.96683,0.96683,0.9668700000000001,0
0.9668200000000001,0.9668399999999999,0.9668700000000001,0
0.9668200000000001,0.96685,0.96686,0
0.9668100000000001,0.96686,0.96686,0
0.9668200000000001,0.96686,0.96685,0
0.9668200000000001,0.9668700000000001,0.96683,0
0.96683,0.9668700000000001,0.96683,0
0.9668399999999999,0.9668700000000001,0.9668200000000001,0
0.96685,0.96686,0.9668100000000001,0
0.96686,0.96685,0.9668100000000001,0
0.9668700000000001,0.9668399999999999,0.9668200000000001,0
0.9668700000000001,0.96683,0.96683,0
0.9668700000000001,0.9668200000000001,0.9668399999999999,0
0.96686,0.9668200000000001,0.96685,0
0.96686,0.9668100000000001,0.96686,0
0.96685,0.9668200000000001,0.96686,0
0.9668399999999999,0.9668200000000001,0.9668700000000001,0
0.96683,0.96683,0.9668700000000001,0
0.9668200000000001,0.9668399999999999,0.9668700000000001,0
0.9668100000000001,0.96685,0.96686,0
0.9668100000000001,0.96686,0.96685,0
0.9668200000000001,0.9668700000000001,0.9668399999999999,0
0.96683,0.9668700000000001,0.96683,0
0.9668399999999999,0.9668700000000001,0.9668200000000001,0
0.96685,0.96686,0.9668200000000001,0
0.96686,0.96686,0.9668100000000001,0
0.96686,0.96685,0.9668200000000001,0
0.9668700000000001,0.9668399999999999,0.9668200000000001,0
0.9668700000000001,0.96683,0.96683,0
0.9668700000000001,0.9668200000000001,0.9668399999999999,0
0.96686,0.9668100000000001,0.96685,0
0.96685,0.9668100000000001,0.96686,0
0.9668399999999999,0.9668200000000001,0.9668700000000001,0
0.96683,0.9668200000000001,0.9668700000000001,0
0.9668200000000001,0.96683,0.9668700000000001,0
0.9668200000000001,0.9668399999999999,0.96686,0
0.9668100000000001,0.96685,0.96686,0
0.9668100000000001,0.96686,0.96685,0
0.9668200000000001,0.9668700000000001,0.9668399999999999,0
0.96683,0.9668700000000001,0.96683,0
0.9668399999999999,0.9668700000000001,0.9668200000000001,0
0.96685,0.96686,0.9668100000000001,0
0.96686,0.96685,0.9668100000000001,0
0.96686,0.9668399999999999,0.9668200000000001,0
0.9668700000000001,0.96683,0.9668200000000001,0
0.9668700000000001,0.9668200000000001,0.96683,0
0.9668700000000001,0.9668200000000001,0.9668399999999999,0
0.96686,0.9668100000000001,0.96685,0
0.96685,0.9668100000000001,0.96686,0
0.9668399999999999,0.9668200000000001,0.9668700000000001,0
0.96683,0.96683,0.9668700000000001,0
0.9668200000000001,0.9668399999999999,0.9668700000000001,0
0.9668100000000001,0.96685,0.96686,0
0.9668100000000001,0.96686,0.96685,0
0.9668200000000001,0.96686,0.9668399999999999,0
0.9668200000000001,0.9668700000000001,0.96683,0
0.96683,0.9668700000000001,0.9668200000000001,0
0.9668399999999999,0.9668700000000001,0.9668200000000001,0
0.96685,0.96686,0.9668100000000001,0
0.96686,0.96685,0.9668100000000001,0
0.9668700000000001,0.9668399999999999,0.9668200000000001,0
0.9668700000000001,0.96683,0.96683,0
0.9668700000000001,0.9668200000000001,0.9668399999999999,0
0.96686,0.9668200000000001,0.96685,0
0.96686,0.9668100000000001,0.96686,0
0.96685,0.9668200000000001,0.96686,0
0.9668399999999999,0.9668200000000001,0.9668700000000001,0
0.96683,0.96683,0.9668700000000001,0
0.9668200000000001,0.9668399999999999,0.9668700000000001,0
0.9668100000000001,0.96685,0.96686,0
0.9668100000000001,0.96686,0.96685,0
0.9668200000000001,0.9668700000000001,0.9668399999999999,0
0.9668200000000001,0.9668700000000001,0.96683,0
0.96683,0.9668700000000001,0.9668200000000001,0
0.96685,0.96686,0.9668200000000001,0
0.96685,0.96686,0.9668100000000001,0
0.96686,0.96685,0.9668100000000001,0
0.9668700000000001,0.9668399999999999,0.9668200000000001,0
0.9668700000000001,0.96683,0.96683,0
0.9668700000000001,0.9668200000000001,0.9668399999999999,0
0.96686,0.9668100000000001,0.96685,0
0.96685,0.9668100000000001,0.96686,0
0.9668399999999999,0.9668200000000001,0.9668700000000001,0
0.96683,0.9668200000000001,0.9668700000000001,0
0.9668200000000001,0.96683,0.9668700000000001,0
0.9668200000000001,0.9668399999999999,0.96686,0
0.9668100000000001,0.96685,0.96686,0
0.9668100000000001,0.96686,0.96685,0
0.9668200000000001,0.9668700000000001,0.9668399999999999,0
0.96683,0.9668700000000001,0.96683,0
0.9668399999999999,0.9668700000000001,0.9668200000000001,0
0.96685,0.96686,0.9668100000000001,0
0.96686,0.96685,0.9668100000000001,0
0.96686,0.9668399999999999,0.9668200000000001,0
0.9668700000000001,0.96683,0.9668200000000001,0
0.9668700000000001,0.9668200000000001,0.96683,0
0.96686,0.9668200000000001,0.9668399999999999,0
0.96686,0.9668100000000001,0.96685,0
0.96685,0.9668100000000001,0.96686,0
0.9668399999999999,0.9668200000000001,0.9668700000000001,0
0.96683,0.96683,0.9668700000000001,0
0.9668200000000001,0.9668399999999999,0.9668700000000001,0
0.9668100000000001,0.96685,0.96686,0
0.9668100000000001,0.96686,0.96685,0
0.9668200000000001,0.96686,0.9668399999999999,0
0.9668200000000001,0.9668700000000001,0.96683,0
0.96683,0.9668700000000001,0.9668200000000001,0
0.9668399999999999,0.9668700000000001,0.9668200000000001,0
0.96685,0.96686,0.9668100000000001,0
0.96686,0.96685,0.9668100000000001,0
0.9668700000000001,0.9668399999999999,0.9668200000000001,0
0.9668700000000001,0.96683,0.96683,0
0.9668700000000001,0.9668200000000001,0.9668399999999999,0
0.96686,0.9668100000000001,0.96685,0
0.96685,0.9668100000000001,0.96686,0
0.96685,0.9668100000000001,0.96686,0
0.96683,0.9668200000000001,0.9668700000000001,0
0.96683,0.96683,0.9668700000000001,0
0.9668200000000001,0.9668399999999999,0.9668700000000001,0
0.9668100000000001,0.96685,0.96686,0
0.9668100000000001,0.96686,0.96685,0
0.9668200000000001,0.9668700000000001,0.9668399999999999,0
0.9668200000000001,0.9668700000000001,0.96683,0
0.96683,0.9668700000000001,0.9668200000000001,0
0.9668399999999999,0.96686,0.9668100000000001,0
0.96685,0.96686,0.9668100000000001,0
0.96686,0.96685,0.9668100000000001,0
0.9668700000000001,0.9668399999999999,0.9668200000000001,0
0.9668700000000001,0.96683,0.96683,0
0.9668700000000001,0.9668200000000001,0.9668399999999999,0
0.96686,0.9668100000000001,0.96685,0
0.96685,0.9668100000000001,0.96686,0
0.9668399999999999,0.9668200000000001,0.96686,0
0.96683,0.9668200000000001,0.9668700000000001,0
0.9668200000000001,0.96683,0.9668700000000001,0
0.9668200000000001,0.9668399999999999,0.96686,0
0.9668100000000001,0.96685,0.96686,0
0.9668100000000001,0.96686,0.96685,0
0.9668200000000001,0.9668700000000001,0.9668399999999999,0
0.96683,0.9668700000000001,0.96683,0
0.9668399999999999,0.9668700000000001,0.9668200000000001,0
0.96685,0.96686,0.9668100000000001,0
0.96686,0.96685,0.9668100000000001,0
0.96686,0.9668399999999999,0.9668200000000001,0
0.9668700000000001,0.96683,0.9668200000000001,0
0.9668700000000001,0.9668200000000001,0.96683,0
0.96686,0.9668200000000001,0.9668399999999999,0
0.96686,0.9668100000000001,0.96685,0
0.96685,0.9668100000000001,0.96686,0
0.9668399999999999,0.9668200000000001,0.9668700000000001,0
0.96683,0.96683,0.9668700000000001,0
0.9668200000000001,0.9668399999999999,0.9668700000000001,0
0.9668100000000001,0.96685,0.96686,0
0.9668100000000001,0.96686,0.96685,0
0.9668100000000001,0.96686,0.9668399999999999,0
0.9668200000000001,0.9668700000000001,0.96683,0
0.96683,0.9668700000000001,0.9668200000000001,0
0.9668399999999999,0.96686,0.9668200000000001,0
0.96685,0.96686,0.9668100000000001,0
0.96686,0.96685,0.9668100000000001,0
0.9668700000000001,0.9668399999999999,0.9668200000000001,0
0.9668700000000001,0.96683,0.96683,0
0.9668700000000001,0.9668200000000001,0.9668399999999999,0
0.96686,0.9668100000000001,0.96685,0
0.96685,0.9668100000000001,0.96686,0
0.9668399999999999,0.9668100000000001,0.96686,0
0.96683,0.9668200000000001,0.9668700000000001,0
0.9668200000000001,0.96683,0.9668700000000001,0
0.9668200000000001,0.9668399999999999,0.96686,0
0.9668100000000001,0.96685,0.96686,0
0.9668100000000001,0.96686,0.96685,0
0.9668200000000001,0.96686,0.9668399999999999,0
0.9668200000000001,0.9668700000000001,0.96683,0
0.96683,0.9668700000000001,0.9668200000000001,0
0.9668399999999999,0.96686,0.9668100000000001,0
0.96685,0.96686,0.9668100000000001,0
0.96686,0.96685,0.9668100000000001,0
0.9668700000000001,0.9668399999999999,0.9668200000000001,0
0.9668700000000001,0.96683,0.96683,0
0.9668700000000001,0.9668200000000001,0.9668399999999999,0
0.96686,0.9668100000000001,0.96685,0
0.96685,0.9668100000000001,0.96686,0
0.9668399999999999,0.9668200000000001,0.96686,0
0.96683,0.9668200000000001,0.9668700000000001,0
0.9668200000000001,0.96683,0.9668700000000001,0
0.9668100000000001,0.9668399999999999,0.96686,0
0.9668100000000001,0.96685,0.96686,0
0.9668100000000001,0.96686,0.96685,0
0.9668200000000001,0.9668700000000001,0.9668399999999999,0
0.96683,0.9668700000000001,0.96683,0
0.9668399999999999,0.9668700000000001,0.9668200000000001,0
0.96685,0.96686,0.9668100000000001,0
0.96686,0.96685,0.9668100000000001,0
0.96686,0.9668399999999999,0.9668200000000001,0
0.9668700000000001,0.96683,0.9668200000000001,0
0.9668700000000001,0.9668200000000001,0.96683,0
0.96686,0.9668200000000001,0.9668399999999999,0
0.96686,0.9668100000000001,0.96685,0
0.96685,0.9668100000000001,0.96686,0
0.9668399999999999,0.9668200000000001,0.9668700000000001,0
0.96683,0.96683,0.9668700000000001,0
0.9668200000000001,0.9668399999999999,0.9668700000000001,0
0.9668100000000001,0.96685,0.96686,0
0.9668100000000001,0.96686,0.96685,0
0.9668100000000001,0.96686,0.9668399999999999,0
0.9668200000000001,0.9668700000000001,0.96683,0
0.96683,0.9668700000000001,0.9668200000000001,0
0.9668399999999999,0.96686,0.9668200000000001,0
0.96685,0.96686,0.9668100000000001,0
0.96686,0.96685,0.9668100000000001,0
0.9668700000000001,0.9668399999999999,0.9668200000000001,0
0.9668700000000001,0.96683,0.9668200000000001,0
0.9668700000000001,0.9668200000000001,0.96683,0
0.96686,0.9668100000000001,0.96685,0
0.96685,0.9668100000000001,0.96686,0
0.9668399999999999,0.9668100000000001,0.96686,0
0.96683,0.9668200000000001,0.9668700000000001,0
0.9668200000000001,0.96683,0.9668700000000001,0
0.9668200000000001,0.9668399999999999,0.96686,0
0.9668100000000001,0.96685,0.96686,0
0.9668100000000001,0.96686,0.96685,0
0.9668200000000001,0.96686,0.9668399999999999,0
0.9668200000000001,0.9668700000000001,0.96683,0
0.96683,0.9668700000000001,0.9668200000000001,0
0.9668399999999999,0.96686,0.9668100000000001,0
0.96685,0.96685,0.9668100000000001,0
0.96686,0.96685,0.9668100000000001,0
0.9668700000000001,0.9668399999999999,0.9668200000000001,0
0.9668700000000001,0.96683,0.96683,0
0.9668700000000001,0.9668200000000001,0.9668399999999999,0
0.96686,0.9668100000000001,0.96685,0
0.96685,0.9668100000000001,0.96686,0
0.9668399999999999,0.9668200000000001,0.96686,0
0.96683,0.9668200000000001,0.9668700000000001,0
0.9668200000000001,0.96683,0.9668700000000001,0
0.9668100000000001,0.9668399999999999,0.96686,0
0.9668100000000001,0.96685,0.96686,0
0.9668100000000001,0.96686,0.96685,0
0.9668200000000001,0.9668700000000001,0.9668399999999999,0
0.96683,0.9668700000000001,0.96683,0
0.9668399999999999,0.9668700000000001,0.9668200000000001,0
0.96685,0.96686,0.9668100000000001,0
0.96686,0.96685,0.9668100000000001,0
0.96686,0.9668399999999999,0.9668100000000001,0
0.9668700000000001,0.96683,0.9668200000000001,0
0.9668700000000001,0.9668200000000001,0.96683,0
0.96686,0.9668200000000001,0.9668399999999999,0
0.96686,0.9668100000000001,0.96685,0
0.96685,0.9668100000000001,0.96686,0
0.9668399999999999,0.9668200000000001,0.9668700000000001,0
0.96683,0.96683,0.9668700000000001,0
0.9668200000000001,0.9668399999999999,0.9668700000000001,0
0.9668100000000001,0.96685,0.96686,0
0.9668100000000001,0.96686,0.96685,0
0.9668100000000001,0.96686,0.9668399999999999,0
0.9668200000000001,0.9668700000000001,0.96683,0
0.96683,0.9668700000000001,0.9668200000000001,0
0.9668399999999999,0.96686,0.9668200000000001,0
0.96685,0.96686,0.9668100000000001,0
0.96686,0.96685,0.9668100000000001,0
0.96686,0.9668399999999999,0.9668200000000001,0
0.9668700000000001,0.96683,0.9668200000000001,0
0.9668700000000001,0.9668200000000001,0.96683,0
0.96686,0.9668100000000001,0.96685,0
0.96685,0.9668100000000001,0.96685,0
0.9668399999999999,0.9668100000000001,0.96686,0
0.96683,0.9668200000000001,0.9668700000000001,0
0.9668200000000001,0.96683,0.9668700000000001,0
0.9668200000000001,0.9668399999999999,0.96686,0
0.9668100000000001,0.96685,0.96686,0
0.9668100000000001,0.96686,0.96685,0
0.9668200000000001,0.96686,0.9668399999999999,0
0.9668200000000001,0.9668700000000001,0.96683,0
0.96683,0.9668700000000001,0.9668200000000001,0
0.9668399999999999,0.96686,0.9668100000000001,0
0.96685,0.96685,0.9668100000000001,0
0.96686,0.96685,0.9668100000000001,0
0.9668700000000001,0.96683,0.9668200000000001,0
0.9668700000000001,0.9668200000000001,0.96683,0
0.96686,0.9668200000000001,0.9668399999999999,0
0.96686,0.9668100000000001,0.96685,0
0.96685,0.9668100000000001,0.96686,0
0.9668399999999999,0.9668200000000001,0.96686,0
0.96683,0.9668200000000001,0.9668700000000001,0
0.9668200000000001,0.96683,0.9668700000000001,0
0.9668100000000001,0.9668399999999999,0.96686,0
0.9668100000000001,0.96685,0.96686,0
0.9668100000000001,0.96686,0.96685,0
0.9668200000000001,0.9668700000000001,0.9668399999999999,0
0.96683,0.9668700000000001,0.96683,0
0.9668399999999999,0.9668700000000001,0.9668200000000001,0
0.96685,0.96686,0.9668100000000001,0
0.96686,0.96685,0.9668100000000001,0
0.96686,0.9668399999999999,0.9668100000000001,0
0.9668700000000001,0.96683,0.9668200000000001,0
0.9668700000000001,0.9668200000000001,0.96683,0
0.96686,0.9668100000000001,0.9668399999999999,0
0.96686,0.9668100000000001,0.96685,0
0.96685,0.9668100000000001,0.96686,0
0.9668399999999999,0.9668200000000001,0.9668700000000001,0
0.96683,0.96683,0.9668700000000001,0
0.9668200000000001,0.9668399999999999,0.9668700000000001,0
0.9668100000000001,0.96685,0.96686,0
0.9668100000000001,0.96686,0.96685,0
0.9668100000000001,0.96686,0.9668399999999999,0
0.9668200000000001,0.9668700000000001,0.96683,0
0.96683,0.9668700000000001,0.9668200000000001,0
0.9668399999999999,0.96686,0.9668200000000001,0
0.96685,0.96686,0.9668100000000001,0
0.96686,0.96685,0.9668100000000001,0
0.96686,0.9668399999999999,0.9668200000000001,0
0.9668700000000001,0.96683,0.9668200000000001,0
0.9668700000000001,0.9668200000000001,0.96683,0
0.96686,0.9668100000000001,0.96685,0
0.96685,0.9668100000000001,0.96685,0
0.9668399999999999,0.9668100000000001,0.96686,0
0.96683,0.9668200000000001,0.9668700000000001,0
0.9668200000000001,0.96683,0.9668700000000001,0
0.9668200000000001,0.9668399999999999,0.96686,0
0.9668100000000001,0.96685,0.96686,0
0.9668100000000001,0.96686,0.96685,0
0.9668200000000001,0.96686,0.9668399999999999,0
0.9668200000000001,0.9668700000000001,0.96683,0
0.96683,0.9668700000000001,0.9668200000000001,0
0.9668399999999999,0.96686,0.9668100000000001,0
0.96685,0.96685,0.9668100000000001,0
0.96686,0.9668399999999999,0.9668100000000001,0
0.9668700000000001,0.96683,0.9668200000000001,0
0.9668700000000001,0.9668200000000001,0.96683,0
0.96686,0.9668200000000001,0.9668399999999999,0
0.96686,0.9668100000000001,0.96685,0
0.96685,0.9668100000000001,0.96686,0
0.9668399999999999,0.9668200000000001,0.96686,0
0.96683,0.9668200000000001,0.9668700000000001,0
0.9668200000000001,0.96683,0.9668700000000001,0
0.9668100000000001,0.9668399999999999,0.96686,0
0.9668100000000001,0.96685,0.96686,0
0.9668100000000001,0.96686,0.96685,0
0.9668200000000001,0.9668700000000001,0.9668399999999999,0
0.96683,0.9668700000000001,0.96683,0
0.9668399999999999,0.96686,0.9668200000000001,0
0.96685,0.96686,0.9668100000000001,0
0.96686,0.96685,0.9668100000000001,0
0.96686,0.9668399999999999,0.9668100000000001,0
0.9668700000000001,0.96683,0.9668200000000001,0
0.9668700000000001,0.9668200000000001,0.96683,0
0.96686,0.9668100000000001,0.9668399999999999,0
0.96686,0.9668100000000001,0.96685,0
0.96685,0.9668100000000001,0.96686,0
0.9668399999999999,0.9668200000000001,0.9668700000000001,0
0.96683,0.96683,0.9668700000000001,0
0.9668200000000001,0.9668399999999999,0.9668700000000001,0
0.9668100000000001,0.96685,0.96686,0
0.9668100000000001,0.96686,0.96685,0
0.9668100000000001,0.96686,0.9668399999999999,0
0.9668200000000001,0.9668700000000001,0.96683,0
0.96683,0.9668700000000001,0.9668200000000001,0
0.9668399999999999,0.96686,0.9668200000000001,0
0.96685,0.96686,0.9668100000000001,0
0.96686,0.96685,0.9668100000000001,0
0.96686,0.9668399999999999,0.9668200000000001,0
0.9668700000000001,0.96683,0.9668200000000001,0
0.9668700000000001,0.9668200000000001,0.96683,0
0.96686,0.9668100000000001,0.9668399999999999,0
0.96685,0.9668100000000001,0.96685,0
0.9668399999999999,0.9668100000000001,0.96686,0
0.96683,0.9668200000000001,0.9668700000000001,0
0.9668200000000001,0.96683,0.9668700000000001,0
0.9668200000000001,0.9668399999999999,0.96686,0
0.9668100000000001,0.96685,0.96686,0
0.9668100000000001,0.96686,0.96685,0
0.9668200000000001,0.96686,0.9668399999999999,0
0.9668200000000001,0.9668700000000001,0.96683,0
0.96683,0.9668700000000001,0.9668200000000001,0
0.9668399999999999,0.96686,0.9668100000000001,0
0.96685,0.96685,0.9668100000000001,0
0.96686,0.9668399999999999,0.9668100000000001,0
0.9668700000000001,0.96683,0.9668200000000001,0
0.9668700000000001,0.9668200000000001,0.96683,0
0.96686,0.9668200000000001,0.9668399999999999,0
0.96686,0.9668100000000001,0.96685,0
0.96685,0.9668100000000001,0.96686,0
0.9668399999999999,0.9668100000000001,0.96686,0
0.96683,0.9668200000000001,0.9668700000000001,0
0.9668200000000001,0.96683,0.9668700000000001,0
0.9668100000000001,0.9668399999999999,0.96686,0
0.9668100000000001,0.96685,0.96686,0
0.9668100000000001,0.96686,0.96685,0
0.9668200000000001,0.9668700000000001,0.9668399999999999,0
0.96683,0.9668700000000001,0.96683,0
0.9668399999999999,0.96686,0.9668200000000001,0
0.96685,0.96686,0.9668100000000001,0
0.96686,0.96685,0.9668100000000001,0
0.96686,0.9668399999999999,0.9668100000000001,0
0.9668700000000001,0.96683,0.9668200000000001,0
0.9668700000000001,0.9668200000000001,0.96683,0
0.96686,0.9668100000000001,0.9668399999999999,0
0.96686,0.9668100000000001,0.96685,0
0.96685,0.9668100000000001,0.96686,0
0.9668399999999999,0.9668200000000001,0.96686,0
0.96683,0.96683,0.9668700000000001,0
0.9668200000000001,0.9668399999999999,0.9668700000000001,0
0.9668100000000001,0.96685,0.96686,0
0.9668100000000001,0.96686,0.96685,0
0.9668100000000001,0.96686,0.9668399999999999,0
0.9668200000000001,0.9668700000000001,0.96683,0
0.96683,0.9668700000000001,0.9668200000000001,0
0.9668399999999999,0.96686,0.9668100000000001,0
0.96685,0.96686,0.9668100000000001,0
0.96686,0.96685,0.9668100000000001,0
0.96686,0.9668399999999999,0.9668200000000001,0
0.9668700000000001,0.96683,0.9668200000000001,0
0.9668700000000001,0.9668200000000001,0.96683,0
0.96686,0.9668100000000001,0.9668399999999999,0
0.96685,0.9668100000000001,0.96685,0
0.9668399999999999,0.9668100000000001,0.96686,0
0.96683,0.9668200000000001,0.9668700000000001,0
0.9668200000000001,0.96683,0.9668700000000001,0
0.9668200000000001,0.9668399999999999,0.96686,0
0.9668100000000001,0.96685,0.96686,0
0.9668100000000001,0.96686,0.96685,0
0.9668200000000001,0.96686,0.9668399999999999,0
0.9668200000000001,0.9668700000000001,0.96683,0
0.96683,0.9668700000000001,0.9668200000000001,0
0.9668399999999999,0.96686,0.9668100000000001,0
0.96685,0.96685,0.9668100000000001,0
0.96686,0.9668399999999999,0.9668100000000001,0
0.9668700000000001,0.96683,0.9668200000000001,0
0.9668700000000001,0.9668200000000001,0.96683,0
0.96686,0.9668200000000001,0.9668399999999999,0
0.96686,0.9668100000000001,0.96685,0
0.96685,0.9668100000000001,0.96686,0
0.9668399999999999,0.9668100000000001,0.96686,0
0.96683,0.9668200000000001,0.9668700000000001,0
0.9668200000000001,0.96683,0.9668700000000001,0
0.9668100000000001,0.9668399999999999,0.96686,0
0.9668100000000001,0.96685,0.96685,0
0.9668100000000001,0.96686,0.96685,0
0.9668200000000001,0.9668700000000001,0.9668399999999999,0
0.96683,0.9668700000000001,0.96683,0
0.9668399999999999,0.96686,0.9668200000000001,0
0.96685,0.96686,0.9668100000000001,0
0.96686,0.96685,0.9668100000000001,0
0.96686,0.9668399999999999,0.9668100000000001,0
0.9668700000000001,0.96683,0.9668200000000001,0
0.9668700000000001,0.9668200000000001,0.96683,0
0.96686,0.9668100000000001,0.9668399999999999,0
0.96686,0.9668100000000001,0.96685,0
0.96685,0.9668100000000001,0.96686,0
0.9668399999999999,0.9668200000000001,0.96686,0
0.96683,0.96683,0.9668700000000001,0
0.9668200000000001,0.9668399999999999,0.9668700000000001,0
0.9668100000000001,0.96685,0.96686,0
0.9668100000000001,0.96686,0.96685,0
0.9668100000000001,0.96686,0.9668399999999999,0
0.9668200000000001,0.9668700000000001,0.96683,0
0.96683,0.9668700000000001,0.9668200000000001,0
0.9668399999999999,0.96686,0.9668100000000001,0
0.96685,0.96686,0.9668100000000001,0
0.96686,0.96685,0.9668100000000001,0
0.96686,0.9668399999999999,0.9668200000000001,0
0.9668700000000001,0.96683,0.9668200000000001,0
0.9668700000000001,0.9668200000000001,0.96683,0
0.96686,0.9668100000000001,0.9668399999999999,0
0.96685,0.9668100000000001,0.96685,0
0.9668399999999999,0.9668100000000001,0.96686,0
0.96683,0.9668200000000001,0.9668700000000001,0
0.9668200000000001,0.96683,0.9668700000000001,0
0.9668200000000001,0.9668399999999999,0.96686,0
0.9668100000000001,0.96685,0.96686,0
0.9668100000000001,0.96686,0.96685,0
0.9668200000000001,0.96686,0.9668399999999999,0
0.9668200000000001,0.9668700000000001,0.96683,0
0.96683,0.9668700000000001,0.9668200000000001,0
0.9668399999999999,0.96686,0.9668100000000001,0
0.96685,0.96685,0.9668100000000001,0
0.96686,0.9668399999999999,0.9668100000000001,0
0.9668700000000001,0.96683,0.9668200000000001,0
0.9668700000000001,0.9668200000000001,0.96683,0
0.96686,0.9668200000000001,0.9668399999999999,0
0.96686,0.9668100000000001,0.96685,0
0.96685,0.9668100000000001,0.96686,0
0.9668399999999999,0.9668100000000001,0.96686,0
0.96683,0.9668200000000001,0.9668700000000001,0
0.9668200000000001,0.96683,0.9668700000000001,0
0.9668100000000001,0.9668399999999999,0.96686,0
0.9668100000000001,0.96685,0.96685,0
0.9668100000000001,0.96686,0.96685,0
0.9668200000000001,0.9668700000000001,0.9668399999999999,0
0.96683,0.9668700000000001,0.96683,0
0.9668399999999999,0.96686,0.9668200000000001,0
0.96685,0.96686,0.9668100000000001,0
0.96686,0.96685,0.9668100000000001,0
0.96686,0.9668399999999999,0.9668100000000001,0
0.9668700000000001,0.96683,0.9668200000000001,0
0.9668700000000001,0.9668200000000001,0.96683,0
0.96686,0.9668100000000001,0.9668399999999999,0
0.96686,0.9668100000000001,0.96685,0
0.96685,0.9668100000000001,0.96686,0
0.9668399999999999,0.9668200000000001,0.96686,0
0.96683,0.96683,0.9668700000000001,0
0.9668200000000001,0.9668399999999999,0.9668700000000001,0
0.9668100000000001,0.96685,0.96686,0
0.9668100000000001,0.96686,0.96685,0
0.9668100000000001,0.96686,0.9668399999999999,0
0.9668200000000001,0.9668700000000001,0.96683,0
0.96683,0.9668700000000001,0.9668200000000001,0
0.9668399999999999,0.96686,0.9668100000000001,0
0.96685,0.96686,0.9668100000000001,0
0.96686,0.96685,0.9668100000000001,0
0.96686,0.9668399999999999,0.9668200000000001,0
0.9668700000000001,0.96683,0.9668200000000001,0
0.9668700000000001,0.9668200000000001,0.96683,0
0.96686,0.9668100000000001,0.96685,0
0.96685,0.9668100000000001,0.96685,0
0.9668399999999999,0.9668100000000001,0.96686,0
0.96683,0.9668200000000001,0.9668700000000001,0
0.9668200000000001,0.96683,0.9668700000000001,0
0.9668200000000001,0.9668399999999999,0.96686,0
0.9668100000000001,0.96685,0.96686,0
0.9668100000000001,0.96686,0.96685,0
0.9668200000000001,0.96686,0.9668399999999999,0
0.9668200000000001,0.9668700000000001,0.96683,0
0.96683,0.9668700000000001,0.9668200000000001,0
0.9668399999999999,0.96686,0.9668100000000001,0
0.96685,0.96685,0.9668100000000001,0
0.96686,0.9668399999999999,0.9668100000000001,0
0.9668700000000001,0.96683,0.9668200000000001,0
0.9668700000000001,0.9668200000000001,0.96683,0
0.96686,0.9668200000000001,0.9668399999999999,0
0.96686,0.9668100000000001,0.96685,0
0.96685,0.9668100000000001,0.96686,0
0.9668399999999999,0.9668200000000001,0.96686,0
0.96683,0.9668200000000001,0.9668700000000001,0
0.9668200000000001,0.96683,0.9668700000000001,0
0.9668100000000001,0.9668399999999999,0.96686,0
0.9668100000000001,0.96685,0.96685,0
0.9668100000000001,0.96686,0.96685,0
0.9668200000000001,0.9668700000000001,0.9668399999999999,0
0.96683,0.9668700000000001,0.96683,0
0.9668399999999999,0.96686,0.9668200000000001,0
0.96685,0.96686,0.9668100000000001,0
0.96686,0.96685,0.9668100000000001,0
0.96686,0.9668399999999999,0.9668100000000001,0
0.9668700000000001,0.96683,0.9668200000000001,0
0.9668700000000001,0.9668200000000001,0.96683,0
0.96686,0.9668100000000001,0.9668399999999999,0
0.96686,0.9668100000000001,0.96685,0
0.96685,0.9668100000000001,0.96686,0
0.9668399999999999,0.9668200000000001,0.9668700000000001,0
0.96683,0.96683,0.9668700000000001,0
0.9668200000000001,0.9668399999999999,0.9668700000000001,0
0.9668100000000001,0.96685,0.96686,0
0.9668100000000001,0.96686,0.96685,0
0.9668100000000001,0.96686,0.9668399999999999,0
0.9668200000000001,0.9668700000000001,0.96683,0
0.96683,0.9668700000000001,0.9668200000000001,0
0.9668399999999999,0.96686,0.9668100000000001,0
0.96685,0.96686,0.9668100000000001,0
0.96686,0.96685,0.9668100000000001,0
0.96686,0.9668399999999999,0.9668200000000001,0
0.9668700000000001,0.96683,0.9668200000000001,0
0.9668700000000001,0.9668200000000001,0.96683,0
0.96686,0.9668100000000001,0.96685,0
0.96685,0.9668100000000001,0.96685,0
0.9668399999999999,0.9668100000000001,0.96686,0
0.96683,0.9668200000000001,0.9668700000000001,0
0.9668200000000001,0.96683,0.9668700000000001,0
0.9668200000000001,0.9668399999999999,0.96686,0
0.9668100000000001,0.96685,0.96686,0
0.9668100000000001,0.96686,0.96685,0
0.9668200000000001,0.96686,0.9668399999999999,0
0.9668200000000001,0.9668700000000001,0.96683,0
0.96683,0.9668700000000001,0.9668200000000001,0
0.9668399999999999,0.96686,0.9668100000000001,0
0.96685,0.96685,0.9668100000000001,0
0.96686,0.9668399999999999,0.9668100000000001,0
0.9668700000000001,0.96683,0.9668200000000001,0
0.9668700000000001,0.9668200000000001,0.96683,0
0.96686,0.9668200000000001,0.9668399999999999,0
0.96686,0.9668100000000001,0.96685,0
0.96685,0.9668100000000001,0.96686,0
0.9668399999999999,0.9668200000000001,0.96686,0
0.96683,0.9668200000000001,0.9668700000000001,0
0.9668200000000001,0.96683,0.9668700000000001,0
0.9668100000000001,0.9668399999999999,0.96686,0
0.9668100000000001,0.96685,0.96685,0
0.9668100000000001,0.96686,0.96685,0
0.9668200000000001,0.9668700000000001,0.9668399999999999,0
0.96683,0.9668700000000001,0.96683,0
0.9668399999999999,0.96686,0.9668200000000001,0
0.96685,0.96686,0.9668100000000001,0
0.96686,0.96685,0.9668100000000001,0
0.96686,0.9668399999999999,0.9668100000000001,0
0.9668700000000001,0.96683,0.9668200000000001,0
0.9668700000000001,0.9668200000000001,0.96683,0
0.96686,0.9668100000000001,0.9668399999999999,0
0.96686,0.9668100000000001,0.96685,0
0.96685,0.9668100000000001,0.96686,0
0.9668399999999999,0.9668200000000001,0.9668700000000001,0
0.96683,0.96683,0.9668700000000001,0
0.9668200000000001,0.9668399999999999,0.9668700000000001,0
0.9668100000000001,0.96685,0.96686,0
0.9668100000000001,0.96686,0.96685,0
0.9668100000000001,0.96686,0.9668399999999999,0
0.9668200000000001,0.9668700000000001,0.96683,0
0.96683,0.9668700000000001,0.9668200000000001,0
0.9668399999999999,0.96686,0.9668100000000001,0
0.96685,0.96686,0.9668100000000001,0
0.96686,0.96685,0.9668100000000001,0
0.96686,0.9668399999999999,0.9668200000000001,0
0.9668700000000001,0.96683,0.9668200000000001,0
0.9668700000000001,0.9668200000000001,0.96683,0
0.96686,0.9668100000000001,0.96685,0
0.96685,0.9668100000000001,0.96685,0
0.9668399999999999,0.9668100000000001,0.96686,0
0.96683,0.9668200000000001,0.9668700000000001,0
0.9668200000000001,0.96683,0.9668700000000001,0
0.9668200000000001,0.9668399999999999,0.96686,0
0.9668100000000001,0.96685,0.96686,0
0.9668100000000001,0.96686,0.96685,0
0.9668200000000001,0.96686,0.9668399999999999,0
0.9668200000000001,0.9668700000000001,0.96683,0
0.96683,0.9668700000000001,0.9668200000000001,0
0.9668399999999999,0.96686,0.9668100000000001,0
0.96685,0.96685,0.9668100000000001,0
0.96686,0.9668399999999999,0.9668100000000001,0
0.9668700000000001,0.96683,0.9668200000000001,0
0.9668700000000001,0.9668200000000001,0.96683,0
0.96686,0.9668200000000001,0.9668399999999999,0
0.96686,0.9668100000000001,0.96685,0
0.96685,0.9668100000000001,0.96686,0
0.9668399999999999,0.9668200000000001,0.96686,0
0.96683,0.9668200000000001,0.9668700000000001,0
0.9668200000000001,0.96683,0.9668700000000001,0
0.9668100000000001,0.9668399999999999,0.96686,0
0.9668100000000001,0.96685,0.96685,0
0.9668100000000001,0.96686,0.96685,0
0.9668200000000001,0.9668700000000001,0.9668399999999999,0
0.96683,0.9668700000000001,0.96683,0
0.9668399999999999,0.96686,0.9668200000000001,0
0.96685,0.96686,0.9668100000000001,0
0.96686,0.96685,0.9668100000000001,0
0.96686,0.9668399999999999,0.9668100000000001,0
0.9668700000000001,0.96683,0.9668200000000001,0
0.9668700000000001,0.9668200000000001,0.96683,0
0.96686,0.9668100000000001,0.9668399999999999,0
0.96686,0.9668100000000001,0.96685,0
0.96685,0.9668100000000001,0.96686,0
0.9668399999999999,0.9668200000000001,0.9668700000000001,0
0.96683,0.96683,0.9668700000000001,0
0.9668200000000001,0.9668399999999999,0.9668700000000001,0
0.9668100000000001,0.96685,0.96686,0
0.9668100000000001,0.96686,0.96685,0
0.9668100000000001,0.96686,0.9668399999999999,0
0.9668200000000001,0.9668700000000001,0.96683,0
0.96683,0.9668700000000001,0.9668200000000001,0
0.9668399999999999,0.96686,0.9668200000000001,0
0.96685,0.96686,0.9668100000000001,0
0.96686,0.96685,0.9668100000000001,0
0.9668700000000001,0.9668399999999999,0.9668200000000001,0
0.9668700000000001,0.96683,0.96683,0
0.9668700000000001,0.9668200000000001,0.9668399999999999,0
0.96686,0.9668100000000001,0.96685,0
0.96685,0.9668100000000001,0.96686,0
0.9668399999999999,0.9668100000000001,0.96686,0
0.96683,0.9668200000000001,0.9668700000000001,0
0.9668200000000001,0.96683,0.9668700000000001,0
0.9668200000000001,0.9668399999999999,0.96686,0
0.9668100000000001,0.96685,0.96686,0
0.9668100000000001,0.96686,0.96685,0
0.9668200000000001,0.96686,0.9668399999999999,0
0.9668200000000001,0.9668700000000001,0.96683,0
0.96683,0.9668700000000001,0.9668200000000001,0
0.9668399999999999,0.96686,0.9668100000000001,0
0.96685,0.96685,0.9668100000000001,0
0.96686,0.9668399999999999,0.9668100000000001,0
0.9668700000000001,0.96683,0.9668200000000001,0
0.9668700000000001,0.9668200000000001,0.96683,0
0.96686,0.9668200000000001,0.9668399999999999,0
0.96686,0.9668100000000001,0.96685,0
0.96685,0.9668100000000001,0.96686,0
0.9668399999999999,0.9668200000000001,0.96686,0
0.96683,0.9668200000000001,0.9668700000000001,0
0.9668200000000001,0.96683,0.9668700000000001,0
0.9668100000000001,0.9668399999999999,0.96686,0
0.9668100000000001,0.96685,0.96686,0
0.9668100000000001,0.96686,0.96685,0
0.9668200000000001,0.9668700000000001,0.9668399999999999,0
0.96683,0.9668700000000001,0.96683,0
0.9668399999999999,0.9668700000000001,0.9668200000000001,0
0.96685,0.96686,0.9668100000000001,0
0.96686,0.96685,0.9668100000000001,0
0.96686,0.9668399999999999,0.9668200000000001,0
0.9668700000000001,0.96683,0.9668200000000001,0
0.9668700000000001,0.9668200000000001,0.96683,0
0.96686,0.9668100000000001,0.9668399999999999,0
0.96686,0.9668100000000001,0.96685,0
0.96685,0.9668100000000001,0.96686,0
0.9668399999999999,0.9668200000000001,0.9668700000000001,0
0.96683,0.96683,0.9668700000000001,0
0.9668200000000001,0.9668399999999999,0.9668700000000001,0
0.9668100000000001,0.96685,0.96686,0
0.9668100000000001,0.96686,0.96685,0
0.9668100000000001,0.96686,0.9668399999999999,0
0.9668200000000001,0.9668700000000001,0.96683,0
0.96683,0.9668700000000001,0.9668200000000001,0
0.9668399999999999,0.96686,0.9668200000000001,0
0.96685,0.96686,0.9668100000000001,0
0.96686,0.96685,0.9668100000000001,0
0.9668700000000001,0.9668399999999999,0.9668200000000001,0
0.9668700000000001,0.96683,0.96683,0
0.9668700000000001,0.9668200000000001,0.9668399999999999,0
0.96686,0.9668100000000001,0.96685,0
0.96685,0.9668100000000001,0.96686,0
0.9668399999999999,0.9668100000000001,0.96686,0
0.96683,0.9668200000000001,0.9668700000000001,0
0.9668200000000001,0.96683,0.9668700000000001,0
0.9668200000000001,0.9668399999999999,0.96686,0
0.9668100000000001,0.96685,0.96686,0
0.9668100000000001,0.96686,0.96685,0
0.9668200000000001,0.96686,0.9668399999999999,0
0.9668200000000001,0.9668700000000001,0.96683,0
0.96683,0.9668700000000001,0.9668200000000001,0
0.9668399999999999,0.96686,0.9668100000000001,0
0.96685,0.96685,0.9668100000000001,0
0.96686,0.9668399999999999,0.9668100000000001,0
0.9668700000000001,0.96683,0.9668200000000001,0
0.9668700000000001,0.9668200000000001,0.96683,0
0.96686,0.9668200000000001,0.9668399999999999,0
0.96686,0.9668100000000001,0.96685,0
0.96685,0.9668100000000001,0.96686,0
0.9668399999999999,0.9668200000000001,0.96686,0
0.96683,0.9668200000000001,0.9668700000000001,0
0.9668200000000001,0.96683,0.9668700000000001,0
0.9668100000000001,0.9668399999999999,0.96686,0
0.9668100000000001,0.96685,0.96686,0
0.9668100000000001,0.96686,0.96685,0
0.9668200000000001,0.9668700000000001,0.9668399999999999,0
0.96683,0.9668700000000001,0.96683,0
0.9668399999999999,0.9668700000000001,0.9668200000000001,0
0.96685,0.96686,0.9668100000000001,0
0.96686,0.96685,0.9668100000000001,0
0.96686,0.9668399999999999,0.9668200000000001,0
0.9668700000000001,0.96683,0.9668200000000001,0
0.9668700000000001,0.9668200000000001,0.96683,0
0.96686,0.9668100000000001,0.9668399999999999,0
0.96686,0.9668100000000001,0.96685,0
0.96685,0.9668100000000001,0.96686,0
0.9668399999999999,0.9668200000000001,0.9668700000000001,0
0.96683,0.96683,0.9668700000000001,0
0.9668200000000001,0.9668399999999999,0.9668700000000001,0
0.9668100000000001,0.96685,0.96686,0
0.9668100000000001,0.96686,0.96685,0
0.9668100000000001,0.96686,0.9668399999999999,0
0.9668200000000001,0.9668700000000001,0.96683,0
0.96683,0.9668700000000001,0.9668200000000001,0
0.9668399999999999,0.96686,0.9668200000000001,0
0.96685,0.96686,0.9668100000000001,0
0.96686,0.96685,0.9668100000000001,0
0.9668700000000001,0.9668399999999999,0.9668200000000001,0
0.9668700000000001,0.96683,0.96683,0
0.9668700000000001,0.9668200000000001,0.9668399999999999,0
0.96686,0.9668100000000001,0.96685,0
0.96685,0.9668100000000001,0.96686,0
0.9668399999999999,0.9668100000000001,0.96686,0
0.96683,0.9668200000000001,0.9668700000000001,0
0.9668200000000001,0.96683,0.9668700000000001,0
0.9668200000000001,0.9668399999999999,0.96686,0
0.9668100000000001,0.96685,0.96686,0
0.9668100000000001,0.96686,0.96685,0
0.9668200000000001,0.9668700000000001,0.9668399999999999,0
0.9668200000000001,0.9668700000000001,0.96683,0
0.96683,0.9668700000000001,0.9668200000000001,0
0.96685,0.96686,0.9668100000000001,0
0.96685,0.96685,0.9668100000000001,0
0.96686,0.9668399999999999,0.9668100000000001,0
0.9668700000000001,0.96683,0.9668200000000001,0
0.9668700000000001,0.9668200000000001,0.96683,0
0.96686,0.9668200000000001,0.9668399999999999,0
0.96686,0.9668100000000001,0.96685,0
0.96685,0.9668100000000001,0.96686,0
0.9668399999999999,0.9668200000000001,0.96686,0
0.96683,0.9668200000000001,0.9668700000000001,0
0.9668200000000001,0.96683,0.9668700000000001,0
0.9668100000000001,0.9668399999999999,0.96686,0
0.9668100000000001,0.96685,0.96686,0
0.9668100000000001,0.96686,0.96685,0
0.9668200000000001,0.9668700000000001,0.9668399999999999,0
0.96683,0.9668700000000001,0.96683,0
0.9668399999999999,0.9668700000000001,0.9668200000000001,0
0.96685,0.96686,0.9668100000000001,0
0.96686,0.96685,0.9668100000000001,0
0.96686,0.9668399999999999,0.9668200000000001,0
0.9668700000000001,0.96683,0.9668200000000001,0
0.9668700000000001,0.9668200000000001,0.96683,0
0.96686,0.9668100000000001,0.9668399999999999,0
0.96686,0.9668100000000001,0.96685,0
0.96685,0.9668100000000001,0.96686,0
0.9668399999999999,0.9668200000000001,0.9668700000000001,0
0.96683,0.96683,0.9668700000000001,0
0.9668200000000001,0.9668399999999999,0.9668700000000001,0
0.9668100000000001,0.96685,0.96686,0
0.9668100000000001,0.96686,0.96685,0
0.9668100000000001,0.96686,0.9668399999999999,0
0.9668200000000001,0.9668700000000001,0.96683,0
0.96683,0.9668700000000001,0.9668200000000001,0
0.9668399999999999,0.96686,0.9668200000000001,0
0.96685,0.96686,0.9668100000000001,0
0.96686,0.96685,0.9668100000000001,0
0.9668700000000001,0.9668399999999999,0.9668200000000001,0
0.9668700000000001,0.96683,0.96683,0
0.9668700000000001,0.9668200000000001,0.9668399999999999,0
0.96686,0.9668100000000001,0.96685,0
0.96685,0.9668100000000001,0.96686,0
0.9668399999999999,0.9668100000000001,0.96686,0
0.96683,0.9668200000000001,0.9668700000000001,0
0.9668200000000001,0.96683,0.9668700000000001,0
0.9668200000000001,0.9668399999999999,0.96686,0
0.9668100000000001,0.96685,0.96686,0
0.9668100000000001,0.96686,0.96685,0
0.9668200000000001,0.9668700000000001,0.9668399999999999,0
0.9668200000000001,0.9668700000000001,0.96683,0
0.96683,0.9668700000000001,0.9668200000000001,0
0.96685,0.96686,0.9668100000000001,0
0.96686,0.96685,0.9668100000000001,0
0.96686,0.9668399999999999,0.9668100000000001,0
0.9668700000000001,0.96683,0.9668200000000001,0
0.9668700000000001,0.9668200000000001,0.96683,0
0.96686,0.9668200000000001,0.9668399999999999,0
0.96686,0.9668100000000001,0.96685,0
0.96685,0.9668100000000001,0.96686,0
0.9668399999999999,0.9668200000000001,0.96686,0
0.96683,0.9668200000000001,0.9668700000000001,0
0.9668200000000001,0.96683,0.9668700000000001,0
0.9668100000000001,0.9668399999999999,0.96686,0
0.9668100000000001,0.96685,0.96686,0
0.9668100000000001,0.96686,0.96685,0
0.9668200000000001,0.9668700000000001,0.9668399999999999,0
0.96683,0.9668700000000001,0.96683,0
0.9668399999999999,0.9668700000000001,0.9668200000000001,0
0.96685,0.96686,0.9668100000000001,0
0.96686,0.96685,0.9668100000000001,0
0.96686,0.9668399999999999,0.9668200000000001,0
0.9668700000000001,0.96683,0.9668200000000001,0
0.9668700000000001,0.9668200000000001,0.96683,0
0.96686,0.9668200000000001,0.9668399999999999,0
0.96686,0.9668100000000001,0.96685,0
0.96685,0.9668100000000001,0.96686,0
0.9668399999999999,0.9668200000000001,0.9668700000000001,0
0.96683,0.96683,0.9668700000000001,0
0.9668200000000001,0.9668399999999999,0.9668700000000001,0
0.9668100000000001,0.96685,0.96686,0
0.9668100000000001,0.96686,0.96685,0
0.9668200000000001,0.96686,0.9668399999999999,0
0.9668200000000001,0.9668700000000001,0.96683,0
0.96683,0.9668700000000001,0.9668200000000001,0
0.9668399999999999,0.96686,0.9668200000000001,0
0.96685,0.96686,0.9668100000000001,0
0.96686,0.96685,0.9668100000000001,0
0.9668700000000001,0.9668399999999999,0.9668200000000001,0
0.9668700000000001,0.96683,0.96683,0
0.9668700000000001,0.9668200000000001,0.9668399999999999,0
0.96686,0.9668100000000001,0.96685,0
0.96685,0.9668100000000001,0.96686,0
0.9668399999999999,0.9668100000000001,0.96686,0
0.96683,0.9668200000000001,0.9668700000000001,0
0.9668200000000001,0.96683,0.9668700000000001,0
0.9668200000000001,0.9668399999999999,0.96686,0
0.9668100000000001,0.96685,0.96686,0
0.9668100000000001,0.96686,0.96685,0
0.9668200000000001,0.9668700000000001,0.9668399999999999,0
0.96683,0.9668700000000001,0.96683,0
0.9668399999999999,0.9668700000000001,0.9668200000000001,0
0.96685,0.96686,0.9668100000000001,0
0.96686,0.96685,0.9668100000000001,0
0.96686,0.9668399999999999,0.9668100000000001,0
0.9668700000000001,0.96683,0.9668200000000001,0
0.9668700000000001,0.9668200000000001,0.96683,0
0.9668700000000001,0.9668200000000001,0.9668399999999999,0
0.96686,0.9668100000000001,0.96685,0
0.96685,0.9668100000000001,0.96686,0
0.9668399999999999,0.9668200000000001,0.9668700000000001,0
0.96683,0.9668200000000001,0.9668700000000001,0
0.9668200000000001,0.96683,0.9668700000000001,0
0.9668100000000001,0.9668399999999999,0.96686,0
0.9668100000000001,0.96685,0.96686,0
0.9668100000000001,0.96686,0.96685,0
0.9668200000000001,0.9668700000000001,0.9668399999999999,0
0.96683,0.9668700000000001,0.96683,0
0.9668399999999999,0.9668700000000001,0.9668200000000001,0
0.96685,0.96686,0.9668100000000001,0
0.96686,0.96685,0.9668100000000001,0
0.96686,0.9668399999999999,0.9668200000000001,0
0.9668700000000001,0.96683,0.9668200000000001,0
0.9668700000000001,0.9668200000000001,0.96683,0
0.96686,0.9668200000000001,0.9668399999999999,0
0.96686,0.9668100000000001,0.96685,0
0.96685,0.9668100000000001,0.96686,0
0.9668399999999999,0.9668200000000001,0.9668700000000001,0
0.96683,0.96683,0.9668700000000001,0
0.9668200000000001,0.9668399999999999,0.9668700000000001,0
0.9668100000000001,0.96685,0.96686,0
0.9668100000000001,0.96686,0.96685,0
0.9668200000000001,0.96686,0.9668399999999999,0
0.9668200000000001,0.9668700000000001,0.96683,0
0.96683,0.9668700000000001,0.9668200000000001,0
0.9668399999999999,0.96686,0.9668200000000001,0
0.96685,0.96686,0.9668100000000001,0
0.96686,0.96685,0.9668100000000001,0
0.9668700000000001,0.9668399999999999,0.9668200000000001,0
0.9668700000000001,0.96683,0.96683,0
0.9668700000000001,0.9668200000000001,0.9668399999999999,0
0.96686,0.9668100000000001,0.96685,0
0.96685,0.9668100000000001,0.96686,0
0.9668399999999999,0.9668100000000001,0.96686,0
0.96683,0.9668200000000001,0.9668700000000001,0
0.9668200000000001,0.96683,0.9668700000000001,0
0.9668200000000001,0.9668399999999999,0.96686,0
0.9668100000000001,0.96685,0.96686,0
0.9668100000000001,0.96686,0.96685,0
0.9668200000000001,0.9668700000000001,0.9668399999999999,0
0.96683,0.9668700000000001,0.96683,0
0.9668399999999999,0.9668700000000001,0.9668200000000001,0
0.96685,0.96686,0.9668100000000001,0
0.96686,0.96685,0.9668100000000001,0
0.96686,0.9668399999999999,0.9668100000000001,0
0.9668700000000001,0.96683,0.9668200000000001,0
0.9668700000000001,0.9668200000000001,0.96683,0
0.9668700000000001,0.9668200000000001,0.9668399999999999,0
0.96686,0.9668100000000001,0.96685,0
0.96685,0.9668100000000001,0.96686,0
0.9668399999999999,0.9668200000000001,0.9668700000000001,0
0.96683,0.9668200000000001,0.9668700000000001,0
0.9668200000000001,0.96683,0.9668700000000001,0
0.9668100000000001,0.9668399999999999,0.96686,0
0.9668100000000001,0.96685,0.96686,0
0.9668100000000001,0.96686,0.96685,0
0.9668200000000001,0.9668700000000001,0.9668399999999999,0
0.96683,0.9668700000000001,0.96683,0
0.9668399999999999,0.9668700000000001,0.9668200000000001,0
0.96685,0.96686,0.9668100000000001,0
0.96686,0.96685,0.9668100000000001,0
0.96686,0.9668399999999999,0.9668200000000001,0
0.9668700000000001,0.96683,0.9668200000000001,0
0.9668700000000001,0.9668200000000001,0.96683,0
0.96686,0.9668200000000001,0.9668399999999999,0
0.96686,0.9668100000000001,0.96685,0
0.96685,0.9668100000000001,0.96686,0
0.9668399999999999,0.9668200000000001,0.9668700000000001,0
0.96683,0.96683,0.9668700000000001,0
0.9668200000000001,0.9668399999999999,0.9668700000000001,0
0.9668100000000001,0.96685,0.96686,0
0.9668100000000001,0.96686,0.96685,0
0.9668200000000001,0.96686,0.9668399999999999,0
0.9668200000000001,0.9668700000000001,0.96683,0
0.96683,0.9668700000000001,0.9668200000000001,0
0.9668399999999999,0.96686,0.9668200000000001,0
0.96685,0.96686,0.9668100000000001,0
0.96686,0.96685,0.9668100000000001,0
0.9668700000000001,0.9668399999999999,0.9668200000000001,0
0.9668700000000001,0.96683,0.96683,0
0.9668700000000001,0.9668200000000001,0.9668399999999999,0
0.96686,0.9668100000000001,0.96685,0
0.96685,0.9668100000000001,0.96686,0
0.9668399999999999,0.9668100000000001,0.96686,0
0.96683,0.9668200000000001,0.9668700000000001,0
0.9668200000000001,0.96683,0.9668700000000001,0
0.9668200000000001,0.9668399999999999,0.96686,0
0.9668100000000001,0.96685,0.96686,0
0.9668100000000001,0.96686,0.96685,0
0.9668200000000001,0.9668700000000001,0.9668399999999999,0
0.96683,0.9668700000000001,0.96683,0
0.9668399999999999,0.9668700000000001,0.9668200000000001,0
0.96685,0.96686,0.9668100000000001,0
0.96686,0.96685,0.9668100000000001,0
0.96686,0.9668399999999999,0.9668100000000001,0
0.9668700000000001,0.96683,0.9668200000000001,0
0.9668700000000001,0.9668200000000001,0.96683,0
0.9668700000000001,0.9668200000000001,0.9668399999999999,0
0.96686,0.9668100000000001,0.96685,0
0.96685,0.9668100000000001,0.96686,0
0.9668399999999999,0.9668200000000001,0.9668700000000001,0
0.96683,0.9668200000000001,0.9668700000000001,0
0.9668200000000001,0.96683,0.9668700000000001,0
0.9668100000000001,0.9668399999999999,0.96686,0
0.9668100000000001,0.96685,0.96686,0
0.9668100000000001,0.96686,0.96685,0
0.9668200000000001,0.9668700000000001,0.9668399999999999,0
0.96683,0.9668700000000001,0.96683,0
0.9668399999999999,0.9668700000000001,0.9668200000000001,0
0.96685,0.96686,0.9668100000000001,0
0.96686,0.96685,0.9668100000000001,0
0.96686,0.9668399999999999,0.9668200000000001,0
0.9668700000000001,0.96683,0.9668200000000001,0
0.9668700000000001,0.9668200000000001,0.96683,0
0.96686,0.9668200000000001,0.9668399999999999,0
0.96686,0.9668100000000001,0.96685,0
0.96685,0.9668100000000001,0.96686,0
0.9668399999999999,0.9668200000000001,0.9668700000000001,0
0.96683,0.96683,0.9668700000000001,0
0.9668200000000001,0.9668399999999999,0.9668700000000001,0
0.9668100000000001,0.96685,0.96686,0
0.9668100000000001,0.96686,0.96685,0
0.9668200000000001,0.96686,0.9668399999999999,0
0.9668200000000001,0.9668700000000001,0.96683,0
0.96683,0.9668700000000001,0.9668200000000001,0
0.9668399999999999,0.96686,0.9668200000000001,0
0.96685,0.96686,0.9668100000000001,0
0.96686,0.96685,0.9668100000000001,0
0.9668700000000001,0.9668399999999999,0.9668200000000001,0
0.9668700000000001,0.96683,0.96683,0
0.9668700000000001,0.9668200000000001,0.9668399999999999,0
0.96686,0.9668100000000001,0.96685,0
0.96685,0.9668100000000001,0.96686,0
0.9668399999999999,0.9668200000000001,0.96686,0
0.96683,0.9668200000000001,0.9668700000000001,0
0.9668200000000001,0.96683,0.9668700000000001,0
0.9668200000000001,0.9668399999999999,0.96686,0
0.9668100000000001,0.96685,0.96686,0
0.9668100000000001,0.96686,0.96685,0
0.9668200000000001,0.9668700000000001,0.9668399999999999,0
0.96683,0.9668700000000001,0.96683,0
0.9668399999999999,0.9668700000000001,0.9668200000000001,0
0.96685,0.96686,0.9668100000000001,0
0.96686,0.96685,0.9668100000000001,0
0.96686,0.9668399999999999,0.9668100000000001,0
0.9668700000000001,0.96683,0.9668200000000001,0
0.9668700000000001,0.9668200000000001,0.96683,0
0.9668700000000001,0.9668200000000001,0.9668399999999999,0
0.96686,0.9668100000000001,0.96685,0
0.96685,0.9668100000000001,0.96686,0
0.9668399999999999,0.9668200000000001,0.9668700000000001,0
0.96683,0.9668200000000001,0.9668700000000001,0
0.9668200000000001,0.96683,0.9668700000000001,0
0.9668100000000001,0.96685,0.96686,0
0.9668100000000001,0.96685,0.96686,0
0.9668100000000001,0.96686,0.96685,0
0.9668200000000001,0.9668700000000001,0.9668399999999999,0
0.96683,0.9668700000000001,0.96683,0
0.9668399999999999,0.9668700000000001,0.9668200000000001,0
0.96685,0.96686,0.9668100000000001,0
0.96686,0.96685,0.9668100000000001,0
0.9668700000000001,0.9668399999999999,0.9668200000000001,0
0.9668700000000001,0.96683,0.9668200000000001,0
0.9668700000000001,0.9668200000000001,0.96683,0
0.96686,0.9668200000000001,0.9668399999999999,0
0.96686,0.9668100000000001,0.96685,0
0.96685,0.9668100000000001,0.96686,0
0.9668399999999999,0.9668200000000001,0.9668700000000001,0
0.96683,0.96683,0.9668700000000001,0
0.9668200000000001,0.9668399999999999,0.9668700000000001,0
0.9668100000000001,0.96685,0.96686,0
0.9668100000000001,0.96686,0.96685,0
0.9668200000000001,0.96686,0.9668399999999999,0
0.9668200000000001,0.9668700000000001,0.96683,0
0.96683,0.9668700000000001,0.9668200000000001,0
0.9668399999999999,0.96686,0.9668200000000001,0
0.96685,0.96686,0.9668100000000001,0
0.96686,0.96685,0.9668100000000001,0
0.9668700000000001,0.9668399999999999,0.9668200000000001,0
0.9668700000000001,0.96683,0.96683,0
0.9668700000000001,0.9668200000000001,0.9668399999999999,0
0.96686,0.9668100000000001,0.96685,0
0.96685,0.9668100000000001,0.96686,0
0.9668399999999999,0.9668200000000001,0.96686,0
0.96683,0.9668200000000001,0.9668700000000001,0
0.9668200000000001,0.96683,0.9668700000000001,0
0.9668200000000001,0.9668399999999999,0.96686,0
0.9668100000000001,0.96685,0.96686,0
0.9668100000000001,0.96686,0.96685,0
0.9668200000000001,0.9668700000000001,0.9668399999999999,0
0.96683,0.9668700000000001,0.96683,0
0.9668399999999999,0.9668700000000001,0.9668200000000001,0
0.96685,0.96686,0.9668100000000001,0
0.96686,0.96685,0.9668100000000001,0
0.96686,0.9668399999999999,0.9668100000000001,0
0.9668700000000001,0.96683,0.9668200000000001,0
0.9668700000000001,0.9668200000000001,0.96683,0
0.9668700000000001,0.9668200000000001,0.9668399999999999,0
0.96686,0.9668100000000001,0.96685,0
0.96685,0.9668100000000001,0.96686,0
0.9668399999999999,0.9668200000000001,0.9668700000000001,0
0.96683,0.9668200000000001,0.9668700000000001,0
0.9668200000000001,0.96683,0.9668700000000001,0
0.9668100000000001,0.96685,0.96686,0
0.9668100000000001,0.96685,0.96686,0
0.9668100000000001,0.96686,0.96685,0
0.9668200000000001,0.9668700000000001,0.9668399999999999,0
0.96683,0.9668700000000001,0.96683,0
0.9668399999999999,0.9668700000000001,0.9668200000000001,0
0.96685,0.96686,0.9668100000000001,0
0.96686,0.96685,0.9668100000000001,0
0.9668700000000001,0.9668399999999999,0.9668200000000001,0
0.9668700000000001,0.96683,0.9668200000000001,0
0.9668700000000001,0.9668200000000001,0.96683,0
0.96686,0.9668200000000001,0.9668399999999999,0
0.96686,0.9668100000000001,0.96685,0
0.96685,0.9668100000000001,0.96686,0
0.9668399999999999,0.9668200000000001,0.9668700000000001,0
0.96683,0.96683,0.9668700000000001,0
0.9668200000000001,0.9668399999999999,0.9668700000000001,0
0.9668100000000001,0.96685,0.96686,0
0.9668100000000001,0.96686,0.96685,0
0.9668200000000001,0.96686,0.9668399999999999,0
0.9668200000000001,0.9668700000000001,0.96683,0
0.96683,0.9668700000000001,0.9668200000000001,0
0.9668399999999999,0.96686,0.9668200000000001,0
0.96685,0.96686,0.9668100000000001,0
0.96686,0.96685,0.9668100000000001,0
0.9668700000000001,0.9668399999999999,0.9668200000000001,0
0.9668700000000001,0.96683,0.96683,0
0.9668700000000001,0.9668200000000001,0.9668399999999999,0
0.96686,0.9668100000000001,0.96685,0
0.96685,0.9668100000000001,0.96686,0
0.9668399999999999,0.9668200000000001,0.96686,0
0.96683,0.9668200000000001,0.9668700000000001,0
0.9668200000000001,0.96683,0.9668700000000001,0
0.9668200000000001,0.9668399999999999,0.96686,0
0.9668100000000001,0.96685,0.96686,0
0.9668100000000001,0.96686,0.96685,0
0.9668200000000001,0.9668700000000001,0.9668399999999999,0
0.96683,0.9668700000000001,0.96683,0
0.9668399999999999,0.9668700000000001,0.9668200000000001,0
0.96685,0.96686,0.9668100000000001,0
0.96686,0.96685,0.9668100000000001,0
0.96686,0.9668399999999999,0.9668100000000001,0
0.9668700000000001,0.96683,0.9668200000000001,0
0.9668700000000001,0.9668200000000001,0.96683,0
0.9668700000000001,0.9668200000000001,0.9668399999999999,0
0.96686,0.9668100000000001,0.96685,0
0.96685,0.9668100000000001,0.96686,0
0.9668399999999999,0.9668200000000001,0.9668700000000001,0
0.96683,0.9668200000000001,0.9668700000000001,0
0.9668200000000001,0.96683,0.9668700000000001,0
0.9668100000000001,0.96685,0.96686,0
0.9668100000000001,0.96686,0.96686,0
0.9668100000000001,0.96686,0.96685,0
0.9668200000000001,0.9668700000000001,0.9668399999999999,0
0.96683,0.9668700000000001,0.96683,0
0.9668399999999999,0.9668700000000001,0.9668200000000001,0
0.96685,0.96686,0.9668100000000001,0
0.96686,0.96685,0.9668100000000001,0
0.9668700000000001,0.9668399999999999,0.9668200000000001,0
0.9668700000000001,0.96683,0.9668200000000001,0
0.9668700000000001,0.9668200000000001,0.96683,0
0.96686,0.9668200000000001,0.9668399999999999,0
0.96686,0.9668100000000001,0.96685,0
0.96685,0.9668100000000001,0.96686,0
0.9668399999999999,0.9668200000000001,0.9668700000000001,0
0.96683,0.96683,0.9668700000000001,0
0.9668200000000001,0.9668399999999999,0.9668700000000001,0
0.9668100000000001,0.96685,0.96686,0
0.9668100000000001,0.96686,0.96685,0
0.9668200000000001,0.96686,0.9668399999999999,0
0.9668200000000001,0.9668700000000001,0.96683,0
0.96683,0.9668700000000001,0.9668200000000001,0
0.9668399999999999,0.96686,0.9668200000000001,0
0.96685,0.96686,0.9668100000000001,0
0.96686,0.96685,0.9668100000000001,0
0.9668700000000001,0.9668399999999999,0.9668200000000001,0
0.9668700000000001,0.96683,0.96683,0
0.9668700000000001,0.9668200000000001,0.9668399999999999,0
0.96686,0.9668100000000001,0.96685,0
0.96685,0.9668100000000001,0.96686,0
0.9668399999999999,0.9668200000000001,0.96686,0
0.96683,0.9668200000000001,0.9668700000000001,0
0.9668200000000001,0.96683,0.9668700000000001,0
0.9668200000000001,0.9668399999999999,0.96686,0
0.9668100000000001,0.96685,0.96686,0
0.9668100000000001,0.96686,0.96685,0
0.9668200000000001,0.9668700000000001,0.9668399999999999,0
0.96683,0.9668700000000001,0.96683,0
0.9668399999999999,0.9668700000000001,0.9668200000000001,0
0.96685,0.96686,0.9668100000000001,0
0.96686,0.96685,0.9668100000000001,0
0.96686,0.9668399999999999,0.9668100000000001,0
0.9668700000000001,0.96683,0.9668200000000001,0
0.9668700000000001,0.9668200000000001,0.96683,0
0.9668700000000001,0.9668200000000001,0.9668399999999999,0
0.96686,0.9668100000000001,0.96685,0
0.96685,0.9668100000000001,0.96686,0
0.9668399999999999,0.9668200000000001,0.9668700000000001,0
0.96683,0.9668200000000001,0.9668700000000001,0
0.9668200000000001,0.96683,0.9668700000000001,0
0.9668100000000001,0.96685,0.96686,0
0.9668100000000001,0.96686,0.96686,0
0.9668100000000001,0.96686,0.96685,0
0.9668200000000001,0.9668700000000001,0.9668399999999999,0
0.96683,0.9668700000000001,0.96683,0
0.9668399999999999,0.9668700000000001,0.9668200000000001,0
0.96685,0.96686,0.9668100000000001,0
0.96686,0.96685,0.9668100000000001,0
0.9668700000000001,0.9668399999999999,0.9668200000000001,0
0.9668700000000001,0.96683,0.9668200000000001,0
0.9668700000000001,0.9668200000000001,0.96683,0
0.96686,0.9668200000000001,0.9668399999999999,0
0.96686,0.9668100000000001,0.96685,0
0.96685,0.9668100000000001,0.96686,0
0.9668399999999999,0.9668200000000001,0.9668700000000001,0
0.96683,0.96683,0.9668700000000001,0
0.9668200000000001,0.9668399999999999,0.9668700000000001,0
0.9668100000000001,0.96685,0.96686,0
0.9668100000000001,0.96686,0.96685,0
0.9668200000000001,0.96686,0.9668399999999999,0
0.9668200000000001,0.9668700000000001,0.96683,0
0.96683,0.9668700000000001,0.9668200000000001,0
0.9668399999999999,0.96686,0.9668200000000001,0
0.96685,0.96686,0.9668100000000001,0
0.96686,0.96685,0.9668100000000001,0
0.9668700000000001,0.9668399999999999,0.9668200000000001,0
0.9668700000000001,0.96683,0.96683,0
0.9668700000000001,0.9668200000000001,0.9668399999999999,0
0.96686,0.9668100000000001,0.96685,0
0.96685,0.9668100000000001,0.96686,0
0.9668399999999999,0.9668200000000001,0.96686,0
0.96683,0.9668200000000001,0.9668700000000001,0
0.9668200000000001,0.96683,0.9668700000000001,0
0.9668200000000001,0.9668399999999999,0.96686,0
0.9668100000000001,0.96685,0.96686,0
0.9668100000000001,0.96686,0.96685,0
0.9668200000000001,0.9668700000000001,0.9668399999999999,0
0.96683,0.9668700000000001,0.96683,0
0.9668399999999999,0.9668700000000001,0.9668200000000001,0
0.96685,0.96686,0.9668100000000001,0
0.96686,0.96685,0.9668100000000001,0
0.96686,0.9668399999999999,0.9668100000000001,0
0.9668700000000001,0.96683,0.9668200000000001,0
0.9668700000000001,0.9668200000000001,0.96683,0
0.9668700000000001,0.9668200000000001,0.9668399999999999,0
0.96686,0.9668100000000001,0.96685,0
0.96685,0.9668100000000001,0.96686,0
0.9668399999999999,0.9668200000000001,0.9668700000000001,0
0.96683,0.9668200000000001,0.9668700000000001,0
0.9668200000000001,0.96683,0.9668700000000001,0
0.9668100000000001,0.96685,0.96686,0
0.9668100000000001,0.96686,0.96686,0
0.9668100000000001,0.96686,0.96685,0
0.9668200000000001,0.9668700000000001,0.9668399999999999,0
0.96683,0.9668700000000001,0.96683,0
0.9668399999999999,0.9668700000000001,0.9668200000000001,0
0.96685,0.96686,0.9668100000000001,0
0.96686,0.96685,0.9668100000000001,0
0.9668700000000001,0.9668399999999999,0.9668200000000001,0
0.9668700000000001,0.96683,0.9668200000000001,0
0.9668700000000001,0.9668200000000001,0.96683,0
0.96686,0.9668100000000001,0.9668399999999999,0
0.96686,0.9668100000000001,0.96685,0
0.96685,0.9668100000000001,0.96686,0
0.9668399999999999,0.9668200000000001,0.9668700000000001,0
0.96683,0.96683,0.9668700000000001,0
0.9668200000000001,0.9668399999999999,0.9668700000000001,0
0.9668100000000001,0.96685,0.96686,0
0.9668100000000001,0.96686,0.96685,0
0.9668200000000001,0.96686,0.9668399999999999,0
0.9668200000000001,0.9668700000000001,0.96683,0
0.96683,0.9668700000000001,0.9668200000000001,0
0.9668399999999999,0.96686,0.9668200000000001,0
0.96685,0.96686,0.9668100000000001,0
0.96686,0.96685,0.9668100000000001,0
0.9668700000000001,0.9668399999999999,0.9668200000000001,0
0.9668700000000001,0.96683,0.96683,0
0.9668700000000001,0.9668200000000001,0.9668399999999999,0
0.96686,0.9668100000000001,0.96685,0
0.96685,0.9668100000000001,0.96686,0
0.9668399999999999,0.9668200000000001,0.96686,0
0.96683,0.9668200000000001,0.9668700000000001,0
0.9668200000000001,0.96683,0.9668700000000001,0
0.9668200000000001,0.9668399999999999,0.96686,0
0.9668100000000001,0.96685,0.96686,0
0.9668100000000001,0.96686,0.96685,0
0.9668200000000001,0.9668700000000001,0.9668399999999999,0
0.96683,0.9668700000000001,0.96683,0
0.9668399999999999,0.9668700000000001,0.9668200000000001,0
0.96685,0.96686,0.9668100000000001,0
0.96686,0.96685,0.9668100000000001,0
0.96686,0.9668399999999999,0.9668100000000001,0
0.9668700000000001,0.96683,0.9668200000000001,0
0.9668700000000001,0.9668200000000001,0.96683,0
0.96686,0.9668200000000001,0.9668399999999999,0
0.96686,0.9668100000000001,0.96685,0
0.96685,0.9668100000000001,0.96686,0
0.9668399999999999,0.9668200000000001,0.9668700000000001,0
0.96683,0.9668200000000001,0.9668700000000001,0
0.9668200000000001,0.96683,0.9668700000000001,0
0.9668100000000001,0.96685,0.96686,0
0.9668100000000001,0.96685,0.96685,0
0.9668100000000001,0.96686,0.96685,0
0.9668200000000001,0.9668700000000001,0.96683,0
0.96683,0.9668700000000001,0.9668200000000001,0
0.9668399999999999,0.9668700000000001,0.9668200000000001,0
0.96685,0.96686,0.9668100000000001,0
0.96686,0.96685,0.9668100000000001,0
0.96686,0.9668399999999999,0.9668200000000001,0
0.9668700000000001,0.96683,0.9668200000000001,0
0.9668700000000001,0.9668200000000001,0.96683,0
0.96686,0.9668100000000001,0.9668399999999999,0
0.96686,0.9668100000000001,0.96685,0
0.96685,0.9668100000000001,0.96686,0
0.9668399999999999,0.9668200000000001,0.9668700000000001,0
0.96683,0.96683,0.9668700000000001,0
0.9668200000000001,0.9668399999999999,0.9668700000000001,0
0.9668100000000001,0.96685,0.96686,0
0.9668100000000001,0.96686,0.96685,0
0.9668200000000001,0.96686,0.9668399999999999,0
0.9668200000000001,0.9668700000000001,0.96683,0
0.96683,0.9668700000000001,0.9668200000000001,0
0.9668399999999999,0.96686,0.9668200000000001,0
0.96685,0.96686,0.9668100000000001,0
0.96686,0.96685,0.9668100000000001,0
0.9668700000000001,0.9668399999999999,0.9668200000000001,0
0.9668700000000001,0.96683,0.96683,0
0.9668700000000001,0.9668200000000001,0.9668399999999999,0
0.96686,0.9668100000000001,0.96685,0
0.96685,0.9668100000000001,0.96686,0
0.9668399999999999,0.9668100000000001,0.96686,0
0.96683,0.9668200000000001,0.9668700000000001,0
0.9668200000000001,0.96683,0.9668700000000001,0
0.9668200000000001,0.9668399999999999,0.96686,0
0.9668100000000001,0.96685,0.96686,0
0.9668100000000001,0.96686,0.96685,0
0.9668200000000001,0.9668700000000001,0.9668399999999999,0
0.96683,0.9668700000000001,0.96683,0
0.9668399999999999,0.9668700000000001,0.9668200000000001,0
0.96685,0.96686,0.9668100000000001,0
0.96686,0.96685,0.9668100000000001,0
0.96686,0.9668399999999999,0.9668100000000001,0
0.9668700000000001,0.96683,0.9668200000000001,0
0.9668700000000001,0.9668200000000001,0.96683,0
0.96686,0.9668200000000001,0.9668399999999999,0
0.96686,0.9668100000000001,0.96685,0
0.96685,0.9668100000000001,0.96686,0
0.9668399999999999,0.9668200000000001,0.9668700000000001,0
0.96683,0.9668200000000001,0.9668700000000001,0
0.9668200000000001,0.96683,0.9668700000000001,0
0.9668100000000001,0.96685,0.96686,0
0.9668100000000001,0.96685,0.96685,0
0.9668100000000001,0.96686,0.96685,0
0.9668200000000001,0.9668700000000001,0.96683,0
0.96683,0.9668700000000001,0.9668200000000001,0
0.9668399999999999,0.9668700000000001,0.9668200000000001,0
0.96685,0.96686,0.9668100000000001,0
0.96686,0.96685,0.9668100000000001,0
0.96686,0.9668399999999999,0.9668200000000001,0
0.9668700000000001,0.96683,0.9668200000000001,0
0.9668700000000001,0.9668200000000001,0.96683,0
0.96686,0.9668100000000001,0.9668399999999999,0
0.96686,0.9668100000000001,0.96685,0
0.96685,0.9668100000000001,0.96686,0
0.9668399999999999,0.9668200000000001,0.9668700000000001,0
0.96683,0.96683,0.9668700000000001,0
0.9668200000000001,0.9668399999999999,0.9668700000000001,0
0.9668100000000001,0.96685,0.96686,0
0.9668100000000001,0.96686,0.96685,0
0.9668200000000001,0.96686,0.9668399999999999,0
0.9668200000000001,0.9668700000000001,0.96683,0
0.96683,0.9668700000000001,0.9668200000000001,0
0.9668399999999999,0.96686,0.9668100000000001,0
0.96685,0.96686,0.9668100000000001,0
0.96686,0.96685,0.9668100000000001,0
0.9668700000000001,0.9668399999999999,0.9668200000000001,0
0.9668700000000001,0.96683,0.96683,0
0.9668700000000001,0.9668200000000001,0.9668399999999999,0
0.96686,0.9668100000000001,0.96685,0
0.96685,0.9668100000000001,0.96686,0
0.9668399999999999,0.9668100000000001,0.96686,0
0.96683,0.9668200000000001,0.9668700000000001,0
0.9668200000000001,0.96683,0.9668700000000001,0
0.9668200000000001,0.9668399999999999,0.96686,0
0.9668100000000001,0.96685,0.96686,0
0.9668100000000001,0.96686,0.96685,0
0.9668200000000001,0.9668700000000001,0.9668399999999999,0
0.96683,0.9668700000000001,0.96683,0
0.9668399999999999,0.9668700000000001,0.9668200000000001,0
0.96685,0.96686,0.9668100000000001,0
0.96686,0.96685,0.9668100000000001,0
0.96686,0.9668399999999999,0.9668100000000001,0
0.9668700000000001,0.96683,0.9668200000000001,0
0.9668700000000001,0.9668200000000001,0.96683,0
0.96686,0.9668200000000001,0.9668399999999999,0
0.96686,0.9668100000000001,0.96685,0
0.96685,0.9668100000000001,0.96686,0
0.9668399999999999,0.9668200000000001,0.9668700000000001,0
0.96683,0.9668200000000001,0.9668700000000001,0
0.9668200000000001,0.96683,0.9668700000000001,0
0.9668100000000001,0.96685,0.96686,0
0.9668100000000001,0.96685,0.96685,0
0.9668100000000001,0.96686,0.9668399999999999,0
0.9668200000000001,0.9668700000000001,0.96683,0
0.96683,0.9668700000000001,0.9668200000000001,0
0.9668399999999999,0.96686,0.9668200000000001,0
0.96685,0.96686,0.9668100000000001,0
0.96686,0.96685,0.9668100000000001,0
0.96686,0.9668399999999999,0.9668200000000001,0
0.9668700000000001,0.96683,0.9668200000000001,0
0.9668700000000001,0.9668200000000001,0.96683,0
0.96686,0.9668100000000001,0.9668399999999999,0
0.96686,0.9668100000000001,0.96685,0
0.96685,0.9668100000000001,0.96686,0
0.9668399999999999,0.9668200000000001,0.9668700000000001,0
0.96683,0.96683,0.9668700000000001,0
0.9668200000000001,0.9668399999999999,0.9668700000000001,0
0.9668100000000001,0.96685,0.96686,0
0.9668100000000001,0.96686,0.96685,0
0.9668200000000001,0.96686,0.9668399999999999,0
0.9668200000000001,0.9668700000000001,0.96683,0
0.96683,0.9668700000000001,0.9668200000000001,0
0.9668399999999999,0.96686,0.9668100000000001,0
0.96685,0.96686,0.9668100000000001,0
0.96686,0.96685,0.9668100000000001,0
0.9668700000000001,0.9668399999999999,0.9668200000000001,0
0.9668700000000001,0.96683,0.96683,0
0.9668700000000001,0.9668200000000001,0.9668399999999999,0
0.96686,0.9668100000000001,0.96685,0
0.96685,0.9668100000000001,0.96686,0
0.9668399999999999,0.9668100000000001,0.96686,0
0.96683,0.9668200000000001,0.9668700000000001,0
0.9668200000000001,0.96683,0.9668700000000001,0
0.9668200000000001,0.9668399999999999,0.96686,0
0.9668100000000001,0.96685,0.96686,0
0.9668100000000001,0.96686,0.96685,0
0.9668200000000001,0.9668700000000001,0.9668399999999999,0
0.96683,0.9668700000000001,0.96683,0
0.9668399999999999,0.9668700000000001,0.9668200000000001,0
0.96685,0.96686,0.9668100000000001,0
0.96686,0.96685,0.9668100000000001,0
0.96686,0.9668399999999999,0.9668100000000001,0
0.9668700000000001,0.96683,0.9668200000000001,0
0.9668700000000001,0.9668200000000001,0.96683,0
0.96686,0.9668200000000001,0.9668399999999999,0
0.96686,0.9668100000000001,0.96685,0
0.96685,0.9668100000000001,0.96686,0
0.9668399999999999,0.9668200000000001,0.9668700000000001,0
0.96683,0.9668200000000001,0.9668700000000001,0
0.9668200000000001,0.96683,0.9668700000000001,0
0.9668100000000001,0.96685,0.96686,0
0.9668100000000001,0.96685,0.96685,0
0.9668100000000001,0.96686,0.9668399999999999,0
0.9668200000000001,0.9668700000000001,0.96683,0
0.96683,0.9668700000000001,0.9668200000000001,0
0.9668399999999999,0.96686,0.9668200000000001,0
0.96685,0.96686,0.9668100000000001,0
0.96686,0.96685,0.9668100000000001,0
0.96686,0.9668399999999999,0.9668200000000001,0
0.9668700000000001,0.96683,0.9668200000000001,0
0.9668700000000001,0.9668200000000001,0.96683,0
0.96686,0.9668100000000001,0.9668399999999999,0
0.96686,0.9668100000000001,0.96685,0
0.96685,0.9668100000000001,0.96686,0
0.9668399999999999,0.9668200000000001,0.9668700000000001,0
0.96683,0.96683,0.9668700000000001,0
0.9668200000000001,0.9668399999999999,0.9668700000000001,0
0.9668100000000001,0.96685,0.96686,0
0.9668100000000001,0.96686,0.96685,0
0.9668200000000001,0.96686,0.9668399999999999,0
0.9668200000000001,0.9668700000000001,0.96683,0
0.96683,0.9668700000000001,0.9668200000000001,0
0.9668399999999999,0.96686,0.9668100000000001,0
0.96685,0.96686,0.9668100000000001,0
0.96686,0.96685,0.9668100000000001,0
0.9668700000000001,0.9668399999999999,0.9668200000000001,0
0.9668700000000001,0.96683,0.96683,0
0.9668700000000001,0.9668200000000001,0.9668399999999999,0
0.96686,0.9668100000000001,0.96685,0
0.96685,0.9668100000000001,0.96686,0
0.9668399999999999,0.9668100000000001,0.96686,0
0.96683,0.9668200000000001,0.9668700000000001,0
0.9668200000000001,0.96683,0.9668700000000001,0
0.9668200000000001,0.9668399999999999,0.96686,0
0.9668100000000001,0.96685,0.96686,0
0.9668100000000001,0.96686,0.96685,0
0.9668200000000001,0.9668700000000001,0.9668399999999999,0
0.96683,0.9668700000000001,0.96683,0
0.9668399999999999,0.9668700000000001,0.9668200000000001,0
0.96685,0.96686,0.9668100000000001,0
0.96686,0.96685,0.9668100000000001,0
0.96686,0.9668399999999999,0.9668100000000001,0
0.9668700000000001,0.96683,0.9668200000000001,0
0.9668700000000001,0.9668200000000001,0.96683,0
0.96686,0.9668200000000001,0.9668399999999999,0
0.96686,0.9668100000000001,0.96685,0
0.96685,0.9668100000000001,0.96686,0
0.9668399999999999,0.9668200000000001,0.96686,0
0.96683,0.9668200000000001,0.9668700000000001,0
0.9668200000000001,0.96683,0.9668700000000001,0
0.9668100000000001,0.9668399999999999,0.96686,0
0.9668100000000001,0.96685,0.96685,0
0.9668100000000001,0.96686,0.9668399999999999,0
0.9668200000000001,0.9668700000000001,0.96683,0
0.96683,0.9668700000000001,0.9668200000000001,0
0.9668399999999999,0.96686,0.9668200000000001,0
0.96685,0.96686,0.9668100000000001,0
0.96686,0.96685,0.9668100000000001,0
0.96686,0.9668399999999999,0.9668200000000001,0
0.9668700000000001,0.96683,0.9668200000000001,0
0.9668700000000001,0.9668200000000001,0.96683,0
0.96686,0.9668100000000001,0.9668399999999999,0
0.96685,0.9668100000000001,0.96685,0
0.96685,0.9668100000000001,0.96686,0
0.96683,0.9668200000000001,0.9668700000000001,0
0.9668200000000001,0.96683,0.9668700000000001,0
0.9668200000000001,0.9668399999999999,0.96686,0
0.9668100000000001,0.96685,0.96686,0
0.9668100000000001,0.96686,0.96685,0
0.9668200000000001,0.96686,0.9668399999999999,0
0.9668200000000001,0.9668700000000001,0.96683,0
0.96683,0.9668700000000001,0.9668200000000001,0
0.9668399999999999,0.96686,0.9668100000000001,0
0.96685,0.96686,0.9668100000000001,0
0.96686,0.96685,0.9668100000000001,0
0.9668700000000001,0.9668399999999999,0.9668200000000001,0
0.9668700000000001,0.96683,0.96683,0
0.9668700000000001,0.9668200000000001,0.9668399999999999,0
0.96686,0.9668100000000001,0.96685,0
0.96685,0.9668100000000001,0.96686,0
0.9668399999999999,0.9668100000000001,0.96686,0
0.96683,0.9668200000000001,0.9668700000000001,0
0.9668200000000001,0.96683,0.9668700000000001,0
0.9668100000000001,0.9668399999999999,0.96686,0
0.9668100000000001,0.96685,0.96686,0
0.9668100000000001,0.96686,0.96685,0
0.9668200000000001,0.9668700000000001,0.9668399999999999,0
0.96683,0.9668700000000001,0.96683,0
0.9668399999999999,0.9668700000000001,0.9668200000000001,0
0.96685,0.96686,0.9668100000000001,0
0.96686,0.96685,0.9668100000000001,0
0.96686,0.9668399999999999,0.9668100000000001,0
0.9668700000000001,0.96683,0.9668200000000001,0
0.9668700000000001,0.9668200000000001,0.96683,0
0.96686,0.9668200000000001,0.9668399999999999,0
0.96686,0.9668100000000001,0.96685,0
0.96685,0.9668100000000001,0.96686,0
0.9668399999999999,0.9668200000000001,0.96686,0
0.96683,0.9668200000000001,0.9668700000000001,0
0.9668200000000001,0.96683,0.9668700000000001,0
0.9668100000000001,0.9668399999999999,0.96686,0
0.9668100000000001,0.96685,0.96685,0
0.9668100000000001,0.96686,0.9668399999999999,0
0.9668200000000001,0.9668700000000001,0.96683,0
0.96683,0.9668700000000001,0.9668200000000001,0
0.9668399999999999,0.96686,0.9668200000000001,0
0.96685,0.96686,0.9668100000000001,0
0.96686,0.96685,0.9668100000000001,0
0.96686,0.9668399999999999,0.9668200000000001,0
0.9668700000000001,0.96683,0.9668200000000001,0
0.9668700000000001,0.9668200000000001,0.96683,0
0.96686,0.9668100000000001,0.9668399999999999,0
0.96685,0.9668100000000001,0.96685,0
0.96685,0.9668100000000001,0.96686,0
0.96683,0.9668200000000001,0.9668700000000001,0
0.9668200000000001,0.96683,0.9668700000000001,0
0.9668200000000001,0.9668399999999999,0.96686,0
0.9668100000000001,0.96685,0.96686,0
0.9668100000000001,0.96686,0.96685,0
0.9668100000000001,0.96686,0.9668399999999999,0
0.9668200000000001,0.9668700000000001,0.96683,0
0.96683,0.9668700000000001,0.9668200000000001,0
0.9668399999999999,0.96686,0.9668100000000001,0
0.96685,0.96686,0.9668100000000001,0
0.96686,0.96685,0.9668100000000001,0
0.9668700000000001,0.9668399999999999,0.9668200000000001,0
0.9668700000000001,0.96683,0.96683,0
0.9668700000000001,0.9668200000000001,0.9668399999999999,0
0.96686,0.9668100000000001,0.96685,0
0.96685,0.9668100000000001,0.96686,0
0.9668399999999999,0.9668100000000001,0.96686,0
0.96683,0.9668200000000001,0.9668700000000001,0
0.9668200000000001,0.96683,0.9668700000000001,0
0.9668100000000001,0.9668399999999999,0.96686,0
